image_id,encoded_mask
Birman_109,15318 39 15813 46 16310 51 16807 55 17167 6 17304 59 17665 12 17802 62 18164 17 18299 67 18663 20 18797 70 19163 22 19295 73 19662 25 19792 78 20162 27 20289 83 20662 29 20786 87 21162 31 21283 92 21662 33 21781 95 22162 35 22278 99 22662 37 22776 103 23162 39 23274 107 23662 42 23772 110 24162 44 24270 114 24662 46 24767 120 25162 49 25264 125 25662 51 25762 131 26162 54 26259 136 26662 57 26756 142 27163 60 27252 149 27663 63 27747 157 28163 70 28237 170 28663 247 29163 250 29663 253 30164 255 30664 257 31164 261 31664 264 32164 267 32665 268 33165 271 33665 274 34165 278 34665 282 35166 287 35666 292 36167 295 36667 298 37167 302 37667 306 38167 310 38668 313 39168 317 39668 322 40168 326 40669 328 41169 329 41499 2 41669 332 42170 331 42670 331 43170 331 43670 331 44171 330 44671 330 45171 330 45671 330 46171 330 46672 329 47172 329 47672 329 48172 329 48672 329 49172 329 49672 329 50172 329 50672 329 51172 329 51672 329 52172 329 52672 329 53172 329 53671 330 54171 330 54670 331 55169 332 55668 333 56167 334 56665 336 57164 337 57663 338 58162 339 58661 340 59160 341 59659 342 60159 342 60658 343 61158 343 61657 344 62157 344 62656 345 63156 345 63656 345 64156 345 64655 346 65155 346 65655 346 66154 347 66654 347 67154 347 67654 347 68153 348 68653 348 69153 348 69652 349 70152 349 70652 349 71151 350 71651 350 72150 351 72650 351 73149 352 73649 352 74148 353 74648 353 75147 354 75647 354 76146 355 76646 355 77146 355 77645 356 78145 356 78645 356 79145 356 79644 357 80144 357 80644 357 81144 357 81644 357 82143 358 82643 358 83143 358 83642 359 84142 359 84642 359 85141 360 85641 360 86141 360 86640 361 87140 361 87640 361 88139 362 88639 362 89139 362 89638 363 90138 363 90638 363 91137 364 91637 364 92136 365 92636 365 93136 365 93636 365 94135 366 94635 366 95135 366 95635 366 96135 366 96635 366 97135 366 97635 366 98135 366 98636 365 99136 365 99635 366 100135 366 100635 366 101135 366 101635 366 102135 366 102635 366 103135 366 103634 367 104134 367 104634 367 105134 367 105634 367 106134 367 106634 367 107134 367 107634 367 108134 367 108634 367 109135 366 109635 366 110135 366 110635 366 111136 365 111636 365 112136 365 112636 365 113136 365 113636 365 114136 365 114637 364 115137 364 115637 364 116137 364 116637 364 117137 364 117637 364 118137 364 118637 364 119137 364 119637 364 120137 364 120637 364 121137 364 121637 364 122137 364 122637 364 123137 364 123637 364 124137 364 124637 364 125137 364 125636 365 126136 365 126636 365 127136 365 127636 365 128136 365 128635 366 129135 366 129635 366 130134 367 130634 367 131133 368 131633 368 132133 368 132632 369 133132 369 133631 370 134131 370 134630 371 135130 371 135629 372 136129 372 136629 372 137128 373 137628 373 138127 374 138627 374 139126 375 139626 375 140126 375 140625 376 141125 376 141624 377 142124 377 142623 378 143123 378 143623 378 144122 379 144622 379 145121 380 145621 380 146121 380 146620 381 147120 381 147619 32 147665 336 148119 26 148170 331 148618 24 148674 327 149118 20 149176 325 149618 17 149678 323 150117 16 150180 321 150617 14 150681 320 151117 11 151182 319 151617 8 151682 319 152117 6 152183 318 152683 318 153183 318 153684 317 154184 317 154684 317 155184 317 155685 316 156186 315 156686 315 157187 314 157687 314 158188 313 158688 313 159189 312 159690 311 160190 311 160691 310 161191 310 161692 309 162192 309 162693 308 163193 308 163694 307 164195 306 164695 306 165196 305 165697 304 166197 304 166697 304 167198 303 167698 303 168198 303 168699 302 169199 302 169699 302 170200 301 170700 300 171200 300 171701 299 172201 298 172701 298 173201 298 173702 297 174202 296 174703 295 175204 294 175707 290 176209 288 176711 285 177218 277
english_setter_103,9996 5 10492 9 10990 11 11488 13 11986 15 12484 17 12983 18 13481 20 13980 21 14479 22 14977 24 15476 25 15974 27 16473 28 16971 30 17470 31 17968 33 18467 34 18965 36 19463 38 19961 40 20460 41 20958 43 21456 45 21955 46 22453 48 22951 50 23449 52 23947 54 24261 26 24445 56 24751 40 24943 58 25242 52 25441 60 25734 63 25939 62 26228 71 26437 64 26724 76 26935 66 27220 82 27433 68 27717 87 27932 69 28213 92 28430 71 28710 97 28928 73 29207 101 29427 74 29704 106 29925 76 30200 112 30424 77 30696 118 30923 78 31192 124 31421 80 31688 131 31920 81 32183 139 32419 82 32680 148 32918 83 33177 157 33416 85 33676 162 33915 86 34175 165 34413 88 34675 166 34912 89 35174 168 35410 91 35674 169 35908 93 36173 171 36406 95 36673 172 36903 98 37173 173 37401 100 37672 176 37896 105 38172 177 38393 108 38671 180 38889 112 39171 182 39386 115 39670 186 39881 120 40170 191 40377 124 40669 198 40871 130 41169 332 41668 333 42167 334 42666 335 43164 337 43663 338 44162 339 44660 341 45158 343 45657 344 46155 346 46653 348 47151 350 47648 353 48146 355 48644 357 49142 359 49640 361 50138 363 50636 365 51134 367 51632 369 52131 370 52629 372 53127 374 53625 376 54124 377 54622 379 55120 381 55619 382 56117 384 56616 385 57115 386 57614 387 58112 389 58611 390 59110 391 59609 392 60108 393 60607 394 61107 394 61606 395 62105 396 62604 260 62873 128 63103 259 63376 125 63603 258 63879 122 64102 257 64382 119 64601 257 64884 117 65101 256 65387 114 65600 257 65890 111 66100 256 66392 109 66599 257 66894 107 67099 257 67396 105 67598 258 67897 104 68098 258 68399 102 68597 259 68900 101 69097 259 69401 100 69596 260 69902 99 70096 260 70402 99 70595 261 70903 98 71095 261 71404 97 71595 261 71905 96 72095 262 72406 95 72594 263 72906 95 73094 263 73407 94 73594 264 73908 93 74094 264 74409 92 74593 266 74910 91 75093 266 75410 91 75593 267 75911 90 76093 267 76412 89 76593 268 76913 88 77093 269 77413 88 77593 269 77914 87 78092 271 78415 86 78592 271 78916 85 79092 271 79416 85 79592 271 79917 84 80092 271 80417 84 80592 271 80918 83 81092 271 81418 83 81592 271 81919 82 82092 271 82419 82 82592 271 82919 82 83092 270 83420 81 83592 270 83920 81 84092 270 84420 81 84592 270 84920 81 85092 269 85420 81 85592 269 85920 81 86092 269 86420 81 86592 269 86920 81 87092 268 87420 81 87592 268 87920 81 88091 269 88420 81 88591 269 88920 81 89091 269 89421 80 89591 269 89921 80 90091 269 90421 80 90591 269 90921 80 91091 269 91422 79 91591 269 91922 79 92091 269 92423 78 92591 269 92923 78 93091 269 93423 78 93591 269 93924 77 94091 269 94424 77 94591 269 94924 77 95091 269 95425 76 95592 267 95925 76 96092 267 96426 75 96592 267 96926 75 97092 267 97427 74 97592 267 97927 74 98092 266 98427 74 98592 266 98928 73 99092 266 99428 73 99593 265 99929 72 100093 265 100429 72 100593 264 100929 72 101093 264 101429 72 101594 263 101930 71 102094 263 102430 71 102595 263 102930 71 103095 263 103431 70 103595 263 103931 70 104096 262 104431 70 104596 262 104931 70 105097 261 105431 70 105597 262 105930 71 106098 261 106430 71 106598 261 106929 72 107098 261 107429 72 107599 260 107928 73 108099 260 108427 74 108599 260 108926 75 109100 258 109424 77 109600 258 109921 80 110101 257 110418 83 110601 257 110914 87 111101 257 111409 92 111602 255 111905 96 112103 254 112400 101 112603 254 112897 104 113104 253 113395 106 113604 253 113893 108 114105 252 114391 110 114606 251 114888 113 115107 250 115386 115 115607 251 115884 117 116108 250 116381 120 116609 250 116876 125 117110 252 117366 135 117611 390 118112 389 118613 388 119115 386 119616 385 120117 384 120618 383 121119 382 121621 380 122122 379 122623 378 123125 376 123626 375 124127 374 124629 372 125130 371 125631 370 126132 369 126634 367 127135 366 127637 364 128138 363 128639 362 129141 360 129642 359 130144 357 130645 356 131147 354 131648 353 132150 351 132651 350 133153 348 133654 347 134155 346 134656 345 135157 344 135658 343 136159 342 136660 341 137160 341 137661 340 138161 340 138662 339 139162 339 139663 338 140163 338 140664 337 141164 337 141665 336 142165 336 142666 335 143167 334 143668 333 144169 195 144386 115 144670 189 144892 109 145171 185 145398 103 145673 180 145904 97 146175 177 146409 92 146676 175 146914 87 147178 172 147418 83 147681 169 147921 80 148183 166 148424 77 148685 163 148927 74 149188 160 149429 72 149690 157 149931 70 150193 153 150433 68 150696 150 150935 66 151199 147 151437 64 151702 143 151939 62 152206 138 152442 59 152710 133 152945 56 153216 126 153448 19 153491 10 153725 114 154232 103 154737 94 155242 85 155746 76 156251 56 156755 45 157260 35 157765 26 158274 9
great_pyrenees_138,14794 5 15018 7 15242 8 15466 10 15691 11 15915 13 16140 14 16364 15 16588 17 16813 17 17037 19 17262 19 17486 21 17710 23 17935 24 18159 26 18383 28 18608 29 18832 31 19057 32 19281 33 19506 34 19730 35 19955 35 20179 36 20404 37 20629 37 20853 38 21078 38 21303 39 21528 39 21752 40 21977 40 22202 41 22427 41 22652 41 22877 42 23101 43 23326 44 23551 44 23715 6 23776 45 23937 15 24000 46 24160 21 24225 47 24383 27 24450 48 24606 33 24674 49 24829 39 24899 50 25051 44 25123 51 25258 12 25272 50 25348 52 25480 69 25572 53 25702 73 25797 54 25925 76 26021 55 26148 79 26245 56 26371 82 26470 57 26593 86 26694 58 26816 90 26918 59 27037 95 27141 62 27261 99 27362 66 27484 169 27709 169 27933 170 28158 171 28383 171 28608 171 28833 171 29058 171 29283 171 29508 172 29733 172 29958 172 30183 172 30408 172 30633 172 30859 171 31084 171 31310 170 31535 170 31760 170 31986 169 32211 169 32436 169 32662 168 32887 168 33113 167 33338 167 33563 167 33789 166 34014 166 34239 166 34465 165 34690 165 34915 165 35140 165 35365 165 35590 165 35815 165 36041 164 36266 164 36491 164 36716 164 36942 163 37167 163 37393 162 37618 162 37843 162 38069 161 38295 160 38520 160 38746 158 38972 157 39198 156 39423 156 39649 154 39875 153 40100 153 40326 152 40552 151 40777 151 41002 151 41228 150 41453 149 41679 148 41904 148 42129 148 42354 148 42579 148 42805 147 43030 147 43255 147 43480 147 43705 147 43930 146 44156 145 44381 145 44606 145 44832 144 45058 143 45284 142 45511 140 45742 134 45970 131 46196 130 46422 129 46648 128 46874 127 47100 126 47325 126 47551 125 47776 125 48001 125 48227 124 48452 124 48677 124 48903 123 49128 123 49354 122 49579 122 49804 122 50030 121 50255 121 50481 120 50706 120 50932 119 51157 119 51382 119 51608 118 51833 117 52059 116 52284 116 52509 116 52735 115 52960 115 53185 115 53411 114 53636 114 53862 113 54088 112 54313 112 54539 111 54764 111 54990 110 55216 109 55442 108 55668 107 55894 106 56120 106 56346 105 56572 104 56797 104 57023 103 57248 103 57474 102 57699 102 57924 102 58150 102 58375 102 58601 101 58826 101 59052 100 59278 99 59504 98 59730 96 59957 94 60185 91 60422 79 60649 77 60876 75 61102 74 61329 72 61555 71 61782 69 62008 67 62235 65 62461 64 62687 62 62914 59 63141 56 63367 55 63595 51 63822 48 64048 47 64275 44 64502 41 64731 36 64960 32 65188 28 65415 25 65642 22 65869 18 66096 14 66323 10 66551 4
pomeranian_19,35504 34 35855 43 36206 51 36524 18 36556 58 36861 110 37206 123 37556 131 37907 137 38258 145 38609 151 38958 162 39309 172 39661 178 40013 183 40365 188 40718 191 41070 195 41422 199 41773 204 42127 205 42481 207 42835 207 43189 208 43543 208 43897 209 44251 209 44605 209 44959 210 45313 210 45667 210 46021 211 46375 211 46729 211 47083 212 47437 212 47791 212 48145 212 48499 212 48853 213 49207 213 49561 213 49915 213 50269 213 50623 213 50977 214 51331 214 51685 214 52039 214 52393 214 52748 213 53103 212 53458 211 53813 210 54168 209 54523 208 54877 209 55232 208 55586 208 55940 208 56295 207 56649 207 57003 207 57357 207 57712 206 58066 206 58420 206 58774 207 59128 207 59483 206 59837 206 60191 206 60545 206 60899 206 61253 207 61607 207 61962 206 62316 206 62670 206 63024 206 63378 206 63732 206 64087 205 64441 205 64795 206 65149 206 65503 206 65858 205 66212 205 66566 205 66920 205 67274 205 67628 205 67983 204 68337 204 68691 204 69045 204 69399 205 69754 204 70108 204 70462 204 70816 204 71171 203 71525 204 71879 204 72234 203 72588 203 72942 203 73297 202 73651 202 74006 201 74360 201 74714 202 75069 201 75423 201 75777 201 76131 201 76486 200 76840 200 77194 200 77548 200 77903 199 78257 199 78611 199 78965 199 79319 200 79673 200 80028 199 80382 199 80736 199 81090 200 81444 200 81798 200 82152 200 82506 200 82860 200 83214 201 83568 201 83922 201 84276 201 84630 201 84984 201 85338 201 85691 202 86045 202 86399 202 86753 202 87106 203 87460 203 87814 204 88168 204 88522 204 88876 204 89230 204 89584 204 89939 203 90293 203 90647 203 91002 202 91356 202 91710 202 92065 201 92419 202 92774 201 93128 201 93482 201 93837 200 94191 200 94545 200 94900 199 95254 199 95608 199 95962 199 96317 198 96671 198 97025 197 97379 197 97734 196 98088 196 98442 196 98796 196 99151 195 99505 194 99859 194 100213 194 100567 194 100921 194 101275 193 101629 193 101983 193 102337 193 102691 193 103045 193 103398 193 103752 193 104106 193 104460 193 104814 192 105167 193 105521 192 105875 192 106229 191 106582 192 106936 191 107290 191 107644 190 107998 190 108351 190 108705 190 109059 189 109413 189 109766 189 110120 189 110474 188 110828 187 111182 187 111535 187 111889 186 112243 186 112597 185 112951 184 113305 183 113659 182 114013 181 114367 180 114721 179 115075 178 115429 177 115783 175 116138 173 116492 170 116847 164 117203 149 117559 46 117620 80 117916 37 117980 69 118280 23 118337 63 118694 57 119052 49 119412 41 119777 24 120139 10
scottish_terrier_89,7690 12 8057 21 8416 36 8770 57 9138 63 9508 67 9878 71 10248 75 10619 77 10989 81 11358 86 11729 88 12100 91 12472 92 12843 94 13214 96 13586 98 13958 99 14329 101 14701 102 15073 103 15445 103 15816 105 16188 106 16559 107 16931 108 17303 108 17675 109 18046 110 18418 111 18790 111 19162 112 19534 112 19906 112 20278 112 20650 105 20758 4 21023 102 21396 70 21471 21 21769 65 21846 17 22142 16 22167 38 22226 4 22515 11 22543 33 22888 8 22927 18 23264 2 23303 9 27195 6 27533 5 27543 32 27891 58 28259 63 28628 66 28997 69 29367 71 29738 72 30110 72 30483 70 30856 69 31229 67 31602 64 31766 9 31975 60 32134 18 32348 51 32479 17 32504 22 32722 45 32850 50 33096 38 33215 3 33221 53 33472 4 33586 60 33958 61 34331 60 34704 34 34741 21 35078 30 35117 17 35452 4 35461 14 35494 10 35836 6 40878 34 41239 49 41601 61 41964 73 42318 93 42677 108 43022 136 43384 148 43754 152 44126 153 44498 155 44871 155 45243 157 45616 158 45989 158 46362 159 46734 161 47107 161 47480 162 47853 163 48226 163 48599 164 48972 164 49345 165 49718 165 50091 166 50464 166 50837 166 51210 167 51583 167 51956 167 52329 168 52702 168 53075 168 53448 168 53821 169 54194 169 54567 169 54940 170 55313 170 55686 170 56059 171 56432 172 56805 172 57178 172 57551 173 57924 174 58298 173 58671 174 59044 175 59417 175 59790 176 60163 176 60536 177 60910 176 61283 177 61656 177 62029 177 62402 178 62775 179 63149 178 63522 179 63895 179 64268 180 64641 180 65014 181 65388 180 65761 181 66134 181 66507 181 66880 182 67253 182 67627 181 68000 182 68373 182 68746 182 69119 182 69493 181 69866 181 70239 182 70613 181 70986 181 71359 181 71733 180 72106 180 72479 180 72853 179 73226 180 73599 180 73973 179 74346 179 74720 178 75093 179 75466 179 75839 179 76213 179 76586 179 76959 179 77333 179 77706 179 78079 180 78348 8 78453 179 78718 13 78826 180 79090 15 79200 179 79463 16 79573 180 79836 16 79946 180 80209 15 80319 181 80583 13 80693 181 80957 12 81066 182 81333 7 81439 182 81812 183 82186 183 82559 183 82932 184 83305 185 83678 185 84051 186 84424 187 84797 187 85170 188 85543 188 85915 190 86288 190 86661 190 87033 192 87322 21 87406 192 87688 40 87779 193 88058 49 88115 7 88151 195 88430 68 88523 196 88803 70 88895 198 89176 72 89266 200 89549 75 89638 201 89922 78 90008 205 90295 291 90669 291 91042 291 91416 290 91789 290 92163 290 92537 289 92911 288 93285 287 93659 287 94033 286 94407 285 94781 284 95155 283 95529 282 95903 281 96277 281 96651 280 97025 279 97399 278 97773 277 98148 275 98522 274 98897 272 99272 270 99646 269 100020 268 100395 266 100768 266 101142 265 101516 264 101889 264 102263 264 102636 264 103010 263 103383 263 103756 263 104130 262 104503 262 104877 261 105250 262 105624 261 105997 261 106371 260 106744 260 107117 260 107491 259 107864 259 108237 259 108611 258 108984 259 109357 259 109731 258 110104 258 110477 258 110850 258 111223 258 111596 259 111969 259 112342 259 112715 259 113088 259 113461 259 113833 260 114206 260 114579 261 114951 262 115324 262 115697 262 116069 263 116442 263 116814 264 117186 265 117559 265 117931 266 118303 267 118675 268 119046 270 119418 271 119790 272 120161 274 120533 275 120905 276 121277 277 121650 277 122022 278 122394 279 122766 280 123139 280 123510 282 123882 283 124254 284 124626 285 124998 286 125370 287 125741 289 126112 291 126482 294 126853 296 127224 298 127595 300 127966 302 128338 302 128710 303 129082 304 129454 305 129827 305 130199 306 130572 305 130946 304 131319 303 131693 302 132066 302 132440 300 132814 299 133189 296 133563 294 133938 292 134312 121 134447 155 134687 115 134824 150 135063 109 135199 147 135438 83 135526 16 135574 145 135814 60 135905 7 135948 143 136190 55 136323 140 136569 47 136697 138 136953 34 137072 135 137337 21 137447 132 137715 14 137822 130 138092 8 138197 127 138571 126 138947 122 139321 120 139695 119 140070 116 140444 115 140819 113 141194 110 141569 108 141943 107 142319 103 142693 102 143069 99 143444 97 143820 94 144197 90 144575 84 144953 79 145329 76 145705 74 146080 72 146456 69 146831 67 147206 65 147581 63 147956 61 148332 58 148706 57 149081 56 149456 54 149831 52 150206 50 150582 47 150958 44 151333 42 151708 40 152084 37 152458 36 152832 35 153207 33 153581 32 153955 31 154329 30 154703 29 155077 28 155451 27 155825 26 156199 24 156573 23 156946 23 157320 22 157694 20 158068 19 158441 19 158815 17 159189 16 159563 14 159936 14 160310 12 160684 11 161058 9 161432 7 161806 4
Persian_141,16624 5 17014 15 17405 20 17793 28 18178 39 18565 48 18956 53 19349 56 19743 58 20137 60 20532 61 20926 63 21321 64 21715 66 22110 67 22504 69 22898 71 23292 73 23686 75 24080 77 24473 80 24866 83 25258 87 25649 92 26038 99 26429 104 26822 107 27216 109 27611 110 28006 111 28402 111 28797 112 29193 112 29588 113 29983 114 30379 114 30774 115 31169 116 31564 117 31959 118 32354 119 32749 120 33144 121 33539 122 33934 123 34329 124 34724 125 35119 126 35513 128 35908 129 36303 130 36697 132 37091 134 37483 138 37875 142 38270 143 38665 144 39059 146 39454 147 39849 148 40244 149 40640 149 41036 149 41431 150 41827 150 42222 151 42605 4 42617 152 43000 6 43012 153 43395 7 43407 154 43791 8 43802 155 44186 167 44581 168 44977 168 45372 169 45767 170 46162 171 46558 171 46953 172 47348 173 47743 174 48136 1 48138 175 48531 178 48926 179 49320 181 49715 182 50110 183 50506 183 50902 183 51297 184 51693 184 52088 185 52483 186 52878 187 53273 188 53669 188 54064 189 54459 190 54854 191 55249 192 55645 192 56040 193 56435 194 56829 196 57224 197 57618 199 58014 199 58409 200 58804 201 59199 202 59595 202 59990 203 60386 203 60782 203 61177 204 61573 204 61969 204 62364 205 62760 205 63155 206 63551 206 63947 206 64342 207 64738 207 65133 208 65529 208 65925 208 66320 209 66716 209 67111 210 67507 210 67902 211 68298 211 68693 212 69088 213 69484 213 69879 214 70275 214 70670 215 71065 216 71461 216 71856 217 72251 218 72647 218 73042 219 73437 220 73832 221 74228 221 74623 222 75018 223 75413 224 75809 224 76204 225 76599 226 76994 227 77390 227 77785 228 78180 229 78575 230 78970 231 79365 232 79760 233 80155 234 80469 5 80550 235 80863 10 80945 236 81258 15 81340 237 81654 18 81734 239 82050 19 82129 240 82446 22 82524 241 82843 23 82919 242 83239 25 83314 243 83636 27 83708 245 84032 30 84103 246 84428 32 84496 249 84825 36 84890 251 85222 38 85284 253 85618 41 85677 256 86015 43 86071 258 86411 314 86808 313 87204 313 87601 312 87997 312 88394 311 88790 311 89186 311 89583 310 89979 310 90375 310 90771 310 91167 310 91563 310 91960 309 92356 309 92752 309 93148 309 93543 310 93939 310 94335 310 94731 310 95127 310 95523 310 95919 310 96315 310 96710 311 97106 311 97502 311 97898 311 98294 311 98690 311 99086 311 99482 311 99878 311 100274 311 100670 311 101065 312 101461 312 101857 312 102253 312 102649 312 103045 312 103441 312 103837 312 104232 313 104628 313 105024 313 105420 313 105816 313 106212 313 106608 313 107004 313 107400 313 107795 314 108191 314 108587 314 108983 314 109379 314 109774 315 110170 315 110566 315 110962 315 111357 316 111753 316 112149 316 112545 316 112941 316 113337 316 113732 317 114128 317 114524 317 114920 317 115316 317 115712 317 116108 317 116504 317 116900 317 117296 317 117692 317 118088 317 118484 317 118880 317 119276 317 119672 317 120068 317 120464 317 120859 318 121255 318 121651 318 122047 318 122443 318 122839 318 123235 318 123631 318 124026 319 124422 319 124818 319 125214 319 125610 319 126006 319 126402 319 126798 319 127193 320 127589 320 127985 320 128381 320 128777 320 129172 321 129568 321 129964 321 130360 321 130756 321 131152 321 131548 321 131944 321 132340 321 132736 321 133132 321 133528 321 133924 321 134320 321 134716 321 135112 321 135508 321 135904 321 136301 320 136697 320 137093 320 137489 320 137885 320 138281 320 138678 319 139074 319 139470 319 139866 319 140263 318 140659 318 141055 318 141451 318 141848 317 142244 317 142640 317 143036 317 143432 317 143829 316 144225 316 144621 316 145017 316 145413 316 145809 316 146205 316 146601 316 146998 315 147394 315 147790 315 148186 315 148582 315 148979 314 149375 314 149771 314 150168 313 150564 313 150961 312 151358 311 151755 310 152152 309 152549 308 152945 308 153342 307 153739 306 154136 305 154532 305 154929 304 155326 303 155723 302 156119 302 156516 301 156913 300 157309 300 157706 299 158103 298 158499 298 158896 297 159292 297 159688 297 160084 297 160480 297 160877 296 161273 296 161669 296 162065 296 162461 296 162857 296 163253 296 163649 296 164044 297 164440 297 164836 297 165232 45 165289 240 165628 40 165690 235 166024 37 166090 231 166420 34 166488 229 166815 32 166886 227 167211 30 167284 225 167607 29 167681 224 168003 27 168078 223 168399 25 168475 222 168795 22 168872 221 169191 21 169269 220 169587 19 169666 219 169983 16 170063 218 170379 14 170460 217 170776 9 170857 216 171174 3 171254 215 171651 214 172048 213 172445 212 172842 211 173240 209 173637 208 174034 207 174431 206 174829 204 175226 203 175623 202 176022 199 176419 198 176817 196 177216 193 177614 191 178012 189 178412 185 178812 181 179214 175 179614 171 180014 167 180415 162 180820 153 181220 149 181620 145 182018 143 182416 141 182814 139 183212 137 183611 134 184009 132 184406 131 184804 129 185201 128 185599 126 185996 125 186394 123 186791 122 187188 121 187585 120 187982 119 188379 118 188776 117 189173 116 189570 115 189968 113 190365 112 190763 110 191161 108 191558 107 191956 105 192354 103 192752 101 193151 98 193561 84 193963 78 194363 74 194761 71 195160 67 195562 59 195967 46 196368 38 196768 33 197167 29 197571 19 197978 5
Ragdoll_92,61 95 436 95 811 95 1186 96 1561 96 1935 98 2309 100 2683 101 3057 103 3432 103 3807 104 4181 105 4556 106 4930 107 5304 109 5679 109 6053 111 6428 111 6802 113 7177 114 7551 115 7925 117 8300 118 8674 120 9048 122 9422 123 9796 125 10171 126 10545 128 10919 129 11293 131 11668 132 12041 134 12415 136 12790 137 13164 138 13538 140 13912 142 14286 143 14660 145 15034 146 15408 148 15782 150 16156 151 16529 154 16903 156 17276 158 17639 6 17648 162 18012 174 18386 175 18760 177 19135 178 19510 178 19885 179 20260 180 20636 180 21011 181 21386 182 21761 183 22137 182 22512 183 22888 183 23263 184 23639 183 24014 184 24389 185 24764 186 25140 185 25515 186 25890 187 26265 187 26641 187 27016 188 27391 189 27766 190 28141 191 28516 191 28891 192 29266 193 29641 193 30016 194 30391 195 30766 196 31141 196 31516 197 31891 198 32266 199 32640 200 33015 201 33390 202 33766 202 34141 202 34516 203 34891 204 35266 205 35640 207 36015 208 36390 209 36765 210 37140 211 37515 212 37890 213 38264 214 38639 215 39014 216 39389 217 39763 219 40138 219 40513 220 40888 221 41263 222 41638 223 42012 224 42387 225 42762 226 43137 227 43512 228 43886 230 44261 231 44635 234 45010 235 45384 237 45759 238 46134 239 46508 241 46883 243 47257 245 47632 246 48006 248 48380 250 48755 251 49129 253 49503 255 49876 258 50251 259 50626 260 51001 261 51376 262 51751 263 52126 264 52501 265 52876 266 53251 267 53626 267 54001 268 54376 269 54751 270 55126 271 55501 272 55876 273 56251 274 56626 275 57001 276 57376 277 57751 278 58126 279 58501 280 58876 281 59251 282 59626 283 60001 284 60376 285 60751 286 61126 287 61501 289 61876 290 62251 291 62626 292 63001 293 63380 290 63759 287 64135 287 64511 288 64886 289 65260 291 65635 292 66009 294 66383 296 66757 299 67131 301 67505 303 67879 306 68252 309 68626 311 69001 312 69376 313 69751 315 70126 316 70501 317 70876 318 71251 319 71626 319 72001 321 72376 322 72751 323 73126 324 73501 325 73876 327 74251 328 74626 329 75001 330 75376 331 75751 332 76126 333 76501 334 76876 335 77251 336 77626 336 78001 337 78376 337 78751 338 79126 338 79501 339 79876 339 80251 339 80626 340 81001 340 81376 340 81751 340 82126 340 82501 340 82876 340 83251 340 83626 339 84001 339 84376 339 84751 339 85126 229 85358 107 85501 227 85733 107 85876 226 86109 106 86251 225 86484 105 86626 225 86859 105 87001 226 87234 105 87376 225 87609 105 87751 225 87984 105 88126 225 88359 105 88501 224 88734 105 88876 224 89109 105 89251 225 89483 106 89626 225 89857 107 90001 225 90231 108 90376 225 90606 109 90751 225 90980 110 91126 225 91355 110 91501 225 91729 111 91876 225 92104 112 92251 226 92478 113 92626 340 93001 340 93376 340 93751 341 94126 341 94501 341 94877 340 95254 338 95629 338 96005 337 96380 337 96756 337 97131 337 97507 336 97882 336 98258 335 98633 335 99009 334 99384 334 99760 333 100135 333 100510 333 100885 333 101261 332 101636 332 102011 332 102386 332 102761 332 103136 332 103511 332 103886 332 104261 332 104636 332 105011 332 105386 332 105761 332 106136 332 106511 332 106886 331 107261 331 107636 331 108012 330 108387 330 108762 330 109137 330 109512 329 109887 329 110262 329 110637 329 111012 329 111387 329 111762 328 112137 328 112512 328 112887 328 113262 328 113637 327 114012 327 114386 328 114761 328 115136 327 115510 328 115885 328 116260 328 116634 328 117009 328 117384 328 117759 327 118134 327 118508 328 118883 327 119258 327 119633 327 120008 327 120383 326 120758 326 121133 325 121507 326 121882 326 122257 325 122631 326 123006 325 123381 324 123756 324 124131 323 124507 321 124882 320 125258 318 125634 317 126009 316 126385 314 126761 312 127136 312 127512 310 127887 309 128263 25 128301 269 128640 8 128679 266 129018 2 129057 262 129433 261 129808 260 130183 259 130557 260 130929 262 131302 264 131675 266 132048 267 132423 267 132798 267 133173 267 133548 266 133922 267 134296 268 134669 270 135038 276 135410 278 135783 280 136157 281 136531 282 136904 284 137278 284 137652 285 138026 286 138399 288 138773 289 139146 290 139519 292 139893 293 140266 295 140640 296 141015 296 141389 296 141765 295 142139 296 142514 296 142889 296 143264 296 143639 296 144015 295 144390 295 144765 295 145140 295 145516 294 145891 294 146266 293 146642 292 147017 292 147392 292 147767 292 148143 291 148518 291 148893 291 149268 290 149644 289 150019 289 150394 289 150769 289 151144 288 151519 288 151894 288 152269 288 152644 288 153019 288 153394 287 153769 287 154144 287 154519 287 154893 288 155268 287 155643 287 156018 287 156393 287 156768 287 157143 287 157518 287 157893 286 158268 286 158643 286 159018 286 159393 286 159768 286 160143 286 160518 286 160893 286 161268 286 161643 286 162019 285 162394 284 162769 284 163145 283 163520 283 163895 283 164271 282 164646 282 165022 281 165397 281 165773 280 166148 280 166523 280 166899 279 167274 279 167649 279 168025 278 168400 278 168775 278 169151 277 169526 276 169901 276 170277 275 170652 275 171027 275 171402 275 171778 274 172153 274 172528 274 172904 273 173279 273 173654 273 174029 273 174404 273 174779 273 175154 272 175529 272 175904 272 176279 272 176654 272 177029 272 177404 272 177779 272 178154 272 178530 271 178905 271 179280 271 179655 271 180030 271 180405 271 180780 271 181155 271 181529 272 181904 272 182279 272 182654 272 183028 273 183403 273 183778 273 184152 274 184528 273 184903 273 185279 272 185655 271 186030 271 186405 271 186779 271 187153 272
chihuahua_173,10960 10 11241 16 11522 20 11803 23 12084 26 12365 28 12646 31 12927 33 13208 35 13489 37 13770 39 14051 41 14332 43 14613 45 14894 58 15175 62 15456 63 15737 64 16018 66 16299 67 16580 67 16861 68 17142 69 17423 70 17704 71 17985 72 18269 70 18552 69 18834 69 19117 69 19399 71 19681 94 19963 96 20245 97 20527 99 20809 100 21091 101 21373 102 21655 103 21937 105 22220 105 22503 104 22787 103 23070 104 23353 104 23636 106 23919 108 24202 109 24485 110 24768 113 24884 17 25052 133 25335 135 25617 138 25899 142 26180 144 26462 144 26743 146 27025 146 27306 147 27587 149 27868 150 28149 152 28430 153 28712 153 28993 153 29274 154 29555 155 29836 155 30117 155 30398 156 30679 156 30960 157 31241 157 31522 158 31803 158 32084 159 32366 158 32647 159 32928 159 33209 160 33490 161 33771 161 34052 162 34333 162 34615 162 34896 163 35177 163 35458 164 35739 164 36021 164 36302 164 36583 165 36864 165 37146 165 37427 165 37708 166 37990 165 38271 166 38553 165 38834 166 39115 166 39397 165 39678 165 39960 164 40241 164 40522 164 40804 163 41085 163 41366 162 41647 162 41929 161 42210 161 42491 161 42772 160 43053 160 43333 161 43614 161 43894 161 44174 162 44454 163 44734 164 45014 164 45294 165 45574 166 45855 165 46135 166 46415 167 46695 167 46975 168 47255 169 47535 170 47815 170 48095 171 48375 172 48655 172 48935 173 49215 174 49495 175 49775 176 50055 176 50335 177 50615 178 50896 178 51176 178 51457 178 51737 179 52018 179 52298 179 52578 180 52797 24 52859 180 53074 29 53139 181 53353 32 53419 57 53477 125 53632 35 53700 42 53744 11 53758 125 53910 39 53980 41 54028 5 54040 125 54188 42 54261 40 54310 2 54321 126 54466 46 54541 40 54603 127 54743 50 54822 39 54882 192 55102 39 55162 193 55383 38 55437 198 55663 38 55715 200 55944 37 55995 178 56184 11 56224 37 56275 169 56505 36 56555 167 56785 35 56835 166 57065 34 57115 164 57346 32 57395 163 57626 31 57675 162 57906 30 57956 159 58187 29 58236 158 58467 28 58516 101 58628 45 58747 28 58796 98 58910 43 59028 27 59077 94 59193 39 59308 26 59358 92 59475 36 59588 26 59639 90 59757 31 59869 24 59920 89 60040 22 60150 23 60201 87 60324 2 60431 20 60483 84 60712 18 60764 83 60993 15 61046 79 61274 12 61327 76 61557 5 61609 73 61890 70 62171 67 62453 62 62734 59 63015 57 63296 55 63577 54 63858 54 64138 6 64152 40 64420 2 64437 35 64722 31 65007 26 65292 23 65584 12 65816 3 65869 8 66095 5 66153 4 66374 6 66654 6 66933 7 67212 9 67492 9 67570 1 67572 6 67772 9 67850 10 68053 7 68131 11 68413 11 68694 11 68976 11 69258 10 69540 9 69822 9 70104 8 70385 9 70667 8 70949 7 71231 7 71513 6 71795 5 72077 6 72359 6 72640 7 72921 8 73203 9 73484 10 73766 18 74047 20 74328 19 74610 17 74891 16 75172 13 75454 9 75736 6
samoyed_78,22490 11 22985 16 23478 23 23969 32 24464 37 24959 42 25456 45 25951 50 26447 54 26943 58 27438 63 27933 68 28430 71 28926 75 29422 79 29919 82 30416 85 30912 89 31409 92 31906 95 32402 99 32899 102 33395 106 33889 112 34384 117 34877 124 35368 133 35862 139 36355 146 36848 153 37341 160 37835 166 38327 174 38818 183 39312 189 39808 193 40303 198 40797 204 41292 209 41788 213 42284 217 42781 220 43278 223 43775 226 44271 230 44768 233 45265 236 45762 239 46258 243 46755 246 47250 251 47735 266 48222 279 48716 285 49210 291 49702 299 50195 306 50689 312 51184 317 51679 322 52175 326 52672 329 53169 332 53667 334 54165 336 54663 338 55161 340 55659 342 56157 344 56655 346 57153 348 57651 350 58149 352 58646 355 59144 357 59641 360 60137 364 60633 368 61125 376 61618 383 62110 391 62605 396 63101 400 63597 404 64093 408 64588 413 65082 419 65577 424 66072 429 66568 433 67065 436 67562 439 68059 442 68557 444 69055 446 69553 448 70052 449 70551 450 71051 450 71550 451 72050 451 72550 451 73050 451 73550 451 74051 450 74551 450 75052 449 75552 449 76053 448 76554 447 77055 446 77556 445 78057 444 78558 443 79059 442 79560 441 80061 440 80562 439 81063 438 81563 438 82064 437 82565 436 83066 435 83567 434 84067 434 84568 433 85069 432 85570 431 86070 431 86571 430 87072 429 87572 429 88073 428 88574 427 89075 426 89576 425 90076 425 90577 424 91078 423 91579 422 92079 422 92580 421 93081 420 93581 420 94082 419 94582 419 95082 419 95582 419 96082 419 96582 419 97083 418 97583 418 98083 418 98583 418 99083 418 99583 418 100082 419 100582 419 101082 419 101582 419 102082 419 102582 419 103082 419 103582 419 104082 419 104581 420 105081 420 105581 420 106080 421 106579 422 107079 422 107578 423 108077 424 108576 425 109076 425 109575 426 110074 427 110573 428 111072 429 111571 430 112070 431 112569 432 113069 432 113568 433 114067 434 114566 435 115065 436 115564 437 116062 439 116561 440 117059 442 117558 443 118056 445 118554 447 119052 449 119550 451 120048 453 120546 455 121045 456 121544 457 122043 458 122543 458 123042 459 123542 459 124042 459 124542 459 125042 459 125542 459 126043 458 126543 458 127044 457 127545 456 128046 455 128548 453 129049 452 129551 450 130052 449 130554 447 131056 445 131558 443 132060 441 132562 439 133064 437 133566 435 134068 433 134571 430 135073 428 135575 426 136078 423 136580 421 137082 419 137584 417 138085 416 138587 414 139089 412 139591 410 140094 407 140596 405 141100 401 141603 398 142107 394 142610 391 143113 388 143615 386 144120 381 144625 376 145128 373 145631 370 146133 368 146636 365 147138 363 147640 361 148142 359 148643 358 149145 356 149647 354 150149 352 150651 350 151153 348 151655 346 152157 344 152659 342 153161 340 153663 70 153749 252 154165 61 154252 249 154668 52 154754 247 155171 43 155256 245 155673 36 155758 243 156176 28 156260 241 156679 21 156761 240 157184 11 157263 238 157765 236 158266 235 158767 234 159268 233 159770 231 160271 230 160772 229 161274 227 161775 226 162277 224 162779 222 163281 178 163476 25 163783 171 163983 18 164285 164 164487 14 164787 159 164991 10 165289 154 165792 80 165893 48 166295 70 166404 34 166798 63 166913 20 167302 55 167806 48 168311 40 168816 31 169324 19
British_Shorthair_179,53193 6 53564 12 53937 15 54310 18 54683 20 55055 24 55428 26 55801 29 56126 22 56172 33 56486 94 56852 103 57217 113 57589 116 57958 123 58330 126 58703 128 59076 130 59449 132 59823 133 60196 135 60570 136 60943 138 61317 139 61690 141 62064 142 62437 144 62810 146 63184 147 63557 149 63929 152 64302 154 64675 156 65048 158 65422 159 65796 160 66169 162 66543 163 66917 164 67291 165 67665 166 68039 167 68413 168 68787 169 69161 170 69535 171 69909 172 70283 174 70657 175 71031 176 71404 178 71778 179 72152 180 72526 181 72900 182 73274 183 73648 184 74022 185 74396 186 74770 188 75144 189 75518 190 75892 191 76267 191 76641 192 77015 193 77390 193 77764 194 78138 196 78513 196 78887 197 79262 197 79636 198 80011 198 80385 199 80760 199 81134 200 81509 200 81884 200 82258 201 82633 201 83007 202 83382 202 83756 203 84131 203 84505 204 84879 205 85254 205 85628 206 86003 206 86377 207 86752 206 87126 207 87501 207 87875 208 88250 208 88624 209 88999 209 89374 210 89748 211 90123 211 90498 211 90872 212 91247 212 91621 213 91996 213 92371 213 92746 213 93120 214 93495 214 93870 215 94244 216 94619 216 94994 216 95368 217 95743 217 96118 217 96492 218 96867 218 97242 218 97617 218 97991 219 98366 219 98741 219 99116 219 99491 220 99866 220 100241 220 100615 221 100990 221 101365 222 101740 222 102115 222 102490 222 102865 223 103240 223 103614 225 103989 225 104364 225 104739 226 105113 227 105488 228 105862 229 106237 229 106611 231 106985 232 107359 233 107733 234 108106 237 108479 239 108852 241 109223 245 109575 9 109594 249 109947 271 110318 276 110690 279 111050 294 111419 300 111789 306 112163 307 112538 308 112913 309 113288 309 113663 310 114038 311 114413 312 114788 314 115163 315 115538 316 115913 317 116287 319 116663 319 117038 320 117413 320 117788 320 118163 321 118538 321 118913 321 119288 321 119663 321 120038 321 120413 321 120788 321 121164 320 121539 320 121914 320 122289 319 122664 319 123040 317 123415 317 123790 315 124165 314 124540 311 124916 305 125291 301 125666 297 126041 294 126417 266 126792 262 127167 259 127542 257 127917 256 128292 254 128667 253 129042 252 129417 250 129792 249 130167 248 130542 245 130917 243 131292 240 131666 238 132041 237 132416 234 132791 232 133166 230 133541 228 133916 226 134291 224 134666 222 135041 221 135415 220 135790 219 136165 217 136540 216 136915 215 137290 213 137665 211 138039 211 138414 209 138789 207 139164 206 139538 205 139913 204 140288 203 140662 202 141037 200 141412 199 141786 198 142161 197 142535 197 142909 197 143284 195 143658 195 144032 195 144406 195 144780 195 145155 193 145529 192 145903 191 146277 188 146652 184 147026 179 147401 174 147776 171 148152 16 148187 133 148572 121 148955 112 149335 105 149715 99 150093 94 150471 89 150849 85 151229 77 151607 73 151986 67 152365 60 152744 55 153126 45
samoyed_198,80528 19 81011 32 81496 45 81981 61 82468 69 82956 77 83442 85 83930 89 84416 96 84903 102 85391 105 85877 112 86364 117 86851 122 87337 128 87824 133 88311 139 88799 144 89287 149 89775 158 90263 170 90752 175 91240 178 91728 181 92217 183 92706 185 93195 186 93685 186 94174 188 94664 188 95153 190 95643 191 96133 192 96622 194 97112 196 97602 197 98092 201 98582 221 99072 227 99561 233 100051 235 100541 236 101031 237 101521 237 102011 235 102501 218 102726 4 102991 210 103481 208 103970 205 104460 203 104950 201 105440 199 105930 198 106420 196 106910 194 107401 192 107891 190 108382 188 108872 187 109363 184 109854 182 110345 138 110836 136 111327 134 111817 133 112308 132 112798 131 113289 130 113779 130 114270 129 114760 129 115251 128 115742 127 116232 126 116723 125 117214 124 117709 119 118200 117 118692 115 119183 114 119674 112 120165 111 120656 110 121146 110 121636 110 122127 109 122617 108 122768 9 123108 107 123253 16 123599 106 123738 22 124089 106 124226 25 124580 104 124714 28 125071 103 125203 30 125561 103 125692 32 126052 101 126182 33 126543 100 126671 35 127034 99 127161 36 127524 99 127651 37 128015 98 128141 39 128505 97 128630 43 128996 96 129120 48 129486 96 129610 55 129977 95 130100 59 130469 92 130589 63 130960 91 131079 67 131451 90 131568 70 131942 89 132058 72 132434 87 132547 74 132926 86 133036 76 133417 85 133525 78 133908 85 134014 79 134400 83 134503 79 134891 83 134991 80 135382 83 135479 80 135874 83 135966 44 136365 130 136856 125 137348 119 137840 113 138332 109 138825 103 139317 99 139810 93 140303 86 140796 81 141289 71 141784 55 142279 28
yorkshire_terrier_107,17253 8 17748 21 18244 28 18740 35 19148 9 19238 39 19644 21 19737 41 20143 28 20235 44 20641 32 20734 47 21139 37 21232 50 21638 42 21730 53 22136 47 22229 54 22635 52 22728 56 23134 56 23227 58 23632 60 23725 61 24131 62 24224 63 24629 66 24722 65 25127 72 25221 66 25625 76 25719 68 26123 82 26214 73 26620 167 27112 174 27599 187 28095 189 28592 192 29090 194 29589 195 30088 196 30587 197 31086 198 31586 198 32085 199 32585 198 33084 199 33583 200 34083 200 34582 201 35082 201 35582 201 36082 202 36582 202 37081 203 37581 204 38081 204 38581 205 39081 205 39581 207 40081 208 40581 209 41081 209 41581 210 42081 211 42581 212 43082 213 43582 214 44082 215 44582 217 45082 218 45582 219 46082 219 46583 219 47083 219 47583 219 48083 220 48583 220 49083 220 49583 221 50083 221 50583 221 51084 220 51584 221 52084 221 52387 6 52584 221 52885 9 53084 221 53384 11 53584 221 53883 12 54084 222 54382 14 54585 221 54881 15 55085 221 55380 16 55585 221 55879 18 56085 222 56379 18 56585 222 56878 19 57085 222 57377 21 57585 222 57877 21 58085 222 58376 22 58585 222 58876 22 59085 222 59375 24 59586 221 59875 24 60086 221 60374 25 60586 221 60874 25 61086 222 61374 26 61586 222 61873 27 62086 222 62373 27 62585 224 62872 28 63085 224 63371 29 63585 226 63871 29 64085 228 64370 30 64585 229 64870 31 65085 230 65369 32 65585 230 65868 32 66085 231 66367 33 66585 232 66866 34 67084 235 67364 36 67584 237 67863 37 68084 239 68361 39 68584 241 68859 41 69084 243 69357 43 69584 246 69854 46 70084 250 70352 47 70584 256 70846 53 71084 315 71585 314 72085 313 72586 312 73086 312 73586 312 74087 311 74588 310 75089 309 75590 308 76090 308 76591 306 77091 306 77591 305 78092 304 78592 304 79092 304 79593 302 80093 302 80594 301 81094 301 81595 300 82096 299 82596 299 83097 298 83597 298 84097 298 84597 297 85097 297 85597 297 86097 297 86597 297 87096 299 87596 299 88095 300 88594 302 88946 8 89093 304 89440 20 89592 306 89936 27 90091 308 90433 31 90590 309 90931 34 91089 311 91428 38 91587 314 91925 42 92086 315 92421 47 92585 317 92904 64 93084 384 93583 385 94083 385 94582 386 95082 386 95581 387 96081 388 96580 389 97080 389 97580 389 98080 389 98580 389 99081 388 99581 388 100081 388 100581 388 101081 388 101582 387 102082 387 102583 386 103083 385 103584 384 104084 384 104584 384 105085 383 105585 383 106086 382 106587 381 107087 381 107588 380 108089 378 108589 378 109090 377 109590 377 110091 376 110592 374 111092 374 111593 373 112093 373 112593 372 113094 371 113594 371 114095 370 114595 370 115096 368 115596 368 116096 368 116597 366 117097 366 117597 366 118098 364 118598 364 119098 363 119598 363 120098 362 120598 361 121099 359 121599 358 122099 357 122600 354 123101 351 123602 349 124103 346 124605 343 125106 341 125607 338 126107 337 126608 335 127110 331 127611 329 128112 327 128613 325 129115 59 129185 252 129616 55 129688 248 130117 52 130189 246 130618 49 130690 245 131119 46 131191 243 131620 43 131692 241 132121 40 132193 240 132622 37 132693 240 133123 33 133194 238 133624 29 133694 238 134126 24 134195 236 134632 14 134695 236 135195 236 135695 235 136195 235 136695 234 137195 234 137695 234 138195 233 138695 233 139195 232 139695 232 140194 232 140694 232 141194 231 141694 231 142194 230 142694 229 143194 227 143694 226 144194 225 144694 223 145195 221 145695 219 146195 218 146695 216 147195 215 147696 212 148196 211 148696 210 149196 208 149697 206 150197 204 150697 203 151197 202 151698 200 152198 198 152698 197 153199 195 153699 194 154200 192 154700 191 155201 189 155701 188 156201 187 156701 186 157202 184 157702 183 158203 181 158704 179 159204 178 159705 176 160205 176 160706 174 161207 172 161707 171 162208 169 162709 167 163210 165 163711 163 164212 161 164714 157 165215 155 165717 151 166220 60 166334 30
Abyssinian_14,2723 27 3219 37 3715 45 4212 51 4710 54 5209 57 5708 59 6207 61 6706 64 7205 66 7705 67 8204 69 8703 72 9202 74 9700 78 10199 80 10698 83 11196 86 11695 89 12194 91 12693 93 13192 96 13691 98 14191 100 14690 102 15189 105 15689 106 16188 109 16688 110 17187 113 17686 115 18186 116 18685 119 19185 120 19684 122 20184 123 20683 125 21183 126 21682 128 22182 129 22681 131 23181 132 23680 135 24180 136 24679 138 25179 139 25678 141 26178 142 26678 144 27177 146 27677 147 28176 150 28676 151 29176 152 29676 153 30176 154 30675 157 31175 157 31675 159 32175 160 32674 161 33174 162 33674 164 34174 165 34674 166 35174 167 35673 169 36173 171 36673 172 37173 173 37673 174 38173 175 38672 177 39172 178 39672 178 40172 179 40671 181 41171 182 41671 182 42171 183 42671 184 43171 185 43670 187 44170 188 44670 190 45170 191 45670 192 46169 194 46669 195 47169 196 47669 197 48169 198 48668 200 49168 201 49668 202 50168 203 50668 204 51168 206 51668 207 52168 208 52668 210 53169 210 53669 211 54169 212 54669 213 55169 214 55669 215 56169 216 56669 216 57169 217 57669 218 58169 218 58669 219 59169 219 59669 220 60169 220 60668 222 61168 222 61668 223 62168 223 62667 224 63167 225 63667 225 64166 226 64666 227 65166 227 65665 228 66165 228 66665 229 67165 229 67665 229 68165 229 68666 228 69166 229 69667 228 70167 228 70667 228 71167 228 71668 227 72168 227 72668 227 73168 227 73669 227 74169 227 74669 227 75169 227 75669 227 76169 227 76669 227 77169 227 77669 227 78169 91 78262 134 78669 85 78769 127 79169 82 79272 124 79669 79 79775 121 80169 77 80277 119 80668 76 80779 117 81168 74 81281 115 81668 72 81783 112 82167 72 82288 107 82667 70 82794 101 83166 69 83299 96 83665 68 83804 91 84165 66 84309 85 84663 65 84815 79 85162 63 85321 73 85661 62 85827 67 86159 62 86333 61 86656 64 86838 56 87149 70 87343 51 87626 92 87846 48 88114 104 88349 45 88607 110 88851 43 89104 113 89353 41 89603 114 89854 40 90103 114 90356 38 90603 114 90856 38 91103 114 91357 37 91603 115 91858 36 92103 115 92359 34 92604 114 92859 34 93104 114 93360 32 93604 114 93860 32 94104 114 94360 31 94605 113 94861 29 95105 113 95361 28 95605 113 95861 28 96105 113 96361 27 96606 112 96862 25 97106 112 97362 25 97606 112 97862 24 98106 112 98363 22 98606 112 98863 21 99106 112 99364 19 99606 113 99864 18 100106 113 100365 16 100606 113 100866 14 101105 114 101366 13 101605 115 101867 10 102105 115 102368 7 102605 115 103105 115 103605 116 104105 116 104605 116 105105 116 105605 116 106105 116 106605 116 107105 116 107605 116 108105 116 108605 116 109105 116 109605 116 110105 116 110605 116 111104 117 111604 118 112104 118 112603 119 113102 120 113602 120 114101 122 114600 123 115099 124 115598 125 116098 125 116597 69 116691 33 117096 64 117202 22 117595 57 117709 14 118094 50 118215 6 118593 45 119092 36 119591 29 120090 25 120590 21 121089 18 121589 15 122090 10
pomeranian_129,480 9 746 1 748 8 1010 14 1272 20 1539 20 1806 19 2074 18 2342 16 2609 16 2876 16 3143 16 3410 16 3677 16 3945 15 4212 15 4479 15 4747 14 5014 14 5281 14 5549 12 5816 12 6083 12 6349 12 6615 13 6881 14 7128 2 7147 15 7392 8 7413 16 7658 10 7679 16 7923 13 7946 16 8188 41 8453 43 8719 43 8984 45 9249 47 9318 23 9475 3 9515 48 9583 30 9740 8 9752 3 9780 50 9848 32 10005 27 10042 55 10114 33 10271 92 10380 34 10537 93 10647 34 10803 93 10913 35 11068 95 11179 36 11333 97 11446 36 11600 96 11712 36 11866 97 11978 35 12133 95 12245 34 12400 93 12511 34 12666 93 12777 34 12933 92 13044 34 13199 93 13310 34 13465 94 13576 35 13732 94 13842 35 13998 95 14108 36 14263 97 14373 37 14529 99 14639 38 14795 101 14904 39 15061 104 15168 41 15327 149 15593 149 15859 150 16125 150 16391 150 16657 151 16922 152 17188 152 17454 153 17719 154 17985 154 18250 155 18516 156 18782 156 19048 156 19314 157 19580 157 19845 158 20111 158 20377 159 20643 159 20909 159 21174 160 21440 160 21705 161 21971 162 22236 163 22502 164 22767 165 23031 168 23294 172 23557 176 23821 178 24084 182 24349 184 24613 187 24877 189 25141 192 25405 195 25670 197 25935 199 26201 199 26467 200 26733 201 26999 202 27266 201 27533 201 27800 201 28067 201 28333 202 28600 201 28868 200 29135 200 29402 200 29669 200 29936 200 30203 200 30470 199 30737 199 31004 199 31272 198 31539 198 31806 199 32073 199 32340 199 32608 198 32875 198 33143 197 33411 196 33678 196 33946 196 34214 195 34482 194 34750 193 35018 192 35285 192 35553 191 35821 190 36089 189 36356 188 36624 187 36891 187 37159 186 37426 186 37694 185 37961 185 38228 184 38495 184 38763 183 39030 183 39297 183 39564 183 39831 183 40098 183 40366 182 40633 182 40900 182 41167 182 41434 182 41701 182 41968 183 42235 183 42502 184 42769 184 43036 184 43303 185 43570 185 43837 185 44104 186 44370 187 44637 187 44904 188 45171 188 45438 188 45705 189 45972 189 46239 189 46505 190 46772 191 47039 191 47306 191 47572 192 47839 192 48105 193 48372 194 48638 195 48905 195 49171 196 49437 197 49703 199 49970 199 50236 200 50502 202 50768 204 51033 206 51299 208 51566 209 51832 211 52099 212 52365 214 52632 215 52899 217 53165 219 53432 221 53699 222 53966 224 54233 225 54499 227 54766 228 55033 228 55300 229 55567 230 55834 230 56101 231 56368 231 56635 232 56902 233 57169 234 57436 237 57704 236 57971 236 58239 235 58507 234 58776 232 59047 228 59317 225 59588 221 59858 218 60129 214 60400 210 60671 206 60941 203 61212 199 61481 197 61750 195 62019 193 62288 155 62445 34 62558 148 62717 29 62828 142 62986 27 63098 137 63257 23 63367 134 63528 19 63636 131 63797 17 63904 129 64066 15 64173 125 64335 13 64442 123 64604 11 64711 120 64872 10 64979 118 65141 8 65249 114 65410 6 65518 112 65680 1 65788 108 66059 102 66329 97 66599 88 66870 78 67143 68 67413 62 67683 53 67952 46 68223 27 68495 16 68768 5
miniature_pinscher_76,83385 6 83718 7 84050 10 84383 14 84716 16 85048 18 85381 19 85714 20 86047 21 86380 23 86713 23 87046 25 87379 26 87712 27 88045 28 88379 28 88712 30 89045 31 89378 33 89712 34 90045 36 90378 37 90712 38 91046 37 91379 37 91713 36 92047 35 92381 34 92716 31 93050 29 93384 27 93719 23 94054 20 94388 18 94723 15 95058 11 95396 3 95784 4 96116 7 96447 11 96780 12 97112 13 97445 14 97777 16 98110 16 98442 17 98775 18 99107 19 99146 6 99440 19 99477 10 99772 19 99809 14 100105 19 100142 16 100437 20 100476 15 100769 21 100810 15 101102 21 101144 14 101434 22 101479 12 101693 5 101767 21 101814 10 102025 6 102099 22 102149 8 102357 7 102432 22 102484 6 102689 9 102764 23 102819 3 103021 10 103097 23 103354 10 103430 23 103687 10 103762 24 104022 8 104095 24 104357 6 104428 24 104691 3 104760 25 105093 25 105425 26 105758 26 106090 27 106423 27 106755 28 107088 29 107421 29 107690 2 107753 30 108023 7 108086 30 108355 10 108419 31 108688 13 108751 32 109020 16 109084 32 109353 17 109417 33 109686 17 109750 34 110018 19 110083 35 110350 20 110416 37 110683 20 110749 28 110785 4 111015 20 111082 26 111118 5 111348 20 111415 26 111453 1 111681 20 111748 25 112013 21 112081 25 112346 21 112414 24 112678 22 112747 24 113011 22 113080 24 113344 22 113413 24 113677 22 113746 24 114010 22 114079 25 114343 22 114412 25 114675 23 114745 26 115008 23 115078 27 115341 23 115410 29 115674 23 115743 37 116007 23 116076 39 116339 24 116409 40 116672 24 116742 42 117005 24 117074 44 117338 24 117407 45 117671 24 117740 46 118004 24 118073 47 118337 23 118405 49 118670 23 118738 50 119003 23 119071 50 119336 23 119403 52 119669 23 119736 53 120003 22 120068 54 120336 21 120401 54 120677 13 120733 42 120778 9 121011 11 121066 40 121114 5 121333 2 121345 10 121398 40 121448 3 121666 3 121679 8 121730 41 121999 3 122013 6 122063 40 122331 5 122347 5 122396 40 122664 5 122680 3 122728 41 122997 6 123062 39 123330 6 123395 39 123664 5 123728 39 123997 5 124062 39 124332 1 124395 40 124729 41 125063 32 125096 8 125397 31 125429 12 125730 44 126064 43 126398 42 126732 22 126757 16 127066 22 127095 10 127400 21 127429 9 127734 20 127762 8 128069 19 128094 9 128404 18 128426 10 128739 29 128785 2 129075 26 129118 3 129411 23 129450 4 129745 21 129783 4 130081 18 130116 3 130415 17 130448 4 130749 16 130781 4 131085 12 131114 3 131419 11 131447 3 131756 7 131780 2 132091 5 132113 1 132424 4
Maine_Coon_106,74051 4 74382 8 74713 12 75043 17 75374 20 75705 23 76036 26 76363 34 76693 39 76785 9 76887 31 77019 48 77111 23 77215 42 77350 52 77435 43 77545 45 77680 58 77747 67 77877 46 78003 148 78208 48 78333 156 78540 49 78665 162 78871 51 78997 166 79203 52 79330 169 79534 54 79663 172 79865 56 79995 176 80195 59 80328 181 80521 66 80661 259 80994 259 81327 259 81660 259 81993 259 82326 259 82658 260 82991 260 83324 260 83658 259 83991 259 84324 259 84657 259 84990 259 85323 259 85656 259 85989 259 86322 259 86656 258 86989 258 87322 258 87655 258 87988 258 88321 258 88653 259 88986 259 89319 259 89652 259 89985 259 90318 259 90650 260 90983 260 91316 260 91649 260 91981 261 92314 261 92647 261 92980 261 93312 262 93645 262 93978 262 94311 262 94643 263 94976 263 95309 263 95642 263 95974 264 96307 264 96640 264 96973 264 97306 264 97639 264 97971 265 98304 265 98637 265 98970 265 99303 265 99636 265 99968 266 100301 266 100634 266 100967 266 101300 266 101633 266 101965 267 102298 267 102631 267 102963 268 103296 268 103628 269 103961 269 104293 270 104626 270 104958 271 105291 271 105623 272 105955 273 106288 273 106620 274 106952 275 107284 276 107616 277 107948 278 108280 279 108612 280 108943 282 109274 284 109606 285 109938 286 110269 288 110601 289 110933 290 111264 292 111596 293 111928 294 112260 295 112593 295 112925 296 113257 297 113589 298 113922 298 114254 299 114587 299 114920 299 115253 299 115586 299 115920 298 116254 31 116293 258 116590 18 116637 247 116973 244 117309 241 117645 238 117980 236 118316 233 118651 231 118986 229 119320 228 119654 227 119989 225 120323 224 120657 223 120991 222 121326 220 121660 219 121994 218 122329 216 122663 215 122998 213 123332 212 123667 209 124001 208 124336 206 124670 205 125005 203 125340 201 125675 199 126010 196 126344 195 126679 192 127014 190 127348 189 127683 187 128018 184 128353 181 128689 177 129025 172 129361 168 129697 164 130033 160 130369 156 130705 152 131039 149 131374 144 131708 137 132042 134 132377 131 132710 130 133044 128 133378 126 133712 124 134046 122 134379 121 134713 120 135047 118 135380 117 135714 116 136047 115 136381 114 136715 112 137048 112 137382 110 137715 110 138049 108 138383 107 138716 106 139050 105 139384 103 139718 102 140051 101 140385 100 140719 98 141053 97 141387 95 141721 94 142054 93 142388 92 142722 90 143056 89 143390 87 143724 85 144058 84 144392 82 144726 81 145060 79 145394 78 145728 76 146063 74 146399 70 146737 65 147072 62 147408 59 147742 57 148077 55 148412 52 148747 50 149083 46 149418 44 149753 41 150089 38 150425 34 150765 26 151101 23 151436 20 151771 17 152108 12 152445 6
Russian_Blue_98,47085 12 47580 23 48076 32 48573 39 49070 45 49566 52 50063 57 50560 62 51057 67 51555 71 52053 75 52551 79 53050 82 53548 86 54047 89 54181 21 54547 92 54672 33 55046 97 55163 45 55545 166 56045 168 56544 171 57043 173 57543 175 58042 178 58541 180 59041 181 59540 184 60039 186 60538 189 61037 191 61536 50 61590 140 62034 51 62091 140 62533 50 62591 141 63032 49 63092 141 63531 50 63592 142 64031 51 64092 144 64530 52 64592 145 65029 54 65092 146 65529 54 65592 147 66028 56 66091 149 66528 58 66591 150 67027 216 67526 218 68025 220 68525 222 69024 224 69524 226 70023 228 70523 179 70708 44 71022 177 71211 42 71522 176 71713 41 72021 176 72215 39 72521 175 72716 37 73020 176 73218 34 73519 176 73720 30 74019 176 74222 27 74518 177 74724 23 75018 177 75226 19 75517 178 75728 16 76017 178 76229 14 76516 180 76730 13 77016 180 77231 11 77516 180 77732 10 78016 180 78233 8 78515 181 78733 8 79015 182 79234 6 79515 182 79734 4 80014 183 80514 183 81014 184 81514 184 82014 184 82513 185 83013 186 83512 188 84012 188 84511 189 85010 191 85509 192 86009 193 86508 195 87008 196 87508 197 88008 198 88508 199 89008 200 89508 201 90008 203 90508 206 91008 207 91508 208 92008 209 92508 209 93008 209 93508 210 94008 210 94508 210 95008 211 95508 212 96008 213 96508 214 97008 214 97508 215 98008 216 98508 216 99008 217 99508 217 100008 218 100508 218 101008 218 101508 218 102008 219 102508 219 103008 219 103509 219 104009 219 104509 219 105009 220 105509 220 106010 219 106511 219 107011 219 107511 219 108011 219 108512 218 109012 218 109512 218 110012 218 110512 218 111011 219 111512 219 112012 219 112513 218 113013 218 113513 218 114013 218 114514 217 115014 216 115515 214 116015 213 116516 209 117017 205 117520 197 118027 186 118532 178 119039 169 119542 164 120044 160 120546 155 121049 150 121553 144 122067 128 122572 121 123076 115 123579 64 123656 33 124083 57 124161 24 124589 35 124630 6 125097 15
boxer_165,443 36 944 32 1444 28 1942 32 2438 42 2936 50 3434 55 3933 58 4431 61 4929 65 5428 67 5926 73 6424 77 6921 80 7419 82 7917 84 8414 87 8912 89 9409 92 9905 96 10401 100 10896 105 11393 108 11890 111 12387 114 12884 117 13382 119 13880 121 14377 124 14874 127 15372 129 15869 132 16368 133 16866 135 17365 136 17864 137 18363 138 18862 139 19362 139 19861 140 20362 139 20862 139 21363 138 21863 138 22364 137 22865 136 23366 135 23866 135 24367 134 24868 133 25369 132 25870 131 26370 131 26871 130 27373 128 27874 127 28376 125 28878 123 29382 119 29885 116 30386 115 30888 113 31389 112 31890 111 32390 111 32891 110 33391 110 33892 109 34392 109 34893 108 35393 108 35894 107 36393 108 36894 107 37394 107 37895 106 38395 106 38896 105 39397 104 39900 101 40402 99 40905 96 41406 95 41908 93 42409 92 42692 8 42909 92 43189 13 43410 91 43687 16 43910 91 44185 19 44410 91 44684 20 44910 91 45182 23 45411 90 45681 25 45911 90 46180 27 46411 90 46678 30 46911 90 47177 31 47411 90 47675 34 47909 92 48153 8 48173 37 48409 92 48652 58 48908 93 49152 59 49407 94 49651 60 49906 95 50151 60 50405 96 50650 61 50902 99 51150 61 51401 100 51650 61 51899 100 52150 61 52398 100 52650 61 52897 100 53150 61 53396 100 53650 61 53896 100 54150 61 54396 99 54650 61 54895 100 55150 61 55395 99 55650 61 55894 100 56150 60 56393 101 56649 61 56892 102 57149 61 57390 104 57647 62 57890 48 57950 43 58144 65 58390 46 58459 34 58636 73 58891 43 58963 31 59133 76 59391 41 59464 32 59631 78 59894 36 59965 31 60130 79 60395 34 60466 30 60628 81 60906 20 60968 28 61127 82 61410 14 61469 25 61626 83 61971 21 62125 85 62475 16 62624 86 63123 87 63623 88 64122 89 64621 90 65120 91 65619 92 66118 93 66617 94 67116 95 67615 95 68114 49 68164 46 68613 49 68666 44 69112 50 69166 44 69612 50 69666 44 70111 53 70166 44 70611 98 71110 99 71610 99 72110 99 72610 53 72666 43 73109 53 73168 40 73609 53 73670 38 74109 53 74171 37 74609 54 74671 36 75108 55 75171 36 75608 55 75671 35 76108 56 76171 34 76608 96 77107 96 77607 95 78106 96 78606 96 79105 96 79604 97 80104 97 80603 98 81102 99 81601 101 82100 103 82599 104 83097 107 83597 108 84096 109 84595 111 85094 113 85594 113 86094 113 86595 113 87095 114 87595 114 88095 114 88595 115 89096 114 89596 114 90096 115 90596 115 91096 116 91595 117 92095 117 92595 117 93094 119 93594 119 94094 120 94593 121 95093 121 95593 122 96093 122 96593 122 97092 123 97592 124 97990 5 98092 124 98489 8 98592 124 98988 12 99091 126 99487 14 99591 126 99987 14 100091 126 100486 15 100591 126 100985 16 101090 127 101484 17 101590 128 101984 17 102090 128 102483 18 102590 128 102982 19 103090 128 103481 20 103590 128 103981 20 104090 128 104480 21 104590 128 104979 22 105090 128 105478 23 105589 129 105977 24 106090 128 106476 25 106590 128 106974 27 107090 128 107472 29 107590 128 107969 32 108090 128 108468 33 108590 128 108965 36 109091 127 109464 37 109591 127 109962 39 110091 127 110461 40 110591 126 110959 42 111092 125 111458 43 111592 125 111957 44 112093 124 112457 44 112593 124 112957 44 113094 123 113459 42 113594 123 113961 40 114095 122 114463 38 114596 121 114966 35 115096 121 115469 32 115597 120 115972 29 116098 119 116475 26 116598 119 116978 23 117099 118 117481 20 117599 118 117984 17 118100 117 118488 7 118601 117 119101 117 119602 116 120103 115 120603 115 121104 114 121605 113 122105 113 122606 112 123106 112 123607 111 124108 110 124608 69 124684 34 125108 63 125189 29 125609 59 125692 25 126109 56 126195 22 126609 54 126697 20 127110 51 127198 18 127611 47 127700 16 128111 45 128202 13 128612 42 128703 12 129113 39 129204 10 129614 35 129705 8 130116 31 130207 5 130616 30 131117 28 131618 25 132119 23 132619 22 133120 20 133620 19 134121 15 134622 9
german_shorthaired_143,44071 2 44570 4 44584 10 45069 7 45080 16 45569 27 46069 7 46077 20 46569 28 47068 29 47568 30 48068 31 48110 13 48568 65 49067 11 49080 59 49567 9 49582 73 50067 9 50083 75 50567 8 50584 76 51067 8 51085 78 51566 8 51586 78 52066 8 52086 80 52566 8 52586 82 53066 8 53086 84 53567 6 53586 86 54067 5 54086 89 54567 4 54586 92 55067 4 55086 95 55585 98 56085 101 56585 104 57084 108 57583 113 58083 118 58582 138 59082 150 59581 162 60080 171 60580 175 61079 179 61578 183 62078 185 62577 189 63077 192 63577 197 64076 204 64576 211 65076 217 65576 221 66075 227 66575 230 67075 234 67575 238 68075 243 68575 246 69075 250 69576 252 70076 255 70576 259 71076 263 71576 266 72076 269 72576 272 73076 274 73576 277 74076 279 74576 282 75076 284 75575 288 76075 254 76330 36 76575 247 76839 32 77075 245 77344 32 77575 243 77847 35 78075 242 78349 39 78575 241 78852 43 79075 240 79354 45 79576 239 79856 46 80076 239 80359 44 80576 239 80860 44 81076 238 81362 43 81577 238 81865 39 82078 237 82329 4 82368 5 82383 21 82578 238 82828 8 82890 13 83079 237 83329 9 83396 5 83579 237 83830 9 84080 236 84332 9 84581 236 84835 6 85081 236 85582 235 86083 234 86583 234 86845 4 87084 234 87344 7 87585 234 87844 14 88086 233 88343 20 88587 233 88841 25 89087 234 89338 29 89588 235 89835 34 90089 237 90331 39 90590 281 91091 281 91592 282 92093 283 92594 282 93095 281 93595 281 94096 279 94597 277 95098 274 95599 273 96100 271 96601 269 97101 269 97602 267 98103 265 98604 263 99105 261 99606 259 100108 256 100609 252 101111 249 101613 246 102115 243 102617 240 103119 238 103621 235 104122 234 104624 233 105126 232 105627 232 105899 9 106129 232 106395 14 106632 233 106877 32 107134 31 107186 223 107636 25 107694 214 108139 19 108199 209 108642 14 108703 204 109145 7 109207 199 109710 195 110213 192 110716 187 111218 183 111721 175 112225 155 112731 114 113240 95 113774 47 114284 8
beagle_5,78844 13 79215 25 79588 29 79961 32 80335 33 80708 36 81082 37 81456 37 81830 38 82204 39 82579 39 82953 40 83327 41 83702 42 84076 43 84451 44 84826 44 85200 46 85575 46 85949 48 86324 49 86699 50 87073 52 87448 53 87823 54 88197 56 88572 57 88947 58 89039 8 89321 60 89411 13 89696 61 89781 20 90070 64 90153 25 90445 65 90522 32 90819 111 91194 112 91569 113 91943 115 92318 115 92693 116 93067 117 93442 117 93816 119 94190 120 94564 121 94938 123 95312 124 95686 125 96060 127 96434 128 96808 130 97182 131 97556 133 97930 135 98304 138 98678 141 99052 143 99427 144 99801 145 100175 145 100550 144 100924 144 101299 143 101674 142 102049 141 102423 142 102798 141 103173 141 103548 141 103923 141 104298 140 104673 140 105047 141 105422 141 105797 141 106172 141 106547 140 106922 140 107297 140 107672 139 108047 138 108422 137 108797 136 109171 137 109546 136 109921 135 110296 134 110671 133 111046 133 111420 134 111795 134 112170 134 112545 133 112919 134 113294 135 113669 135 114043 136 114418 136 114793 137 115168 137 115542 138 115917 139 116292 139 116667 140 117042 141 117416 142 117791 143 118166 144 118541 145 118916 146 119291 147 119666 150 120041 153 120416 156 120791 158 121166 159 121541 159 121916 160 122290 161 122665 161 123040 161 123415 161 123790 160 124165 159 124540 159 124915 158 125289 159 125664 158 126039 158 126413 158 126788 158 127162 158 127536 159 127911 158 128285 158 128659 157 129033 157 129407 156 129781 155 130155 153 130529 152 130903 151 131277 149 131651 148 132025 147 132400 145 132775 143 133150 11 133174 118 133527 3 133551 114 133927 112 134303 110 134680 107 135056 106 135432 104 135808 103 136184 102 136560 100 136936 99 137312 98 137689 96 138065 95 138441 94 138818 93 139195 91 139573 89 139951 86 140329 85 140706 87 141084 85 141463 81 141842 38 141885 32 142222 26 142267 23 142647 14
pomeranian_193,8048 7 8270 11 8494 13 8717 15 8941 16 9164 18 9388 18 9611 20 9835 20 10059 21 10283 21 10507 22 10731 22 10955 23 11180 23 11404 23 11629 23 11854 23 12078 24 12303 24 12528 23 12752 24 12977 24 13202 24 13427 24 13651 25 13876 25 14101 25 14326 25 14551 25 14776 25 15001 26 15226 26 15452 25 15677 25 15902 26 16127 26 16352 26 16578 26 16803 26 17027 28 17252 28 17477 29 17702 29 17927 29 18152 30 18377 30 18602 31 18827 32 19052 32 19277 33 19501 35 19726 36 19950 38 20175 39 20399 41 20623 43 20847 45 21071 47 21295 48 21519 50 21742 52 21966 54 22190 55 22414 57 22638 59 22862 60 23087 60 23311 62 23535 63 23759 64 23983 64 24208 64 24432 64 24656 63 24880 62 25104 62 25329 61 25553 60 25777 60 26001 60 26226 59 26450 59 26674 59 26899 58 27123 59 27347 59 27571 61 27795 62 28019 64 28243 66 28467 69 28691 72 28914 76 29137 81 29313 26 29355 92 29531 144 29754 149 29977 153 30201 156 30426 157 30650 158 30875 159 31099 160 31324 160 31548 161 31773 145 31929 4 31997 142 32222 139 32447 136 32672 133 32897 132 33122 131 33347 130 33572 129 33797 128 34022 81 34112 38 34248 78 34339 35 34473 78 34565 34 34698 77 34791 33 34923 77 35017 31 35148 76 35244 29 35373 76 35470 28 35599 75 35697 26 35824 75 35923 25 36049 75 36149 24 36274 75 36374 24 36499 75 36600 23 36725 75 36826 22 36950 75 37051 22 37175 76 37277 21 37400 76 37502 21 37625 77 37728 21 37850 77 37954 20 38075 78 38179 20 38299 79 38405 20 38524 80 38631 19 38749 80 38857 19 38973 82 39083 19 39198 82 39309 19 39423 82 39535 19 39647 83 39761 20 39871 84 39988 20 40096 83 40214 21 40320 84 40439 22 40544 85 40665 23 40768 86 40891 22 40993 86 41116 23 41217 87 41342 23 41442 87 41567 23 41666 88 41793 23 41890 88 42019 22 42115 88 42253 13 42339 89 42483 8 42564 89 42710 5 42788 90 43013 89 43238 89 43462 90 43687 90 43912 90 44137 89 44362 89 44587 89 44812 89 45037 89 45263 88 45490 86 45716 85 45944 82 46171 81 46398 79 46625 77 46853 74 47081 71 47312 65 47542 60 47772 54 48001 48 48236 36 48477 17 48708 3
pug_177,20982 6 21131 4 21205 10 21354 7 21429 13 21576 11 21653 16 21797 15 21877 18 21997 41 22101 20 22214 49 22325 22 22419 69 22549 24 22640 73 22774 25 22862 76 22998 26 23079 83 23223 27 23298 89 23447 29 23523 88 23672 31 23748 88 23896 33 23973 87 24120 36 24199 84 24345 39 24425 82 24569 44 24651 79 24794 50 24877 76 25018 56 25103 73 25243 61 25328 72 25467 65 25554 70 25692 66 25780 69 25917 67 26006 67 26141 68 26231 67 26366 69 26457 66 26591 70 26682 66 26816 70 26907 66 27040 72 27132 66 27265 73 27357 66 27490 73 27582 65 27715 74 27807 65 27939 75 28032 65 28164 75 28257 65 28389 75 28482 65 28613 77 28707 65 28838 77 28932 64 29063 78 29157 64 29288 78 29382 28 29414 31 29513 78 29608 21 29643 27 29738 79 29833 18 29871 23 29962 80 30058 16 30099 20 30187 80 30283 14 30325 18 30412 81 30508 12 30551 17 30637 81 30734 11 30777 15 30862 81 30959 10 31002 15 31087 81 31184 10 31228 14 31311 82 31409 9 31453 13 31536 83 31634 9 31678 13 31761 83 31860 8 31903 13 31986 83 32084 9 32128 13 32211 83 32309 9 32353 13 32436 84 32533 10 32578 13 32661 84 32758 10 32802 14 32886 84 32983 10 33027 13 33111 85 33208 10 33251 14 33336 85 33432 11 33475 15 33561 85 33657 12 33699 15 33786 86 33881 14 33923 15 34011 86 34106 15 34146 16 34236 86 34330 19 34366 20 34461 85 34555 55 34686 85 34780 54 34911 85 35004 54 35136 85 35229 53 35361 84 35453 54 35586 84 35678 53 35811 83 35902 54 36036 83 36127 53 36261 82 36351 53 36486 82 36576 53 36711 82 36800 53 36936 81 37025 52 37161 81 37249 52 37386 81 37474 51 37611 80 37698 52 37836 80 37922 53 38061 80 38146 55 38286 80 38370 58 38511 81 38594 61 38736 149 38961 74 39039 93 39186 73 39266 94 39411 66 39491 96 39636 62 39717 95 39862 58 39942 96 40087 56 40168 95 40313 52 40395 93 40538 49 40624 89 40763 28 40853 85 40989 25 41086 77 41215 22 41316 72 41441 20 41550 8 41574 39 41667 18 41809 29 41893 16 42048 15 42119 14 42276 12 42345 11 42503 9 42571 9 42730 5 42797 8 43024 4
Persian_9,14 246 367 246 720 245 1073 245 1425 246 1778 247 2131 248 2484 248 2836 250 3189 251 3542 251 3895 251 4247 253 4600 253 4952 255 5305 256 5657 258 6009 259 6362 260 6714 262 7065 265 7418 265 7771 266 8123 267 8476 268 8829 268 9182 268 9534 269 9887 268 10240 268 10593 268 10944 270 11297 270 11650 269 12003 270 12356 270 12642 2 12709 270 12993 6 13062 270 13345 8 13415 270 13697 10 13725 5 13768 270 14049 13 14076 9 14121 270 14401 15 14424 16 14449 4 14474 270 14754 41 14798 9 14827 272 15105 56 15180 334 15533 334 15886 334 16239 335 16592 335 16945 335 17298 335 17651 335 18004 335 18357 335 18710 335 19063 335 19416 335 19769 336 20122 336 20475 337 20828 337 21181 337 21534 338 21887 339 22240 340 22593 342 22946 342 23299 343 23652 343 24005 343 24358 343 24711 343 25064 343 25417 343 25770 343 26123 343 26476 343 26829 344 27182 344 27535 344 27888 344 28241 344 28594 344 28947 345 29300 345 29653 345 30006 346 30359 346 30712 347 31065 347 31418 348 31771 348 32124 348 32477 348 32830 348 33183 349 33536 348 33889 348 34242 348 34595 347 34948 347 35301 347 35654 347 36007 346 36360 347 36713 347 37066 347 37419 347 37772 347 38125 348 38478 348 38831 348 39184 348 39537 349 39890 349 40243 349 40596 350 40949 350 41302 350 41655 350 42008 350 42361 350 42714 350 43067 350 43420 350 43773 350 44126 350 44479 351 44832 352 45185 8824 54010 351 54363 350 54716 350 55069 349 55422 349 55775 347 56128 347 56481 346 56834 345 57187 344 57540 344 57893 342 58246 341 58599 340 58952 339 59305 338 59658 337 60011 336 60364 334 60717 333 61070 332 61423 331 61776 330 62129 328 62482 327 62835 326 63188 324 63541 323 63894 319 64247 316 64600 314 64953 313 65306 312 65659 311 66012 311 66365 310 66718 310 67071 310 67424 310 67777 310 68130 310 68483 310 68836 310 69189 309 69542 309 69895 309 70248 309 70601 309 70954 309 71307 309 71660 309 72013 309 72366 309 72719 309 73072 309 73425 309 73778 309 74131 309 74484 309 74837 309 75190 309 75543 309 75896 309 76249 309 76602 309 76955 309 77308 309 77661 309 78014 309 78367 309 78720 309 79073 309 79426 309 79779 309 80132 309 80485 309 80838 309 81191 309 81544 309 81897 309 82250 309 82603 309 82956 309 83309 309 83662 309 84015 309 84368 309 84721 309 85074 309 85427 309 85780 309 86133 309 86486 309 86839 309 87192 309 87545 309 87898 309 88251 309 88604 309 88957 309 89310 309 89663 309 90016 309 90369 309 90722 309 91075 309 91428 309 91781 309 92134 309 92487 309 92840 309 93193 309 93546 309 93899 309 94252 309 94605 308 94958 308 95311 308 95664 308 96017 308 96370 308 96723 308 97076 308 97429 307 97782 307 98135 307 98488 307 98841 306 99194 306 99547 306 99900 306 100253 305 100606 305 100959 305 101312 304 101665 304 102018 304 102371 304 102724 303 103077 303 103430 303 103783 303 104136 303 104489 303 104842 303 105195 303 105548 303 105901 303 106254 303 106607 303 106960 303 107313 303 107666 303 108019 303 108372 303 108725 303 109078 303 109431 303 109784 303 110137 303 110490 303 110843 303 111196 303 111549 303 111902 303 112255 303 112608 303 112961 303 113314 304 113667 304 114020 304 114373 304 114726 304 115079 304 115432 305 115785 305 116138 305 116491 305 116844 305 117197 306 117550 306 117903 306 118256 306 118609 306 118962 306 119315 306 119668 306 120021 306 120374 306 120727 306 121080 306 121433 306 121786 306 122139 306 122492 306 122845 305 123198 305 123551 305 123904 305 124260 302 124616 299 124971 296 125326 294 125681 292 126036 290 126391 287 126745 286 127100 283 127455 281 127809 280 128163 278 128518 276 128872 275 129226 274 129580 272 129934 271 130288 270 130642 268 130995 268 131349 267 131703 265 132057 264 132410 264 132764 262 133118 261 133471 261 133825 260 134179 258 134533 257 134886 257 135240 255 135594 254 135947 254 136301 253 136655 251 137009 250 137363 248 137717 247 138072 245 138426 243 138780 242 139134 241 139489 238 139843 237 140197 235 140551 234 140905 233 141259 231 141614 228 141968 227 142323 225 142677 223 143032 221 143388 217 143745 213 144103 207 144459 204 144815 200 145171 197 145526 195 145882 191 146237 189 146592 186 146946 185 147300 184 147655 181 148009 180 148363 178 148717 177 149072 174 149426 173 149780 171 150134 170 150488 169 150842 167 151197 165 151551 164 151905 162 152260 53 152322 97 152616 47 152678 94 152973 40 153032 92 153327 37 153386 91 153680 35 153739 90 154034 33 154093 89 154390 28 154446 88 154744 26 154799 88 155098 23 155153 86 155451 22 155506 86 155805 20 155859 85 156158 19 156213 84 156511 18 156567 83 156864 17 156921 81 157218 15 157274 81 157571 14 157627 80 157924 13 157981 79 158277 12 158334 79 158631 10 158688 77 158984 9 159041 77 159338 8 159394 76 159692 5 159748 75 160046 3 160101 74 160454 73 160808 72 161162 70 161515 68 161869 66 162222 65 162576 62 162930 60 163284 58 163639 54 163996 48 164352 43 164707 39 165061 35 165416 31 165772 24 166131 7
japanese_chin_22,8752 7 9124 11 9497 13 9870 15 10243 16 10616 18 10989 19 11363 20 11736 21 12110 21 12484 21 12859 20 13233 20 13608 19 13983 17 14358 16 14733 15 15108 14 15483 12 15859 9 16235 4 17196 2 17570 3 17945 3 18320 3 18695 3 19070 3 19445 3 19820 3 20195 3 20571 1 33492 11 33863 18 34235 22 34607 27 34980 31 35353 34 35727 37 36100 40 36474 43 36848 45 37222 47 37596 50 37970 52 38343 55 38718 56 39092 58 39466 60 39840 62 40214 64 40588 66 40962 68 41335 71 41707 75 42080 77 42452 81 42825 84 43197 87 43571 89 43945 90 44318 92 44692 94 45067 94 45441 96 45816 96 46190 97 46565 97 46938 100 47312 101 47686 102 48059 104 48433 106 48806 108 49180 109 49554 110 49928 111 50302 112 50676 113 51050 114 51424 116 51798 117 52173 117 52547 118 52921 119 53295 120 53670 120 54044 121 54418 122 54793 122 55167 124 55542 124 55916 125 56290 126 56665 126 57040 127 57414 128 57789 129 58163 130 58538 131 58913 132 59288 132 59662 134 60037 135 60412 136 60787 137 61162 138 61536 140 61911 141 62286 142 62661 143 63036 144 63411 145 63786 146 64161 147 64536 148 64911 148 65286 149 65661 150 66037 150 66412 151 66787 152 67162 153 67396 10 67537 154 67766 17 67913 153 68137 22 68288 154 68509 27 68663 155 68880 32 69039 155 69250 38 69414 157 69621 43 69789 160 69987 54 70164 162 70345 72 70540 166 70711 82 70915 255 71291 255 71666 256 72041 258 72417 258 72792 259 73168 260 73543 261 73919 262 74294 263 74669 264 75044 266 75420 267 75795 269 76170 271 76545 272 76921 272 77296 274 77671 275 78046 276 78421 277 78796 278 79170 280 79545 282 79920 283 80294 286 80669 288 81044 227 81285 50 81418 224 81665 56 81793 222 82042 57 82168 220 82419 59 82542 219 82796 60 82917 218 83172 61 83291 218 83550 61 83666 217 83926 62 84041 216 84303 63 84415 217 84680 64 84790 216 85057 65 85165 215 85434 65 85540 215 85811 65 85914 216 86187 64 86289 215 86564 62 86664 215 86940 61 87039 214 87316 60 87414 214 87693 58 87788 215 88069 57 88163 215 88445 56 88538 214 88822 54 88913 214 89198 53 89288 214 89575 51 89663 213 89951 50 90037 214 90328 48 90412 214 90704 47 90787 214 91081 45 91162 214 91457 44 91537 214 91834 42 91912 213 92211 40 92287 213 92588 38 92662 213 92967 34 93037 213 93344 32 93412 213 93721 30 93787 213 94098 28 94162 213 94475 26 94537 212 94852 24 94912 212 95230 21 95287 212 95607 19 95662 212 95985 16 96036 213 96364 12 96411 212 96742 6 96786 212 97161 212 97536 212 97910 213 98285 212 98660 212 99034 213 99409 213 99784 212 100159 212 100534 212 100909 211 101283 212 101658 212 102033 212 102408 211 102783 211 103158 211 103533 211 103908 210 104284 209 104659 209 105034 208 105409 208 105784 208 106159 208 106534 208 106910 206 107285 206 107660 206 108035 206 108410 206 108785 206 109161 205 109536 205 109911 205 110286 205 110661 205 111036 205 111411 205 111787 205 112162 205 112537 206 112912 206 113287 206 113663 206 114038 207 114413 207 114788 208 115164 208 115539 209 115914 210 116289 211 116665 211 117040 212 117415 213 117791 213 118166 214 118542 215 118917 216 119292 217 119668 217 120043 131 120180 81 120419 128 120557 80 120794 125 120935 78 121169 124 121312 78 121545 122 121689 77 121920 122 122066 77 122296 120 122443 76 122671 119 122820 76 123046 119 123197 76 123422 118 123574 76 123797 117 123951 76 124172 117 124328 78 124548 115 124706 78 124923 115 125083 81 125298 115 125461 82 125673 114 125838 82 126049 113 126217 83 126424 112 126595 82 126799 112 126972 83 127175 110 127349 84 127550 110 127726 84 127925 109 128103 86 128300 109 128480 87 128676 107 128857 88 129051 107 129234 89 129426 106 129611 89 129801 106 129988 89 130176 106 130366 88 130552 104 130743 87 130927 104 131119 88 131302 104 131496 89 131677 103 131873 90 132053 102 132249 94 132428 102 132626 99 132803 101 133002 103 133178 101 133378 108 133554 100 133755 110 133929 99 134132 110 134305 98 134508 112 134680 98 134885 112 135056 97 135262 111 135431 97 135639 111 135807 95 136017 109 136182 95 136394 107 136558 94 136773 103 136934 93 137153 98 137310 91 137537 89 137686 90 137926 75 138062 89 138308 68 138438 87 138690 61 138814 86 139068 58 139190 85 139445 56 139567 82 139822 54 139943 81 140200 51 140320 79 140576 50 140696 77 140954 47 141073 75 141330 46 141449 73 141707 44 141826 70 142085 41 142202 69 142462 39 142578 67 142839 37 142955 65 143217 34 143331 63 143594 32 143708 60 143972 29 144085 57 144349 27 144461 55 144726 25 144838 52 145103 23 145214 50 145480 21 145591 46 145857 19 145968 43 146234 16 146345 39 146611 13 146722 35 146988 9 147100 30 147477 26 147856 19 148234 13 148611 9
leonberger_62,9563 2 9936 6 10310 8 10684 9 11058 11 11432 12 11806 14 12180 15 12554 16 12928 18 13302 19 13676 20 14051 21 14425 22 14799 23 15173 24 15547 25 15921 26 16295 27 16669 29 17043 30 17417 31 17791 32 18165 33 18539 34 18913 35 19287 36 19661 37 20035 38 20409 39 20783 40 21157 41 21530 43 21904 44 22278 45 22652 45 23026 46 23400 47 23773 49 24147 49 24521 50 24895 51 25269 52 25643 52 26016 54 26391 54 26765 55 27139 56 27513 56 27887 57 28261 58 28635 59 29009 60 29384 60 29758 60 30132 61 30506 62 30881 62 31255 62 31630 62 32004 63 32379 63 32753 63 33128 63 33503 63 33877 63 34252 63 34626 64 35001 63 35376 63 35750 63 36125 63 36499 63 36874 63 37248 63 37623 63 37997 63 38372 62 38746 62 39120 62 39494 62 39868 63 40241 64 40613 67 40983 72 41353 77 41720 85 42092 88 42464 92 42834 97 43207 100 43579 103 43950 108 44323 110 44696 113 44842 36 45068 117 45213 46 45442 119 45585 51 45815 122 45957 56 46189 124 46330 59 46563 127 46703 63 46936 131 47074 68 47310 208 47684 210 48057 213 48431 215 48804 218 49177 222 49551 224 49924 227 50298 229 50671 232 51045 235 51418 238 51792 240 52166 242 52540 244 52914 247 53288 249 53662 251 54037 253 54411 256 54785 258 55160 260 55534 263 55909 264 56283 268 56658 269 57032 272 57407 275 57781 278 58156 281 58531 284 58905 287 59280 289 59655 291 60029 294 60404 295 60779 296 61154 297 61529 297 61904 298 62279 299 62654 299 63030 299 63405 299 63780 299 64156 298 64531 298 64906 298 65282 297 65657 297 66033 296 66408 296 66784 294 67159 294 67535 293 67910 293 68285 293 68661 292 69036 292 69411 292 69786 291 70162 290 70537 289 70912 288 71287 287 71662 261 71926 22 72037 258 72307 15 72413 256 72691 3 72788 254 73163 252 73537 251 73912 250 74287 249 74662 249 75037 249 75412 249 75787 249 76162 249 76537 249 76912 249 77287 248 77662 248 78037 248 78412 248 78787 248 79162 248 79537 248 79912 248 80287 248 80662 248 81037 249 81412 249 81788 248 82163 248 82538 248 82913 248 83289 247 83664 248 84039 248 84414 248 84789 248 85165 248 85540 248 85915 248 86290 249 86665 249 87040 249 87415 250 87790 250 88165 251 88540 251 88916 251 89291 251 89666 252 90041 252 90416 252 90791 253 91166 253 91541 253 91916 253 92291 253 92666 254 93041 254 93417 252 93792 252 94167 252 94542 252 94917 252 95292 252 95667 252 96042 252 96417 252 96792 253 97168 252 97543 253 97918 254 98293 254 98584 3 98668 255 98953 14 99044 256 99324 19 99419 300 99794 301 100170 301 100545 302 100920 303 101296 302 101671 303 102046 303 102422 303 102797 303 103172 304 103548 303 103923 303 104298 303 104674 302 105049 302 105424 302 105800 301 106175 301 106550 301 106926 300 107301 300 107676 300 108052 298 108427 298 108802 298 109178 296 109553 296 109929 295 110304 294 110680 293 111055 292 111431 291 111806 290 112182 289 112557 288 112933 286 113308 285 113684 283 114060 281 114435 280 114811 277 115187 273 115563 245 115811 20 115939 237 116315 232 116691 229 117067 225 117444 222 117820 220 118197 216 118573 214 118949 213 119326 210 119702 208 120078 206 120455 203 120831 201 121207 199 121583 197 121959 194 122336 191 122712 189 123088 187 123464 185 123841 181 124217 177 124594 172 124971 150 125128 7 125347 143 125724 137 126101 133 126478 129 126855 123 127232 117 127609 112 127987 105 128364 101 128740 98 129117 95 129494 92 129871 88 130249 84 130626 81 131003 78 131381 74 131758 71 132135 68 132513 64 132892 59 133277 16 133295 29 133681 16
boxer_95,47991 5 48364 7 48737 10 49111 11 49484 13 49858 15 50231 17 50250 1 50605 18 50624 2 50978 23 51352 24 51726 25 52099 27 52472 29 52845 31 53218 33 53591 32 53964 33 54338 34 54711 36 55085 36 55459 37 55833 37 56207 38 56580 39 56954 39 57328 38 57702 37 58075 36 58449 35 58822 34 59196 34 59569 35 59942 35 60316 35 60689 36 61062 37 61436 37 61809 38 62182 39 62556 39 62929 40 63302 41 63676 41 64049 41 64118 1 64422 41 64491 4 64795 42 64865 6 65168 42 65239 8 65540 44 65613 9 65911 46 65987 11 66284 47 66362 14 66658 47 66736 15 67030 49 67111 15 67403 51 67485 16 67594 14 67776 52 67860 16 67961 27 68149 53 68234 17 68333 33 68522 54 68609 17 68705 39 68894 56 68983 18 69076 45 69268 56 69358 18 69449 48 69641 57 69732 19 69822 50 70015 57 70107 19 70195 52 70388 58 70481 20 70569 53 70762 58 70856 20 70943 53 71135 59 71230 21 71317 53 71509 59 71605 21 71691 53 71882 59 71979 22 72065 53 72255 60 72354 22 72439 53 72629 60 72728 23 72813 53 73001 62 73103 23 73188 52 73375 61 73477 24 73562 51 73748 62 73852 24 73937 51 74120 64 74226 25 74311 51 74493 65 74601 25 74686 50 74866 66 74975 26 75060 51 75239 66 75350 26 75435 51 75611 68 75724 27 75810 51 75982 71 76099 27 76185 51 76355 72 76473 28 76559 52 76726 76 76848 28 76934 52 77098 77 77222 29 77309 52 77471 79 77597 29 77684 52 77843 81 77971 30 78059 53 78216 81 78346 30 78433 55 78587 85 78720 31 78808 56 78960 86 79095 31 79183 57 79270 18 79333 87 79469 32 79558 60 79634 35 79705 89 79844 32 79933 67 80001 47 80077 91 80218 33 80307 120 80447 95 80593 33 80682 125 80815 102 80967 34 81057 234 81342 31 81432 233 81716 31 81806 234 82090 32 82181 233 82465 31 82556 233 82839 32 82931 232 83214 31 83306 232 83588 32 83680 233 83963 31 84055 233 84337 32 84430 232 84712 31 84805 233 85086 31 85179 234 85460 31 85554 234 85835 30 85928 235 86209 31 86303 235 86584 29 86678 235 86958 30 87052 236 87333 29 87427 237 87707 29 87802 237 88082 28 88176 238 88456 29 88551 238 88830 29 88925 240 89205 28 89300 240 89579 28 89675 240 89954 28 90049 241 90328 28 90424 241 90702 28 90799 242 91077 27 91174 242 91451 28 91549 242 91826 27 91924 243 92200 27 92299 243 92574 28 92674 243 92949 27 93049 243 93323 28 93424 243 93697 28 93799 244 94072 27 94174 244 94446 28 94549 244 94821 27 94924 244 95195 28 95300 244 95569 28 95675 244 95944 28 96050 244 96318 28 96425 245 96693 28 96800 245 97067 28 97175 245 97442 28 97551 244 97816 28 97926 244 98191 27 98301 244 98566 27 98676 245 98940 27 99051 245 99315 27 99426 245 99689 27 99801 245 100064 26 100176 245 100438 27 100551 245 100813 26 100926 245 101187 27 101301 246 101562 26 101676 246 101936 27 102051 246 102311 26 102426 246 102686 26 102801 247 103061 26 103176 247 103435 26 103550 249 103810 26 103925 249 104184 27 104300 250 104558 28 104675 251 104933 27 105050 252 105305 30 105425 285 105800 285 106175 285 106550 285 106925 285 107300 285 107675 285 108051 283 108426 283 108801 283 109176 283 109551 283 109926 283 110301 283 110676 283 111051 283 111426 283 111801 283 112176 283 112551 283 112926 282 113301 282 113677 281 114052 281 114427 281 114802 281 115177 281 115553 280 115928 280 116303 280 116679 279 117054 279 117429 279 117805 277 118180 277 118555 277 118931 276 119306 276 119681 276 120057 275 120432 274 120808 273 121183 273 121559 272 121934 272 122310 270 122685 270 123061 269 123436 269 123812 268 124187 267 124563 266 124938 266 125314 265 125690 263 126065 263 126441 262 126816 262 127192 260 127567 260 127943 259 128318 258 128693 258 129069 257 129444 256 129819 256 130195 255 130570 145 130721 103 130945 145 131098 101 131320 145 131474 99 131695 145 131849 99 132071 145 132223 100 132446 147 132597 100 132821 251 133196 250 133572 249 133947 249 134322 248 134698 247 135073 246 135448 246 135824 244 136199 244 136575 242 136951 241 137326 240 137702 238 138077 238 138453 236 138829 234 139205 232 139580 231 139956 229 140331 228 140707 226 141083 224 141458 223 141834 221 142210 219 142585 218 142961 216 143337 214 143712 213 144088 212 144464 210 144839 209 145215 207 145590 207 145965 206 146341 205 146716 204 147092 203 147467 203 147842 202 148218 201 148593 200 148968 200 149344 199 149719 200 150094 200 150469 200 150844 201 151220 200 151595 200 151970 201 152345 200 152720 200 153096 199 153471 199 153846 199 154221 199 154596 198 154972 195 155347 188 155538 2 155722 187 156097 187 156472 186 156848 184 157223 184 157598 184 157973 184 158348 184 158724 182 159099 182 159474 182 159849 182 160224 182 160600 180 160975 180 161350 180 161725 180 162101 179 162476 178 162851 178 163226 178 163601 178 163977 177 164352 177 164727 177 165102 177 165477 177 165853 177 166228 177 166603 177 166978 178 167353 178 167729 177 168104 177 168479 177 168855 177 169230 177 169605 177 169980 178 170356 177 170731 178 171106 178 171482 177 171857 178 172232 178 172608 178 172983 178 173358 178 173734 178 174109 178 174484 178 174860 178 175235 178 175610 178 175986 178 176361 178 176737 178 177112 178 177487 179 177863 179 178238 179 178614 179 178989 180 179365 180 179740 181 180116 181 180491 182 180867 182 181242 183 181617 184 181993 184 182368 185 182743 187 183119 187 183494 188 183869 188 184245 188 184620 189 184996 189 185371 189 185746 189 186122 188 186497 189 186872 189 187247 189
english_cocker_spaniel_36,36756 20 37085 26 37415 31 37745 35 38076 38 38407 42 38737 47 38803 14 39067 88 39398 93 39728 98 40059 102 40391 105 40722 108 41054 110 41386 113 41718 116 42050 118 42382 121 42714 131 43046 136 43379 137 43711 140 44043 142 44376 142 44708 144 45040 146 45373 146 45705 148 46037 150 46370 150 46702 151 47035 152 47367 153 47700 153 48032 155 48365 155 48697 156 49030 156 49362 157 49695 157 50028 157 50360 133 50502 16 50693 129 50840 11 51026 126 51176 7 51359 124 51511 4 51691 123 52024 121 52357 120 52690 119 53023 118 53356 117 53689 117 54022 116 54354 116 54687 116 55020 116 55353 115 55686 115 56019 115 56352 115 56685 115 57018 115 57351 115 57684 115 58017 115 58350 115 58683 115 59016 115 59349 115 59682 115 60015 115 60348 115 60681 115 61015 115 61348 115 61681 115 62014 115 62347 116 62680 116 63013 116 63346 117 63679 117 64012 117 64346 117 64679 117 65012 117 65345 118 65511 6 65678 118 65842 11 66012 118 66174 14 66345 119 66505 17 66678 120 66836 21 67012 120 67168 23 67345 121 67499 27 67679 122 67829 31 68012 124 68158 37 68346 128 68485 44 68679 184 69013 183 69347 183 69680 183 70013 184 70347 183 70680 183 71014 183 71347 183 71681 182 72014 182 72347 182 72681 181 73014 181 73347 181 73680 181 74013 181 74346 181 74678 182 75011 182 75343 183 75676 182 76008 183 76341 183 76673 183 77006 183 77338 162 77508 13 77671 161 77843 11 78003 161 78177 9 78335 161 78511 7 78668 161 78846 4 79000 161 79333 161 79665 161 79998 161 80330 162 80663 161 80995 162 81327 163 81660 163 81992 163 82325 163 82657 164 82989 165 83322 165 83654 166 83987 166 84320 166 84652 166 84985 166 85318 166 85650 167 85983 167 86316 167 86649 167 86981 168 87314 168 87647 168 87980 168 88314 167 88647 167 88980 167 89314 166 89647 166 89981 165 90314 165 90648 164 90982 163 91315 163 91649 162 91983 161 92316 161 92650 161 92983 161 93317 160 93651 159 93984 159 94318 158 94651 159 94985 158 95319 157 95652 157 95986 157 96320 156 96653 157 96987 156 97320 157 97654 157 97988 156 98322 157 98656 157 98990 157 99324 158 99658 159 99993 169 100328 87 100438 59 100663 79 100772 59 100999 71 101107 58 101334 66 101442 58 101670 58 101776 58 102006 50 102110 62 102340 47 102444 66 102676 42 102778 67 103012 37 103112 67 103347 34 103446 67 103684 28 103780 67 104019 25 104114 66 104355 21 104448 65 104691 17 104782 65 105026 13 105116 64 105362 8 105449 64 105783 63 106117 62 106451 61 106785 60 107119 33 107163 15 107453 23 107499 11 107788 17 107835 7 108122 13 108170 3 108457 7
Birman_96,35830 4 36145 8 36156 51 36475 69 36806 73 37137 77 37469 80 37801 83 38132 88 38464 91 38796 95 39128 98 39461 101 39793 104 40125 107 40457 109 40789 111 41121 114 41454 115 41786 118 42118 121 42450 124 42782 127 43114 130 43446 133 43778 137 44110 140 44282 2 44442 143 44614 4 44658 12 44773 146 44946 5 44988 19 45105 149 45278 7 45319 27 45436 152 45610 8 45651 31 45767 156 45942 10 45983 36 46099 158 46273 12 46315 39 46429 163 46605 13 46648 43 46759 168 46936 16 46981 47 47087 175 47266 20 47314 52 47417 203 47647 56 47744 209 47980 306 48313 306 48646 306 48979 306 49313 305 49646 305 49979 305 50313 304 50646 304 50980 303 51313 303 51647 302 51981 301 52315 300 52648 300 52982 299 53316 298 53650 297 53984 296 54318 295 54652 294 54985 294 55319 293 55653 292 55987 291 56321 290 56655 289 56989 288 57323 287 57657 286 57991 285 58325 284 58659 283 58994 281 59328 280 59662 279 59996 278 60330 277 60664 276 60999 274 61333 273 61667 272 62001 271 62335 270 62670 268 63004 267 63338 266 63672 265 64006 264 64340 263 64674 262 65008 261 65342 260 65676 259 66009 259 66343 258 66677 257 67010 257 67344 256 67677 256 68011 255 68344 255 68677 255 69011 254 69344 254 69677 254 70010 254 70343 254 70677 253 71010 253 71343 253 71676 253 72009 253 72342 253 72675 253 73008 253 73341 253 73674 253 74007 253 74339 254 74672 254 75005 254 75338 254 75671 254 76004 254 76336 255 76669 255 77002 255 77334 256 77667 256 77999 257 78332 257 78665 257 78998 257 79330 258 79663 258 79996 258 80329 258 80662 258 80994 259 81327 259 81660 259 81993 259 82326 259 82659 259 82992 259 83325 259 83658 259 83991 259 84324 259 84657 259 84990 259 85323 259 85656 259 85989 259 86321 260 86654 260 86987 260 87320 260 87653 260 87986 260 88319 260 88652 260 88985 260 89319 259 89652 259 89985 259 90318 259 90651 259 90984 259 91318 258 91651 258 91984 258 92317 258 92650 258 92984 257 93317 257 93650 257 93983 257 94316 257 94650 256 94983 256 95317 255 95650 255 95983 255 96316 255 96649 255 96983 254 97316 254 97649 254 97982 254 98316 253 98649 253 98983 252 99316 252 99650 251 99983 251 100316 251 100650 250 100983 250 101316 250 101650 249 101983 249 102316 249 102650 248 102983 248 103316 248 103649 248 103982 248 104314 249 104647 249 104980 249 105313 249 105646 249 105978 250 106311 250 106644 250 106977 250 107310 250 107642 251 107975 251 108307 252 108640 252 108973 252 109305 253 109637 254 109970 254 110302 255 110635 255 110967 256 111299 257 111632 257 111964 258 112296 259 112629 259 112961 260 113293 261 113625 262 113958 262 114290 263 114622 264 114954 265 115286 266 115619 266 115951 267 116283 268 116615 269 116948 269 117280 270 117612 271 117945 271 118277 272 118609 273 118942 273 119274 274 119606 275 119939 275 120271 276 120604 276 120936 277 121268 278 121601 278 121933 279 122266 279 122598 39 122646 232 122931 36 122980 231 123263 34 123313 231 123596 32 123646 231 123929 30 123979 231 124261 29 124312 231 124594 27 124646 230 124927 24 124980 229 125259 23 125313 229 125592 21 125646 229 125925 19 125979 229 126258 17 126312 229 126592 15 126644 230 126925 12 126977 230 127259 9 127310 230 127643 230 127976 230 128309 230 128642 230 128975 230 129308 230 129641 230 129974 230 130307 230 130639 231 130972 231 131305 231 131638 231 131971 231 132304 231 132637 231 132970 231 133303 231 133636 231 133969 231 134303 230 134636 230 134969 230 135302 230 135635 230 135968 230 136301 230 136635 229 136968 229 137301 229 137634 229 137967 229 138300 229 138633 229 138966 229 139299 229 139632 229 139965 229 140298 229 140631 229 140964 229 141297 229 141630 229 141963 229 142296 229 142629 229 142962 229 143295 229 143629 228 143962 228 144295 228 144628 228 144961 228 145294 228 145627 228 145960 228 146293 228 146626 228 146959 228 147292 228 147626 227 147959 227 148292 227 148625 227 148958 227 149291 227 149624 227 149957 227 150291 226 150624 226 150957 226 151290 226 151623 226 151956 226 152289 226 152622 226 152955 226 153288 226 153621 226 153954 226 154287 226 154620 226 154953 226 155285 227 155618 227 155951 227 156283 228 156616 228 156948 229 157281 229 157613 230 157946 230 158278 231 158611 231 158943 232 159276 232 159608 233 159940 234 160272 235 160604 236 160936 237 161268 238 161600 239 161932 240 162264 241 162596 242 162929 242 163262 242 163595 242 163929 241 164263 240 164598 238 164931 238 165265 237 165598 237 165931 236 166264 236
samoyed_185,18732 12 19223 24 19718 31 20214 36 20710 42 21207 46 21704 50 22201 54 22698 58 23195 62 23692 66 24189 70 24687 73 25184 78 25682 81 26179 86 26677 89 27174 94 27671 99 28167 105 28664 110 29161 115 29657 122 30154 127 30651 133 31149 137 31647 142 32145 146 32643 150 33141 154 33639 158 34137 163 34635 167 35133 171 35631 175 36129 178 36627 182 37125 185 37624 188 38122 191 38621 193 39120 195 39618 198 40117 200 40615 203 41114 205 41612 208 42110 211 42608 214 43105 218 43603 221 44100 225 44597 229 45095 233 45593 236 46092 238 46590 241 47089 244 47588 246 48087 248 48586 250 49085 252 49584 254 50084 255 50583 257 51083 259 51582 261 52082 262 52581 265 53081 266 53581 268 54080 271 54580 272 55080 274 55579 277 56079 279 56578 281 57078 283 57578 285 58077 289 58577 292 59077 297 59576 303 60076 309 60575 316 61075 328 61574 350 62074 352 62573 355 63073 355 63572 357 64071 358 64571 358 65071 358 65570 359 66070 359 66570 329 66906 23 67069 328 67409 20 67569 327 67911 18 68069 327 68414 14 68569 327 68916 12 69068 328 69420 6 69568 328 70068 328 70568 329 71068 329 71568 330 72068 331 72568 332 73067 334 73567 334 74066 336 74566 337 75066 338 75565 339 76065 340 76565 340 77064 342 77564 342 78063 344 78563 344 79063 344 79563 344 80063 343 80564 342 81064 342 81564 342 82065 340 82565 340 83065 340 83565 339 84066 337 84566 337 85067 334 85567 333 86068 330 86568 327 87068 323 87569 318 88069 314 88570 310 89070 309 89571 306 90072 305 90572 304 91073 302 91574 301 92075 300 92575 300 93076 298 93578 296 94079 295 94580 294 95081 294 95583 292 96084 292 96585 292 97087 291 97588 263 97854 25 98089 260 98355 28 98590 257 98857 41 99090 256 99358 49 99417 2 99591 254 99858 68 100092 219 100317 27 100359 74 100592 216 100821 22 100859 77 101093 212 101324 18 101359 78 101593 210 101827 14 101859 79 102094 208 102331 8 102360 79 102594 206 102860 80 103095 204 103360 81 103596 203 103860 81 104096 202 104360 82 104597 201 104859 83 105098 199 105359 83 105599 198 105859 83 106100 197 106358 84 106601 196 106858 84 107102 194 107358 84 107603 193 107857 85 108104 192 108357 85 108605 191 108856 86 109105 190 109356 86 109606 189 109855 87 110107 188 110354 88 110608 186 110854 88 111109 185 111353 88 111609 184 111852 88 112110 183 112352 88 112611 182 112851 88 113111 182 113351 86 113612 181 113850 86 114112 181 114350 85 114613 180 114849 84 115113 180 115348 84 115613 180 115846 85 116114 180 116345 84 116614 180 116844 83 117114 180 117342 84 117615 180 117841 83 118115 180 118340 82 118615 181 118838 83 119115 182 119337 82 119615 183 119835 82 120115 184 120334 81 120615 185 120832 81 121115 186 121330 81 121615 189 121828 80 122116 191 122326 79 122616 193 122823 78 123116 195 123321 76 123616 278 124117 274 124617 271 125117 269 125618 266 126118 264 126618 262 127119 258 127619 256 128120 253 128620 250 129121 247 129621 245 130122 242 130623 239 131123 237 131624 234 132125 232 132626 228 133127 225 133628 222 134129 219 134629 217 135130 214 135631 211 136132 209 136633 206 137134 204 137635 202 138136 199 138637 197 139138 195 139639 193 140140 190 140642 187 141143 184 141644 182 142145 179 142646 177 143148 173 143649 170 144150 167 144652 163 145153 160 145655 155 146157 149 146658 145 147160 140 147662 134 148164 128 148667 120 149169 112 149671 105 150173 98 150675 91 151177 85 151680 78 152183 72 152687 64 153191 57 153695 50 154201 40 154716 16
leonberger_105,34400 3 34898 6 35397 7 35896 9 36395 10 36894 11 37393 12 37892 13 38391 13 38890 14 39389 15 39888 16 40387 17 40886 18 41385 18 41883 20 42382 21 42880 23 43378 26 43875 29 44371 33 44840 64 45331 73 45819 85 46313 91 46809 95 47081 12 47307 98 47579 20 47805 100 48077 41 48187 32 48303 103 48576 73 48678 45 48801 105 49074 93 49169 58 49300 107 49573 157 49798 110 50072 161 50295 113 50571 166 50793 116 51070 171 51289 121 51569 180 51784 127 52067 193 52273 139 52566 347 53065 349 53563 352 54062 355 54560 358 55059 360 55558 361 56056 363 56555 364 57054 364 57552 364 58051 362 58549 360 59048 357 59547 355 60046 354 60545 354 61044 354 61543 354 62043 353 62542 354 63042 354 63541 355 64041 355 64540 356 65040 356 65540 356 66039 358 66538 361 67038 362 67538 364 67961 3 68037 367 68456 11 68537 372 68949 19 69036 380 69444 25 69536 384 69940 29 70036 389 70434 36 70535 435 71035 436 71535 436 72034 437 72534 437 73033 438 73533 438 74032 439 74532 439 75032 439 75532 439 76031 440 76531 440 77031 439 77531 439 78030 439 78530 439 79030 438 79530 384 79938 29 80030 379 80446 20 80530 377 80950 15 81030 375 81454 9 81530 374 82030 372 82530 371 83029 371 83529 370 84029 369 84529 369 85029 368 85529 367 86029 367 86529 366 87029 366 87529 366 88029 366 88529 366 89029 366 89529 366 90029 367 90529 367 91029 368 91529 368 92029 369 92529 369 93030 369 93530 369 94030 370 94530 371 95031 370 95531 371 96031 371 96531 372 97032 371 97532 372 98032 372 98532 373 99033 372 99533 373 100034 372 100534 372 101034 373 101535 372 102035 373 102536 372 103036 373 103537 372 104037 373 104537 373 105038 373 105538 375 106039 376 106539 378 107040 393 107541 397 108042 398 108543 399 109044 399 109545 399 110046 399 110547 398 111048 398 111549 397 112050 397 112551 60 112619 328 113052 56 113122 325 113553 53 113625 322 114054 51 114130 318 114555 49 114635 313 115056 47 115139 309 115557 45 115642 306 116058 43 116145 303 116559 41 116649 299 117060 39 117152 296 117561 37 117655 293 118062 36 118157 291 118564 33 118659 289 119065 32 119161 286 119566 30 119663 284 120068 27 120164 283 120569 26 120666 280 121070 24 121167 278 121572 21 121669 275 122074 18 122170 273 122576 14 122671 269 123078 10 123172 259 123581 4 123673 248 124173 244 124674 240 125175 237 125677 233 126179 229 126682 224 127186 218 127690 212 128194 206 128698 201 129203 193 129710 184 130217 176 130720 171 131223 166 131725 163 132227 160 132728 157 133230 154 133731 152 134232 150 134734 147 135235 145 135736 143 136237 141 136739 139 137240 137 137741 135 138242 133 138743 131 139244 129 139745 127 140246 125 140747 123 141248 121 141750 118 142251 116 142752 114 143254 111 143756 108 144259 104 144763 99 145267 94 145771 89 146274 85 146777 81 147278 79 147780 76 148281 74 148781 74 149281 73 149781 72 150281 72 150780 72 151279 72 151777 73 152276 73 152775 73 153275 72 153774 72 154274 70 154774 69 155275 66 155775 65 156276 62 156777 60 157278 58 157779 55 158280 53 158781 51 159281 50 159783 47 160284 45 160785 43 161286 41 161787 39 162288 37 162790 34 163291 32 163793 29 164294 27 164796 23 165298 20 165799 16 166303 1 166305 2
english_setter_182,11552 11 11940 20 12329 25 12719 29 13108 34 13498 38 13888 41 14278 45 14668 48 15057 53 15447 56 15836 60 16225 65 16615 69 17004 73 17394 78 17784 82 18174 86 18564 91 18955 93 19345 98 19735 101 20125 105 20513 111 20901 116 21271 3 21282 129 21657 149 22047 153 22436 157 22825 161 23216 165 23605 170 23996 172 24385 176 24776 177 25166 180 25556 183 25946 186 26336 189 26726 192 27115 196 27504 199 27894 202 28284 205 28675 206 29066 209 29457 211 29849 214 30240 218 30631 220 31023 221 31415 223 31806 225 32197 228 32589 229 32980 231 33371 233 33763 234 34154 237 34545 240 34937 241 35328 243 35719 246 35993 9 36110 248 36382 15 36501 250 36767 1 36771 20 36893 252 37157 27 37284 254 37546 32 37675 258 37937 34 38067 309 38458 313 38850 318 39241 324 39632 326 40024 329 40416 332 40807 335 41199 338 41590 343 41982 346 42374 348 42765 352 43157 353 43549 354 43940 356 44332 357 44724 357 45115 358 45507 358 45899 358 46291 358 46682 359 47074 359 47466 359 47858 359 48250 359 48641 360 49033 360 49425 360 49817 360 50208 361 50600 361 50992 361 51384 361 51776 361 52167 362 52559 362 52951 362 53343 362 53735 362 54127 362 54518 363 54910 363 55302 363 55694 363 56086 362 56478 362 56870 362 57262 362 57654 362 58045 363 58437 363 58829 364 59221 364 59613 364 60005 364 60397 364 60789 364 61181 364 61573 364 61965 364 62357 364 62749 364 63141 364 63533 364 63925 364 64317 364 64709 364 65101 364 65493 364 65885 364 66277 364 66669 364 67061 364 67453 364 67845 364 68237 364 68629 364 69021 364 69413 364 69805 364 70197 364 70589 364 70981 364 71373 364 71765 364 72157 364 72550 363 72942 363 73334 363 73726 363 74118 363 74510 363 74902 363 75294 363 75686 363 76078 363 76471 362 76863 362 77255 362 77647 362 78039 362 78432 361 78824 361 79216 361 79609 360 80001 360 80393 360 80786 359 81178 359 81571 358 81963 358 82355 358 82748 357 83141 356 83533 356 83926 355 84318 355 84711 354 85104 353 85496 353 85889 352 86282 351 86674 351 87067 350 87460 349 87852 349 88245 348 88637 348 89030 347 89422 347 89815 346 90207 346 90600 345 90992 345 91385 344 91777 344 92170 343 92563 342 92955 342 93348 341 93741 340 94133 340 94526 339 94919 338 95311 338 95704 337 96097 336 96489 336 96882 335 97275 334 97667 334 98060 333 98453 332 98845 332 99238 331 99631 330 100023 330 100415 330 100808 329 101201 328 101593 328 101986 327 102378 195 102575 130 102771 192 102969 19 102993 104 103164 190 103365 14 103386 103 103557 188 103759 11 103779 102 103950 187 104152 9 104172 101 104343 185 104546 5 104564 101 104737 182 104957 100 105131 179 105349 100 105533 167 105741 100 105932 160 106134 99 106364 120 106526 99 106761 115 106919 98 107156 112 107311 97 107550 110 107704 96 107946 106 108097 94 108341 103 108492 91 108737 99 108887 87 109134 94 109282 84 109529 91 109691 4 109702 56 109925 87 110095 55 110323 82 110488 54 110722 75 110881 53 111123 67 111274 51 111520 62 111666 51 111915 59 112058 51 112310 56 112451 51 112704 54 112844 50 113098 53 113236 51 113491 53 113629 50 113884 55 114021 50 114277 56 114414 49 114670 61 114807 48 115062 62 115199 49 115455 64 115591 49 115848 68 115917 3 115980 52 116240 73 116366 59 116632 76 116745 72 117025 77 117134 75 117417 80 117524 77 117809 92 117914 79 118202 93 118297 2 118304 81 118594 183 118986 183 119378 183 119770 183 120162 183 120554 183 120946 183 121338 183 121730 183 122122 183 122514 183 122906 183 123298 183 123690 183 124082 183 124473 184 124865 184 125257 184 125649 184 126040 185 126432 185 126824 185 127216 185 127608 185 127999 186 128391 186 128783 186 129175 186 129566 187 129958 187 130350 187 130742 187 131134 187 131525 188 131917 188 132309 188 132701 188 133093 188 133484 189 133876 189 134268 189 134660 189 135051 190 135443 190 135835 190 136227 190 136618 191 137010 191 137402 191 137794 191 138185 192 138577 192 138969 192 139360 193 139752 193 140144 193 140535 194 140927 194 141318 195 141710 195 142101 196 142493 196 142884 197 143276 197 143667 198 144059 198 144450 199 144841 200 145233 200 145624 201 146016 201 146407 202 146798 203 147189 204 147581 204 147972 205 148364 205 148755 206 149146 207 149538 207 149929 208 150320 209 150711 210 151102 211 151494 211 151885 212 152276 213 152668 213 153059 214 153451 214 153842 215 154234 215 154625 216 155017 216 155409 216 155801 216 156193 216 156585 216 156977 216 157369 216 157761 216 158153 216 158546 215 158938 215 159330 215 159722 215 160114 215 160507 214 160899 214 161291 214 161683 214 162076 213 162468 213 162860 213 163252 213 163645 212 164037 212 164429 212 164822 211 165214 211 165606 211 165999 210 166391 210 166784 209 167177 208 167570 207 167963 206 168356 205 168749 204 169142 203 169536 201 169929 200 170323 198 170716 197 171109 196 171503 194 171896 193 172290 191 172683 190 173076 189 173470 187 173864 185 174258 183 174652 181 175047 178 175440 177 175834 175 176227 174 176620 173 177012 173 177405 172 177797 172 178190 171 178582 171 178975 170 179368 169 179760 169 180153 168 180545 168 180937 168 181330 167 181723 166 182115 166 182508 165 182901 164 183294 163 183686 163 184079 162 184472 161 184864 161 185256 161 185649 160 186041 160 186434 159 186827 158 187219 158 187612 157 188005 156 188398 155 188790 155 189184 153 189576 153 189969 152 190362 151 190755 150 191148 149 191541 148 191934 147 192327 146 192720 145 193113 144 193508 140 193902 138 194297 134 194690 131 195084 127 195484 118 195879 113
yorkshire_terrier_18,262 57 331 21 634 99 1007 103 1381 106 1755 110 2129 113 2503 116 2877 119 3251 121 3625 122 3999 123 4373 125 4747 127 5121 129 5495 130 5869 131 6243 132 6617 133 6991 135 7366 135 7740 136 8114 137 8488 138 8862 139 9236 140 9610 141 9985 141 10359 142 10733 143 11107 144 11481 145 11855 146 12229 147 12603 148 12978 148 13352 149 13726 150 14100 151 14474 152 14849 152 15223 153 15597 154 15971 155 16346 155 16720 156 17094 157 17468 158 17843 158 18217 159 18591 160 18965 161 19340 161 19714 162 20088 163 20462 164 20836 165 21059 8 21210 166 21430 15 21584 167 21802 20 21959 167 22175 24 22333 168 22547 29 22707 169 22920 33 23081 170 23293 39 23455 171 23667 44 23830 171 24040 51 24204 172 24414 64 24578 173 24788 81 24952 174 25163 87 25326 175 25537 91 25700 176 25912 95 26074 177 26286 98 26449 177 26661 99 26823 178 27036 102 27197 179 27410 105 27570 181 27785 107 27944 182 28160 110 28318 183 28535 111 28692 184 28910 113 29066 185 29285 115 29440 186 29660 117 29814 187 30035 119 30187 189 30410 121 30561 190 30785 123 30935 191 31161 124 31308 193 31536 127 31681 195 31911 129 32053 198 32286 136 32423 203 32661 340 33036 340 33411 340 33786 340 34161 340 34536 340 34911 340 35286 340 35661 340 36036 340 36411 340 36786 340 37161 340 37537 339 37912 339 38287 339 38663 338 39038 338 39414 337 39789 337 40165 336 40541 335 40916 335 41292 334 41667 334 42043 333 42419 332 42794 332 43170 331 43545 331 43921 330 44296 330 44672 329 45047 329 45423 328 45798 328 46173 328 46548 328 46924 327 47299 327 47674 327 48049 327 48424 327 48799 327 49174 327 49549 327 49924 327 50299 327 50674 327 51049 327 51424 327 51798 328 52173 328 52548 328 52923 328 53297 329 53672 329 54047 329 54421 330 54796 330 55171 330 55546 330 55920 331 56295 331 56670 331 57044 332 57419 332 57794 332 58168 333 58543 333 58918 333 59293 333 59667 334 60042 334 60417 334 60792 334 61167 334 61542 334 61916 335 62292 334 62667 334 63042 334 63417 334 63792 334 64167 300 64478 23 64542 298 64856 20 64917 296 65235 16 65292 294 65612 14 65667 292 65989 12 66042 291 66366 10 66417 290 66743 6 66791 290 67121 1 67166 289 67541 288 67916 287 68291 286 68666 285 69040 285 69415 285 69790 284 70165 283 70539 283 70914 282 71289 281 71664 281 72039 280 72414 279 72788 279 73163 278 73538 277 73913 276 74288 275 74663 275 75039 273 75414 272 75790 270 76164 270 76539 269 76913 269 77288 269 77663 268 78038 268 78413 267 78788 267 79163 266 79538 266 79913 265 80288 265 80663 264 81038 264 81413 263 81788 262 82163 262 82538 261 82913 260 83289 258 83664 257 84039 256 84415 252 84790 245 85166 211 85542 207 85917 205 86292 202 86668 198 87044 195 87419 192 87795 189 88170 187 88546 185 88921 184 89297 182 89673 180 90049 178 90425 176 90801 174 91177 172 91554 169 91931 167 92308 164 92686 160 93062 159 93438 157 93814 156 94190 154 94567 151 94943 150 95319 148 95695 146 96072 144 96449 141 96825 140 97202 137 97579 134 97955 132 98332 130 98708 128 99085 125 99461 122 99838 119 100215 116 100592 113 100970 108 101348 103 101726 99 102104 94 102483 88 102860 84 103240 75 103619 68 103999 60 104378 53 104756 47 105134 40 105512 33 105890 27 106270 18
Bengal_8,89336 8 89666 37 89996 41 90326 44 90656 47 90986 50 91317 52 91646 56 91962 5 91974 60 92295 72 92627 73 92960 73 93293 73 93626 73 93959 73 94293 72 94626 71 94959 71 95292 71 95625 71 95958 71 96292 70 96624 70 96957 70 97290 70 97623 69 97956 69 98289 69 98622 69 98955 68 99288 68 99621 68 99953 69 100286 69 100619 68 100951 69 101284 70 101617 70 101949 71 102282 72 102614 73 102947 74 103057 5 103279 76 103381 18 103611 77 103711 24 103943 79 104042 28 104275 81 104373 32 104607 82 104705 35 104938 85 105036 39 105268 89 105368 43 105579 113 105699 51 105909 177 106239 184 106571 188 106903 191 107235 196 107567 200 107900 202 108233 206 108566 210 108899 213 109232 219 109566 224 109900 227 110234 252 110568 256 110902 261 111217 3 111237 271 111546 10 111571 276 111877 12 111906 278 112208 14 112241 283 112538 17 112576 312 112911 310 113245 309 113581 306 113918 302 114253 300 114590 295 114926 291 115261 288 115596 239 115841 40 115931 233 116190 22 116265 230 116526 17 116601 225 116864 8 116935 222 117269 220 117604 201 117813 6 117938 198 118271 195 118605 191 118939 186 119273 183 119607 181 119941 179 120275 177 120608 177 120942 175 121276 174 121609 173 121943 171 122276 171 122610 169 122943 169 123277 168 123511 10 123610 168 123840 15 123944 167 124167 21 124278 166 124491 32 124611 167 124818 38 124945 166 125125 1 125146 45 125278 167 125455 8 125472 52 125612 167 125786 72 125945 170 126117 73 126279 244 126612 244 126946 241 127279 237 127613 229 127946 223 128280 216 128613 208 128947 203 129281 199 129614 196 129947 195 130280 192 130614 189 130947 184 131281 183 131615 179 131948 175 132282 172 132615 168 132949 164 133282 161 133616 158 133949 155 134283 150 134616 147 134950 144 135283 141 135617 138 135950 136 136283 134 136617 130 136950 128 137283 126 137617 123 137950 121 138283 120 138617 116 138950 115 139284 113 139618 111 139951 111 140285 109 140618 110 140952 109 141285 109 141619 108 141952 109 142286 108 142619 109 142953 110 143286 111 143620 111 143953 112 144286 113 144620 112 144953 112 145286 113 145620 112 145953 113 146286 113 146620 113 146953 113 147287 113 147621 114 147954 117 148289 117 148623 117 148957 119 149292 118 149627 117 149963 114 150300 109 150435 4 150635 94 150972 38 151037 14 151307 30 151641 24 151977 14 152313 6
Bengal_1,128081 5 128979 11 129878 14 130778 17 131678 19 132579 20 133479 22 134380 23 135280 25 136181 26 137082 28 137983 29 138884 30 139785 31 140686 32 141587 34 142488 36 143389 38 144290 39 145192 41 146093 42 146994 44 147895 46 148796 49 149698 50 150599 53 151501 54 152403 56 153306 56 154209 56 155112 56 156015 58 156918 59 157822 59 158725 60 159628 61 160532 64 161435 66 162340 66 163243 68 164147 71 165050 71 165954 73 166857 74 167761 75 168664 77 169568 78 170471 80 171375 79 172278 81 173181 82 174085 83 174988 83 175891 85 176794 85 177696 87 178599 88 179503 88 180406 88 181309 89 182212 89 183115 89 184018 90 184921 90 185824 90 186726 91 187629 91 188531 92 189434 92 190337 91 191240 91 192142 91 193045 91 193947 91 194850 90 195752 91 196655 90 197557 90 198459 91 199361 91 200263 91 201165 91 202067 91 202968 92 203870 92 204772 92 205674 92 206575 93 207476 94 208378 93 209279 95 210180 96 211081 98 211983 98 212884 100 213785 101 214685 104 215586 105 216486 108 217387 110 218288 112 219189 114 220089 117 220990 120 221890 125 222790 129 223691 132 224592 137 225492 142 226393 146 227293 153 228194 158 229094 162 229994 168 230894 175 231794 181 232695 185 233595 192 234495 199 235395 206 236295 212 237195 218 238095 223 238995 230 239895 235 240796 240 241695 245 242596 249 243496 255 244396 260 245296 269 246196 276 246657 12 247096 286 247552 27 247996 291 248449 35 248896 299 249347 41 249796 304 250245 46 250696 310 251144 51 251596 316 252042 56 252495 321 252941 60 253395 326 253839 65 254294 331 254738 69 255193 338 255636 74 256093 342 256535 78 256992 349 257431 85 257831 19 257892 354 258330 89 258729 25 258791 361 259227 94 259628 44 259690 367 260125 99 260528 50 260588 376 261021 106 261428 442 261918 112 262328 450 262813 119 263229 458 263706 129 264129 608 265030 609 265930 612 266831 613 267731 616 268632 618 269532 621 270433 622 271333 624 272233 627 273134 627 274034 630 274935 631 275835 633 276736 634 277636 636 278537 637 279438 639 280338 641 281239 642 282139 644 283040 645 283941 647 284842 648 285743 650 286644 651 287545 653 288446 654 289347 656 290247 660 291148 663 292048 667 292949 671 293849 674 294750 677 295651 679 296551 682 297452 683 298353 684 299254 685 300155 685 301055 687 301956 687 302857 687 303757 689 304658 689 305559 689 306459 690 307360 690 308261 690 309162 690 310062 691 310963 691 311864 691 312765 691 313667 690 314568 690 315469 691 316370 691 317271 691 318173 691 319074 691 319976 691 320878 690 321779 691 322680 691 323582 691 324484 690 325385 690 326286 691 327188 690 328089 690 328990 691 329891 692 330792 692 331694 692 332595 693 333496 694 334398 695 335299 699 336200 702 337101 704 338002 705 338903 706 339804 706 340705 707 341606 707 342506 708 343407 708 344308 708 345208 709 346109 709 347010 709 347911 151 348086 534 348812 144 348993 528 349713 137 349904 518 350614 133 350809 514 351514 128 351717 507 352415 124 352622 503 353315 119 353529 497 354216 115 354433 494 355116 111 355343 485 356017 107 356253 476 356917 105 357162 468 357818 100 358070 461 358718 97 358978 453 359619 94 359886 446 360520 91 360793 440 361420 85 361701 432 362321 80 362607 427 363223 23 363514 421 364124 18 364419 417 365026 13 365325 411 365928 8 366228 409 367134 403 368038 400 368943 396 369848 391 370753 387 371661 380 372566 376 373472 370 374378 365 375286 358 376191 353 377098 347 378004 341 378911 335 379816 330 380723 323 381628 318 382536 311 383442 305 384348 299 385254 293 386160 286 387067 279 387973 272 388883 261 389789 253 390699 241 391604 227 392511 213 393416 201 394324 187 395229 180 396136 170 397040 164 397946 157 398851 150 399756 144 400660 140 401563 137 402467 133 403371 129 404275 125 405179 122 406083 118 406986 116 407890 113 408794 109 409699 105 410603 102 411508 98 412412 95 413318 90 414223 86 415127 83 416032 80 416936 77 417840 75 418743 73 419648 70 420552 68 421455 67 422359 65 423263 63 424167 61 425070 61 425974 59 426878 58 427781 57 428684 57 429588 56 430492 55 431396 54 432300 53 433205 51 434108 50 435013 48 435916 47 436820 45 437723 44 438627 43 439531 41 440434 40 441338 38 442241 37 443144 36 444047 34 444950 33 445853 31 446756 30 447658 30 448561 29 449464 27 450366 27 451269 26 452172 25 453075 23 453978 22 454881 21 455783 21 456685 20 457588 19 458491 18 459393 17 460296 16 461198 16 462100 16 463003 14 463905 14 464807 13 465709 13 466612 11 467514 10 468417 8 469319 7 470223 3
Maine_Coon_105,148 120 480 121 813 121 1145 123 1477 124 1809 126 2141 128 2473 129 2805 130 3137 131 3470 131 3801 134 4133 135 4464 137 4795 139 5123 145 5452 149 5777 158 6108 160 6439 162 6771 163 7103 164 7435 165 7766 167 8094 1 8097 169 8423 175 8754 177 9084 180 9417 179 9748 181 10080 182 10411 183 10742 185 11074 186 11404 189 11735 190 12063 195 12325 2 12382 209 12655 13 12712 212 12988 22 13021 12 13042 214 13321 268 13654 268 13987 267 14320 267 14653 267 14986 266 15319 266 15652 266 15985 265 16318 265 16651 265 16984 264 17317 264 17650 263 17983 263 18316 262 18649 261 18982 261 19315 260 19648 259 19981 259 20314 258 20647 257 20980 257 21313 256 21646 256 21979 255 22312 255 22645 254 22978 254 23311 254 23644 254 23977 253 24310 253 24643 253 24976 252 25309 252 25642 252 25975 252 26308 252 26641 252 26974 252 27307 252 27640 253 27973 253 28306 253 28639 254 28972 254 29305 255 29638 255 29971 256 30304 256 30637 256 30970 257 31303 258 31571 2 31636 258 31904 3 31969 259 32236 5 32302 260 32569 6 32635 261 32902 7 32968 265 33234 9 33301 275 33634 277 33967 277 34300 277 34633 278 34966 278 35299 278 35632 279 35965 280 36298 280 36632 279 36970 274 37305 272 37639 271 37972 271 38306 269 38639 269 38972 269 39306 268 39639 267 39972 267 40306 266 40639 265 40972 265 41305 264 41638 264 41972 263 42305 263 42638 264 42971 264 43305 263 43638 263 43971 264 44304 264 44637 264 44970 264 45303 265 45637 265 45970 265 46303 267 46636 269 46969 271 47302 273 47635 274 47968 276 48302 278 48635 280 48968 284 49301 287 49634 289 49968 288 50301 289 50634 289 50967 289 51300 290 51633 290 51966 290 52299 290 52632 289 52965 289 53298 288 53631 288 53964 287 54297 286 54630 285 54963 284 55296 283 55629 282 55962 280 56295 279 56628 278 56961 272 57294 270 57627 269 57960 269 58293 269 58626 269 58959 269 59292 269 59625 269 59958 268 60291 268 60624 268 60957 269 61290 270 61592 2 61623 270 61923 6 61956 270 62230 5 62255 8 62289 270 62562 7 62587 9 62622 270 62894 9 62919 11 62955 287 63251 12 63288 292 63583 14 63621 309 63954 310 64287 310 64620 310 64953 310 65286 311 65619 311 65951 311 66284 311 66617 311 66950 311 67283 311 67616 311 67949 310 68281 311 68614 311 68947 310 69279 311 69612 311 69945 311 70277 312 70610 312 70943 312 71275 300 71576 12 71608 300 71909 12 71941 313 72273 314 72606 315 72939 315 73271 316 73604 316 73937 316 74269 317 74602 317 74935 317 75267 318 75599 319 75929 307 76238 13 76261 308 76571 13 76594 323 76927 323 77259 324 77592 309 77904 11 77925 308 78238 9 78258 307 78572 7 78591 307 78904 7 78924 309 79236 9 79257 321 79589 322 79922 322 80256 321 80588 322 80921 322 81254 311 81567 8 81587 309 81903 3 81920 309 82252 309 82585 309 82918 309 83251 309 83584 309 83917 309 84250 310 84583 310 84916 309 85249 310 85582 310 85915 311 86248 256 86506 53 86567 2 86581 250 86842 20 86863 30 86898 5 86914 249 87178 11 87198 27 87231 6 87247 249 87532 26 87564 6 87580 248 87866 24 87897 6 87913 248 88200 23 88230 6 88246 247 88534 22 88564 5 88579 247 88869 20 88897 4 88912 247 89203 18 89231 3 89245 246 89540 14 89578 246 89874 13 89911 245 90207 12 90244 245 90540 12 90577 244 90873 12 90910 244 91206 12 91243 243 91539 11 91576 243 91872 11 91909 243 92205 11 92242 243 92539 10 92575 243 92872 9 92908 243 93205 9 93241 243 93539 7 93574 243 93872 7 93907 243 94205 7 94240 243 94540 5 94573 243 94873 4 94906 243 95206 4 95239 243 95540 2 95572 243 95905 243 96238 243 96571 242 96904 242 97237 242 97570 242 97903 243 98236 243 98569 244 98902 244 99235 245 99568 245 99901 245 100234 246 100567 246 100900 246 101233 247 101566 247 101899 248 102232 248 102565 249 102898 249 103231 1 103233 247 103567 246 103901 244 104235 243 104570 241 104907 237 105244 232 105494 2 105586 224 105826 4 105928 214 106159 5 106266 209 106492 6 106605 203 106825 8 106941 201 107158 10 107276 199 107492 11 107610 198 107826 12 107945 196 108159 13 108279 195 108493 13 108612 195 108827 14 108946 194 109161 14 109279 195 109495 13 109612 195 109828 14 109946 194 110162 15 110279 194 110496 15 110613 194 110829 15 110946 194 111163 15 111280 193 111496 16 111613 193 111830 16 111946 194 112163 17 112280 193 112497 18 112614 192 112831 18 112947 192 113165 18 113281 191 113499 18 113614 191 113833 18 113948 191 114167 18 114281 191 114500 18 114615 190 114834 18 114948 190 115167 18 115281 190 115501 18 115614 190 115834 18 115947 191 116168 18 116281 190 116502 17 116614 190 116836 16 116947 190 117170 16 117280 190 117504 15 117613 191 117838 15 117946 191 118171 15 118279 191 118505 14 118613 191 118839 13 118946 191 119173 12 119279 192 119507 12 119613 191 119841 10 119946 192 120175 9 120279 192 120509 7 120613 192 120843 5 120946 192 121179 2 121279 193 121612 193 121946 193 122279 193 122612 194 122946 193 123279 193 123612 194 123945 194 124278 194 124611 195 124945 194 125278 194 125611 194 125945 194 126278 194 126611 195 126945 194 127278 194 127611 195 127945 194 128278 195 128611 195 128945 194 129279 194 129612 194 129945 195 130279 194 130612 194 130946 193 131280 192 131614 192 131947 192 132281 191 132615 190 132949 189 133283 188 133617 188 133821 4 133951 187 134153 7 134284 187 134486 8 134618 186 134819 9 134952 185 135152 10 135286 184 135485 11 135620 183 135818 12 135954 182 136150 14 136288 181 136483 14 136622 180 136816 14 136957 178 137149 15 137290 178 137482 15 137624 178 137815 16 137958 177 138148 16 138291 177 138480 18 138625 176 138813 18 138958 176 139146 19 139291 176 139479 19 139625 175 139812 20 139958 175 140145 27 140291 175 140478 28 140624 176 140811 29 140957 176 141144 30 141290 176 141478 30 141623 176 141811 31 141956 176 142144 31 142289 176 142477 32 142622 177 142810 32 142955 177 143143 33 143288 177 143476 33 143621 177 143809 34 143954 176 144142 34 144287 176 144474 35 144620 176 144807 36 144953 176 145141 35 145286 176 145474 35 145619 176 145807 36 145952 176 146140 37 146284 177 146473 37 146617 177 146805 39 146950 177 147138 39 147283 178 147471 39 147615 179 147804 40 147948 180 148130 1 148137 40 148281 184 148469 42 148613 186 148802 42 148946 186 149135 42 149278 233 149611 234 149943 235 150275 238 150608 239 150940 240 151272 241 151605 241 151937 243 152269 244 152602 244 152934 245 153267 245 153599 246 153931 247 154264 247 154596 249 154928 250 155261 250 155593 251 155925 252 156257 253 156589 254 156922 254 157254 255 157586 256 157918 257 158250 258 158583 258 158915 259 159248 258 159581 258 159913 258 160246 258 160579 258 160911 258 161244 257 161577 256 161910 255 162242 256 162575 255 162907 256 163240 255 163572 256 163905 254 164237 254 164570 253 164903 252 165236 250 165569 250 165903 247 166236 244
Ragdoll_132,16075 31 16436 49 16805 65 17177 74 17550 76 17922 79 18295 81 18668 83 19041 85 19414 87 19786 90 20157 94 20528 98 20864 8 20873 128 21236 140 21597 1 21608 143 21969 157 22342 159 22716 160 23090 161 23464 162 23829 2 23837 164 24202 174 24576 175 24950 176 25324 177 25698 178 26072 179 26445 181 26819 182 27192 184 27565 186 27936 190 28308 193 28681 195 29055 196 29428 198 29801 200 30174 202 30546 205 30919 207 31290 211 31661 215 32033 218 32404 222 32775 226 33146 230 33517 234 33889 237 34261 240 34632 244 35004 247 35374 252 35747 254 36119 257 36491 260 36862 264 37233 268 37606 270 37979 272 38353 273 38727 274 39100 276 39474 277 39846 280 40220 281 40593 283 40967 284 41340 286 41713 288 42086 290 42459 292 42831 295 43203 298 43575 301 43947 304 44321 305 44694 307 45068 308 45442 309 45817 309 46191 310 46566 310 46940 311 47315 311 47690 311 48065 311 48440 311 48815 311 49190 311 49565 311 49940 311 50315 311 50690 311 51065 311 51440 311 51815 311 52191 310 52566 310 52941 310 53317 309 53692 309 54067 309 54442 309 54818 308 55193 308 55568 308 55943 308 56318 308 56693 308 57068 308 57443 308 57818 308 58193 308 58567 309 58942 309 59317 309 59692 309 60066 310 60441 310 60816 310 61190 311 61565 311 61940 311 62314 312 62689 312 63063 313 63438 313 63812 314 64187 314 64561 315 64936 315 65311 315 65685 316 66060 316 66435 316 66809 317 67184 317 67559 317 67934 317 68309 317 68684 317 69059 317 69434 317 69809 317 70184 317 70558 318 70933 318 71308 318 71683 318 72058 318 72433 318 72808 318 73183 318 73558 318 73933 318 74308 318 74683 318 75058 318 75433 318 75807 319 76182 319 76557 319 76932 319 77307 319 77682 319 78057 319 78432 319 78807 319 79182 319 79557 319 79932 319 80307 319 80682 319 81057 319 81432 319 81807 319 82183 318 82558 318 82933 318 83308 318 83683 318 84058 318 84433 318 84808 318 85183 318 85558 318 85933 318 86308 318 86683 318 87058 318 87433 318 87809 317 88184 317 88559 317 88934 317 89309 317 89684 317 90059 317 90435 316 90810 316 91185 316 91560 316 91935 316 92310 316 92686 315 93061 315 93436 315 93811 315 94186 315 94561 315 94936 315 95311 315 95686 315 96061 315 96436 315 96811 315 97186 315 97561 315 97936 315 98311 315 98686 315 99061 315 99436 315 99812 314 100187 314 100562 314 100937 314 101312 314 101687 314 102062 314 102437 314 102813 313 103188 313 103563 313 103938 313 104313 313 104689 312 105064 312 105439 312 105814 312 106189 312 106564 312 106939 312 107314 312 107689 312 108064 312 108439 312 108814 312 109189 312 109564 312 109939 312 110314 312 110688 313 111063 313 111438 313 111813 313 112187 314 112562 314 112937 314 113311 315 113686 315 114061 315 114435 316 114810 316 115184 317 115559 317 115934 317 116309 317 116683 318 117058 318 117433 318 117808 318 118182 319 118557 319 118932 319 119307 319 119681 320 120056 320 120431 320 120806 320 121180 321 121555 321 121930 321 122305 321 122679 322 123054 322 123429 322 123803 323 124178 323 124553 323 124927 324 125302 324 125677 324 126051 325 126426 325 126800 45 126865 261 127175 40 127246 255 127550 37 127624 252 127924 36 128002 249 128299 33 128381 245 128673 31 128762 239 129048 28 129143 233 129422 27 129521 230 129797 24 129899 227 130171 23 130276 225 130546 21 130653 223 130920 21 131030 221 131295 19 131407 219 131669 18 131784 217 132043 18 132161 215 132418 16 132539 212 132793 15 132917 209 133167 14 133298 203 133541 14 133683 193 133916 13 134073 178 134291 11 134465 161 134665 11 134845 156 135040 10 135223 153 135414 9 135601 150 135789 8 135978 148 136164 7 136355 146 136540 4 136732 144 137110 141 137488 138 137865 136 138242 134 138618 133 138995 92 139089 6 139101 25 139371 86 139477 24 139747 83 139853 23 140124 78 140229 22 140502 30 140548 1 140570 1 140605 21 140881 8 140982 19 141357 19 141735 16 142112 14 142487 14 142863 13 143240 11 143616 10 143991 10 144367 9 144743 5 144749 2 150266 1 150641 1 154011 1 154761 1 155135 5 155511 3 155885 5 156259 6 156635 4 157010 4 157384 6 157759 5 158134 5 158509 6 158884 6 159259 5 159634 7 160009 7 160384 6 160758 9 161133 9 161509 7 161884 8 162259 8 162634 8 163009 8 163384 10 163759 8 164134 8 164509 10 164884 8 165259 10 165633 12 166008 11 166383 11 166757 13 167132 12 167507 12 167881 15 168256 14 168631 14 169005 16 169380 16 169755 16 170129 18 170504 18 170879 17 171254 18 171629 18 172004 17 172379 17 172754 17 173129 16 173504 16 173879 16 174254 15 174629 15 175004 16 175379 16 175754 16 176128 19 176503 19 176877 21 177251 24 177626 25 178000 26 178372 32 178745 36 178868 2 179120 36 179244 1 179495 37 179872 35 180250 31 180626 28 181002 25 181378 23 181754 20 182130 16 182507 6
shiba_inu_106,50402 8 50769 28 51138 42 51509 52 51880 59 52250 68 52622 73 52992 81 53362 89 53697 27 53732 96 54064 141 54429 153 54796 163 55167 169 55540 173 55914 175 56288 178 56662 180 57036 183 57411 184 57786 186 58160 188 58535 190 58910 191 59285 192 59660 194 60035 195 60410 197 60785 198 61160 200 61535 201 61910 203 62285 204 62660 206 63035 207 63411 208 63786 210 64161 211 64536 213 64912 213 65287 214 65662 216 66038 216 66413 217 66788 218 67164 218 67539 220 67915 220 68290 221 68665 222 69041 222 69416 223 69791 223 70167 223 70542 225 70918 225 71293 226 71668 227 72044 227 72419 228 72795 228 73171 228 73546 229 73922 229 74298 229 74673 230 75049 230 75425 231 75801 232 76176 237 76552 240 76928 245 77304 253 77680 257 78055 268 78431 270 78806 272 79182 272 79557 272 79932 272 80307 273 80683 272 81058 272 81433 272 81809 270 82184 270 82559 236 82815 14 82934 231 83195 8 83310 226 83573 4 83685 223 84060 221 84436 209 84646 5 84811 207 85186 207 85561 206 85936 206 86312 205 86687 204 87062 204 87437 203 87812 203 88187 202 88563 201 88938 201 89313 200 89688 200 90063 199 90438 199 90814 197 91189 197 91564 196 91939 196 92314 196 92689 195 93064 195 93439 194 93815 193 94190 192 94565 192 94940 191 95315 190 95690 190 96065 189 96440 189 96815 188 97190 188 97565 187 97940 186 98315 185 98690 185 99065 184 99440 183 99815 183 100190 182 100564 183 100939 182 101314 182 101688 182 102063 182 102437 182 102812 182 103187 182 103561 183 103936 183 104310 184 104685 184 105060 184 105434 185 105809 186 106184 187 106559 187 106934 188 107309 189 107684 190 108059 191 108435 192 108811 192 109188 192 109566 190 109944 189 110330 181 110716 173 111096 171 111476 169 111856 167 112233 167 112612 29 112660 117 112990 21 113038 116 113369 12 113417 114 113798 18 113833 76 114211 75 114590 74 114970 72 115349 71 115730 67 116108 66 116488 62 116869 57 117255 47 117640 37 118021 31 118400 26 118779 21 119158 15 119541 1
wheaten_terrier_30,141 236 515 238 886 243 1251 254 1623 258 1996 261 2369 264 2742 267 3115 270 3488 273 3861 276 4234 279 4606 283 4935 14 4953 9 4979 286 5308 333 5659 5 5681 336 6031 14 6053 340 6402 367 6776 369 7149 372 7524 373 7899 8270 16172 373 16551 370 16929 368 17307 366 17685 364 18063 362 18442 359 18820 357 19199 354 19578 351 19956 349 20333 348 20711 346 21089 344 21468 341 21846 339 22224 337 22602 335 22980 333 23358 331 23736 329 24115 326 24492 325 24871 322 25251 318 25631 314 26009 312 26388 309 26767 306 27146 303 27526 299 27905 296 28284 293 28662 291 29040 289 29418 287 29796 285 30173 284 30551 282 30928 281 31306 279 31683 278 32060 277 32436 277 32813 276 33190 275 33567 274 33944 273 34320 273 34697 272 35073 272 35450 271 35826 271 36203 270 36579 270 36955 270 37331 270 37708 269 38084 269 38460 269 38836 269 39212 269 39588 269 39964 269 40340 269 40716 269 41092 269 41468 269 41844 269 42220 269 42595 270 42971 270 43347 270 43723 270 44099 270 44475 270 44850 271 45226 271 45601 272 45977 272 46353 272 46728 273 47103 274 47479 274 47854 275 48230 275 48605 276 48980 277 49355 278 49730 279 50105 280 50479 282 50853 284 51217 296 51591 298 51965 300 52340 301 52715 302 53091 302 53466 303 53841 304 54216 305 54591 306 54966 307 55342 307 55717 308 56092 309 56467 310 56842 311 57217 312 57592 313 57967 314 58342 315 58718 315 59093 316 59469 316 59844 317 60220 317 60596 317 60971 318 61347 318 61723 318 62099 318 62474 319 62850 319 63226 319 63602 319 63978 319 64354 319 64729 320 65105 320 65481 320 65857 320 66232 321 66608 321 66984 321 67360 321 67735 322 68111 322 68486 323 68862 323 69238 323 69613 324 69989 324 70364 325 70739 326 71114 327 71489 328 71864 329 72239 330 72614 331 72988 333 73362 335 73737 336 74111 338 74485 340 74859 342 75233 344 75607 346 75982 347 76357 348 76732 349 77106 351 77481 352 77855 354 78230 355 78604 357 78979 358 79353 360 79726 363 80097 368 80469 372 80843 26317 107161 374 107537 373 107913 372 108289 370 108665 369 109041 369 109417 369 109793 369 110169 368 110545 332 110884 28 110921 330 111263 25 111297 329 111641 22 111673 328 112019 19 112049 328 112398 1 112400 14 112425 327 112779 9 112801 326 113160 2 113177 326 113553 326 113929 326 114305 326 114681 326 115057 325 115433 325 115809 325 116185 325 116561 325 116937 325 117313 326 117689 327 118065 328 118441 328 118817 329 119193 330 119569 333 119945 335 120321 336 120697 337 121073 339 121449 340 121825 342 122201 343 122551 4 122577 356 122953 358 123329 359 123705 360 124081 361 124457 362 124833 362 125209 363 125585 363 125961 364 126337 364 126713 365 127089 366 127465 366 127841 366 128217 367 128593 367 128969 367 129345 367 129721 368 130097 368 130473 368 130849 368 131225 368 131601 368 131977 368 132353 368 132729 368 133105 368 133481 368 133857 368 134233 368 134609 367 134985 367 135361 366 135737 366 136113 365 136489 365 136865 364 137241 364 137617 363 137993 363 138369 363 138745 362 139121 362 139497 361 139873 361 140249 361 140625 360 141001 360 141377 360 141753 360 142129 360 142505 359 142881 359 143257 359 143633 359 144009 359 144385 359 144761 359 145137 359 145513 359 145889 358 146265 358 146641 358 147017 357 147393 357 147769 356 148145 356 148521 355 148897 355 149273 354 149649 354 150025 353 150401 353 150777 352 151153 352 151529 351 151905 351 152281 350 152657 350 153033 349 153409 348 153785 348 154161 347 154537 346 154913 345 155289 345 155667 342 156045 339 156422 338 156800 335 157178 332 157556 329 157934 326 158312 324 158690 321 159067 319 159445 316 159822 314 160200 311 160577 309 160954 307 161331 305 161708 303 162085 301 162462 300 162838 299 163215 297 163592 295 163968 294 164345 293 164721 292 165098 290 165474 289 165851 288 166227 287 166604 286 166980 285 167357 284 167733 185 167932 84 168110 176 168312 80 168486 168 168690 77 168862 162 169068 74 169239 156 169446 72 169615 153 169824 69 169992 149 170202 66 170368 147 170582 62 170744 146 170962 57 171121 144 171365 29 171497 142 171747 22 171874 140 172126 18 172250 139 172505 13 172626 138 172885 6 173003 136 173379 136 173756 134 174132 92 174240 24 174509 88 174620 19 174886 85 174999 14 175262 82 175381 4 175639 80 176016 77 176393 74 176769 72 177146 69 177523 66 177900 64 178276 62 178654 57 179031 53 179408 47 179785 42 180163 38 180541 32 180920 26 181299 18
american_bulldog_46,38257 8 38754 13 39252 17 39750 21 40248 24 40747 26 41246 28 41746 29 42245 31 42745 31 43244 33 43743 34 44243 35 44743 35 45242 37 45742 37 46242 37 46741 39 47241 39 47741 38 48241 38 48741 37 49241 36 49742 34 50242 33 50743 32 51244 34 51745 39 52245 43 52746 44 53246 49 53747 53 54246 58 54603 10 54746 61 55100 19 55245 64 55599 23 55743 68 56097 28 56242 72 56596 31 56740 75 57095 34 57239 77 57594 37 57736 81 58093 39 58234 84 58592 42 58731 88 59092 43 59226 94 59591 45 59721 99 60090 47 60215 106 60590 48 60709 112 61089 50 61204 118 61589 51 61700 122 62088 53 62196 126 62588 54 62694 129 63087 56 63192 131 63587 58 63689 134 64086 60 64187 137 64586 61 64685 139 65085 64 65184 141 65585 65 65682 143 66084 68 66181 145 66584 71 66680 146 67084 73 67179 148 67583 77 67677 151 68083 80 68176 152 68582 87 68673 156 69082 248 69582 248 70081 250 70581 251 71080 254 71580 255 72079 258 72579 261 73079 265 73578 272 74077 283 74577 289 75076 220 75300 71 75576 218 75802 72 76075 218 76303 72 76575 217 76805 72 77074 218 77306 71 77574 217 77807 71 78073 218 78307 72 78573 218 78808 72 79073 218 79309 71 79573 217 79809 72 80073 217 80310 71 80573 217 80810 72 81073 216 81311 71 81573 215 81812 70 82073 215 82312 70 82573 214 82813 69 83073 213 83313 70 83574 211 83814 70 84074 210 84315 69 84574 209 84815 69 85074 208 85316 68 85575 207 85817 67 86075 206 86317 68 86576 204 86818 67 87076 203 87319 66 87576 202 87819 66 88076 202 88320 66 88576 201 88820 66 89076 200 89321 65 89577 198 89821 65 90077 198 90322 64 90577 197 90822 64 91077 197 91323 63 91577 197 91823 63 92077 198 92324 62 92577 198 92824 61 93077 198 93324 61 93577 199 93825 60 94077 200 94325 60 94577 200 94825 59 95077 200 95325 59 95577 201 95825 59 96076 202 96325 59 96576 202 96825 59 97076 202 97324 60 97576 202 97824 59 98077 202 98324 59 98577 202 98824 59 99077 203 99324 59 99577 204 99824 59 100077 205 100325 58 100577 206 100825 58 101077 208 101327 55 101577 211 101827 55 102077 213 102328 53 102577 215 102829 52 103077 216 103330 50 103577 217 103830 49 104077 218 104330 48 104577 219 104830 47 105077 219 105330 46 105577 220 105830 45 106077 220 106330 44 106577 221 106830 43 107077 221 107329 43 107577 222 107829 42 108077 189 108281 19 108329 40 108577 185 108784 17 108828 40 109077 183 109286 16 109327 41 109577 179 109788 15 109826 41 110077 178 110289 15 110325 41 110577 178 110791 15 110824 42 111077 177 111291 16 111322 43 111577 177 111792 17 111820 45 112077 177 112293 18 112318 47 112577 177 112794 71 113077 177 113294 71 113577 176 113794 71 114077 176 114294 71 114577 176 114794 71 115077 176 115294 71 115577 176 115794 71 116077 176 116294 71 116577 176 116794 72 117077 176 117294 73 117577 176 117794 73 118077 176 118293 75 118577 176 118793 75 119077 176 119292 77 119577 177 119792 77 120077 178 120291 78 120578 178 120790 79 121078 180 121289 81 121578 181 121764 7 121788 82 122079 196 122286 85 122579 292 123080 292 123580 292 124081 291 124581 291 125081 292 125582 291 126082 291 126582 291 127082 291 127582 291 128083 290 128583 235 128832 41 129083 231 129335 38 129583 228 129838 35 130083 225 130339 34 130582 174 130777 28 130841 32 131082 170 131342 31 131582 167 131843 30 132081 165 132345 27 132581 161 132845 27 133080 135 133346 26 133580 127 133847 24 134079 121 134348 23 134579 116 134849 21 135079 113 135350 20 135579 109 135851 19 136079 107 136351 19 136579 104 136852 18 137079 102 137353 18 137579 100 137854 17 138079 98 138356 15 138579 97 138857 14 139080 94 139359 12 139580 92 139861 10 140080 91 140363 9 140581 88 140864 8 141081 87 141367 4 141582 84 142082 83 142583 80 143084 78 143585 75 144085 74 144586 72 145087 70 145588 68 146089 66 146589 66 147090 65 147591 64 148091 64 148592 63 149092 62 149593 61 150093 60 150593 59 151094 57 151594 56 152095 54 152595 53 153095 53 153596 51 154096 50 154597 48 155097 46 155598 44 156098 43 156599 41 157100 38 157601 35 158102 32 158604 28 159106 23 159608 18 160112 8
newfoundland_2,23544 1 23873 8 24204 12 24536 15 24867 18 25199 20 25531 22 25863 23 26195 25 26527 27 26859 28 27191 30 27524 30 27856 32 28188 33 28520 34 28852 36 29184 37 29517 37 29848 39 30180 40 30512 41 30844 42 31176 43 31508 44 31839 46 32171 47 32502 48 32833 50 33165 51 33496 53 33827 55 34159 55 34489 58 34821 59 35153 60 35484 62 35816 62 36148 63 36479 65 36811 66 37143 67 37474 68 37806 69 38137 71 38469 71 38801 72 39133 72 39465 73 39796 74 40128 74 40460 74 40792 74 41124 74 41456 73 41787 74 42120 73 42452 73 42784 73 43116 73 43448 74 43780 74 44112 75 44444 76 44776 76 45108 77 45440 78 45772 79 46105 79 46437 80 46770 80 47102 81 47434 82 47767 82 48099 83 48432 83 48764 84 49097 84 49430 84 49762 85 50095 85 50427 86 50760 86 51093 86 51425 87 51758 88 52091 88 52423 89 52756 89 53089 89 53422 90 53754 91 54087 91 54420 91 54752 93 55085 93 55418 93 55751 94 56083 95 56416 96 56749 96 57082 97 57414 98 57747 99 58080 100 58413 100 58746 101 59079 102 59412 102 59745 103 60078 104 60411 105 60744 106 61078 107 61411 108 61744 110 62077 113 62410 118 62743 121 63076 123 63409 124 63742 126 64075 127 64408 129 64741 130 65074 131 65407 132 65740 133 66073 134 66406 135 66739 136 67072 137 67404 139 67737 140 68070 141 68313 8 68403 142 68643 14 68736 144 68974 17 69069 145 69304 22 69401 149 69635 25 69734 151 69967 27 70067 153 70298 30 70399 156 70630 33 70732 157 70962 36 71064 159 71294 42 71341 6 71397 160 71626 57 71729 161 71957 61 72062 162 72289 65 72394 164 72621 68 72726 165 72953 75 73058 167 73285 83 73390 168 73617 88 73722 170 73949 94 74052 173 74281 278 74613 279 74946 280 75278 281 75611 282 75943 283 76276 283 76609 284 76941 285 77274 285 77607 286 77940 286 78273 286 78606 286 78938 287 79271 287 79604 287 79937 288 80270 288 80603 288 80936 288 81269 288 81602 288 81935 288 82268 288 82601 216 82818 71 82934 215 83153 69 83267 214 83487 68 83600 213 83820 67 83933 212 84154 66 84266 211 84488 65 84599 210 84821 24 84847 38 84931 210 85154 22 85182 36 85264 209 85487 21 85517 34 85597 208 85820 20 85851 33 85930 207 86153 20 86185 31 86263 206 86486 20 86519 29 86596 206 86819 21 86854 27 86929 206 87152 22 87188 25 87262 206 87485 22 87526 19 87595 206 87817 24 87862 15 87928 163 88097 38 88149 25 88197 11 88261 161 88430 38 88482 26 88531 6 88594 160 88762 39 88815 27 88927 161 89092 42 89147 29 89260 207 89480 32 89593 207 89813 33 89926 208 90145 36 90259 208 90478 36 90592 208 90811 38 90926 207 91144 39 91259 206 91478 39 91592 207 91812 39 91925 207 92145 40 92259 205 92479 39 92592 205 92812 40 92925 205 93145 40 93259 203 93478 40 93592 203 93811 40 93925 203 94144 39 94259 201 94477 39 94592 201 94810 39 94925 200 95143 40 95258 200 95476 40 95592 199 95809 41 95925 199 96142 42 96259 198 96474 44 96592 197 96807 45 96855 5 96925 197 97140 56 97259 196 97473 64 97592 196 97805 68 97926 196 98138 70 98259 196 98471 72 98593 196 98803 74 98926 196 99136 75 99259 197 99469 75 99593 197 99801 77 99926 198 100134 77 100259 199 100466 79 100593 199 100799 79 100926 201 101131 80 101259 285 101592 285 101925 285 102259 285 102592 285 102925 285 103259 284 103592 284 103925 284 104259 283 104592 282 104926 281 105259 281 105593 280 105927 279 106260 279 106594 278 106927 278 107261 277 107594 277 107927 276 108261 275 108594 99 108697 172 108928 96 109038 163 109261 94 109374 160 109595 92 109711 156 109928 91 110049 23 110082 117 110261 89 110419 113 110595 87 110756 108 110928 86 111090 106 111262 84 111426 103 111595 83 111761 100 111929 81 112095 98 112262 81 112430 95 112596 79 112764 93 112929 79 113099 89 113263 77 113433 87 113597 76 113767 74 113931 75 114101 70 114264 74 114435 67 114598 73 114769 64 114932 71 115104 60 115267 69 115438 57 115602 67 115773 52 115936 66 116107 49 116270 65 116442 46 116605 63 116778 40 116940 60 117112 38 117274 59 117447 33 117609 58 117783 25 117943 57 118119 15 118277 56 118611 54 118946 52 119280 49 119616 45 119951 41 120286 35 120622 28 120957 22 121292 18 121627 14 121963 9
Russian_Blue_24,1906 6 2232 17 2561 24 2891 31 3222 36 3553 40 3884 45 4216 49 4547 53 4879 57 5211 60 5543 63 5876 65 6208 68 6540 70 6872 73 7204 76 7536 78 7868 81 8200 83 8533 85 8865 87 9198 89 9530 91 9863 92 10196 94 10528 96 10861 97 11193 100 11526 101 11858 103 12191 104 12523 106 12855 109 13188 110 13520 112 13852 114 14184 117 14516 119 14848 121 15180 124 15512 126 15844 128 16177 130 16510 131 16842 133 17175 135 17508 136 17841 137 18174 139 18507 140 18840 141 19173 142 19506 144 19840 144 20173 145 20507 146 20840 147 21174 147 21507 149 21841 149 22175 149 22508 151 22842 151 23176 151 23509 152 23843 153 24177 153 24510 154 24844 154 25178 155 25511 156 25845 156 26179 156 26512 158 26846 158 27179 159 27513 160 27846 161 28180 161 28513 163 28847 163 29180 164 29514 165 29847 166 30180 168 30514 168 30847 170 31180 171 31514 171 31847 173 32180 174 32513 176 32846 178 33180 178 33513 180 33846 182 34179 183 34513 184 34846 186 35179 188 35512 189 35846 190 36179 192 36512 193 36845 195 37179 195 37512 197 37845 198 38179 199 38512 200 38845 202 39179 202 39512 204 39846 204 40179 205 40513 206 40846 207 41180 207 41513 209 41847 209 42181 209 42514 210 42848 211 43182 211 43516 211 43849 212 44183 213 44517 213 44851 213 45184 214 45518 215 45852 215 46186 215 46520 215 46854 216 47188 216 47522 216 47856 217 48190 217 48524 217 48858 217 49192 218 49526 218 49860 218 50194 219 50528 219 50862 219 51196 220 51530 220 51864 220 52199 220 52533 220 52867 220 53201 220 53535 221 53870 220 54204 220 54538 221 54872 221 55207 220 55541 221 55875 221 56209 221 56544 221 56878 221 57212 221 57547 221 57881 221 58215 221 58550 220 58884 221 59219 220 59553 220 59888 219 60222 219 60557 218 60891 218 61226 217 61560 217 61895 216 62230 215 62564 215 62899 214 63234 213 63569 212 63903 212 64238 211 64573 210 64908 209 65243 208 65577 208 65912 207 66247 206 66582 205 66916 205 67251 204 67586 203 67920 203 68255 202 68589 202 68924 201 69258 201 69593 200 69927 200 70261 200 70595 200 70930 199 71264 199 71598 199 71932 199 72266 199 72600 199 72934 199 73268 199 73602 199 73936 199 74270 199 74603 200 74937 200 75270 201 75603 202 75936 203 76269 204 76602 205 76934 207 77266 209 77597 212 77929 214 78260 217 78591 220 78920 225 79252 227 79584 229 79917 230 80249 233 80581 235 80910 240 81239 245 81558 260 81877 275 82203 283 82531 289 82862 292 83193 295 83524 298 83857 299 84189 301 84522 302 84855 303 85189 303 85522 304 85856 304 86190 304 86524 304 86859 303 87193 303 87528 302 87863 301 88198 300 88533 299 88869 296 89205 294 89540 293 89877 290 90214 287 90550 285 90889 280 91226 277 91563 273 91901 269 92237 267 92573 265 92909 263 93245 261 93580 259 93916 257 94251 256 94587 254 94923 252 95258 251 95593 250 95928 248 96263 247 96598 246 96932 246 97267 245 97601 245 97936 244 98270 243 98605 242 98939 242 99273 242 99608 241 99942 240 100276 240 100610 240 100945 239 101279 239 101613 239 101947 239 102281 238 102615 238 102950 237 103284 237 103618 237 103952 237 104286 237 104621 236 104955 236 105289 236 105623 236 105957 236 106291 236 106625 236 106959 236 107293 236 107628 234 107962 234 108296 234 108630 234 108964 234 109298 234 109632 234 109966 234 110300 234 110634 234 110968 234 111302 234 111636 234 111970 234 112304 234 112638 234 112972 234 113306 192 113509 31 113640 190 113846 27 113974 186 114182 25 114308 126 114441 50 114517 24 114642 118 114786 35 114853 21 114975 115 115132 10 115189 19 115309 112 115525 16 115643 110 115861 12 115977 108 116201 1 116310 108 116644 106 116977 105 117311 104 117645 102 117978 100 118312 97 118645 95 118978 94 119311 92 119645 90 119978 89 120311 45 120359 40 120644 37 120699 32 120977 28 121035 28 121311 25 121372 24 121644 23 121711 16 121977 23 122310 21 122643 20 122976 19 123310 17 123643 16 123976 15 124310 13 124643 12 124976 11 125310 9 125644 7 125978 5
saint_bernard_57,55251 5 55622 13 55994 18 56366 25 56739 29 57112 33 57485 38 57858 41 58232 44 58292 8 58606 49 58662 17 58980 76 59354 79 59728 81 60102 83 60477 84 60851 86 61226 87 61600 90 61975 91 62350 92 62724 94 63099 94 63474 95 63849 96 64223 98 64598 99 64973 99 65348 100 65723 101 66098 102 66473 102 66848 102 67223 102 67598 103 67972 104 68347 104 68722 104 69098 103 69473 103 69848 103 70223 104 70598 104 70973 104 71348 104 71724 103 72099 103 72474 103 72849 103 73225 102 73600 102 73975 102 74350 102 74725 102 75101 101 75476 100 75851 100 76226 100 76602 98 76977 98 77352 97 77727 96 78102 95 78478 94 78853 93 79228 91 79603 90 79978 89 80353 89 80728 88 81104 86 81479 86 81854 85 82229 85 82604 84 82979 84 83355 82 83730 82 84105 82 84480 81 84856 80 85231 79 85606 79 85982 78 86357 77 86733 76 87108 76 87484 74 87859 74 88235 72 88610 72 88986 71 89361 70 89736 70 90112 69 90487 69 90862 68 91237 68 91613 67 91988 67 92363 67 92738 67 93113 67 93489 66 93864 66 94239 65 94614 65 94989 65 95364 65 95739 65 96114 65 96489 65 96864 65 97239 65 97614 65 97989 65 98364 65 98739 65 99114 65 99489 65 99864 65 100239 66 100614 66 100989 66 101364 66 101739 66 102114 66 102488 68 102863 68 103238 69 103613 73 103988 74 104363 75 104738 76 105113 76 105488 77 105863 78 106238 79 106613 80 106988 80 107363 81 107738 82 108113 82 108488 83 108863 84 109237 85 109612 86 109987 86 110362 87 110737 88 111112 88 111487 89 111862 89 112237 90 112612 90 112987 91 113362 91 113737 91 114112 92 114487 92 114863 92 115238 92 115613 92 115988 92 116363 93 116738 93 117113 93 117488 93 117863 93 118238 94 118613 94 118988 94 119363 94 119738 94 120113 94 120488 94 120863 94 121238 94 121613 94 121989 92 122364 92 122739 92 123114 92 123489 91 123864 91 124239 90 124614 90 124989 89 125364 88 125739 88 126114 87 126489 87 126865 85 127240 85 127615 84 127990 84 128366 82 128741 82 129116 82 129491 81 129866 81 130242 80 130617 79 130992 79 131368 77 131743 77 132119 75 132494 75 132870 73 133246 72 133622 71 133998 69 134374 68 134750 66 135126 65 135502 64 135878 62 136254 61 136630 59 137006 58 137382 56 137758 55 138134 53 138511 51 138887 49 139263 47 139640 45 140016 43 140393 41 140770 38 141147 35 141523 33 141900 31 142276 29 142652 27 143028 26 143405 23 143781 21 144157 19 144533 17 144909 15 145286 11 145663 7
Bombay_68,48 105 420 109 793 112 1168 112 1541 115 1915 116 2289 118 2663 119 3037 120 3412 119 3786 120 4160 121 4535 120 4909 120 5284 120 5658 120 6033 120 6408 119 6782 119 7157 119 7532 118 7907 118 8281 118 8656 118 9031 118 9406 117 9781 117 10156 116 10530 117 10905 117 11280 117 11655 116 12030 116 12405 116 12780 116 13155 116 13530 116 13905 116 14280 116 14655 117 15030 117 15405 117 15780 117 16155 118 16530 118 16905 118 17280 119 17655 119 18030 120 18405 120 18780 121 19156 120 19531 121 19906 122 20281 122 20656 123 21031 123 21406 124 21781 124 22157 123 22532 124 22907 124 23282 124 23657 125 24032 125 24407 125 24782 125 25157 125 25532 125 25907 126 26283 125 26658 125 27033 125 27408 125 27783 125 28158 125 28533 126 28908 126 29284 125 29659 125 30034 125 30409 126 30784 126 31159 126 31534 126 31910 126 32285 126 32660 126 33035 126 33410 127 33786 126 34161 126 34536 127 34911 127 35286 127 35662 126 36037 127 36412 127 36787 127 37162 127 37538 127 37913 127 38288 127 38556 14 38663 127 38927 20 39038 127 39300 23 39414 127 39674 24 39789 127 40048 26 40164 127 40422 27 40539 127 40796 28 40915 126 41170 29 41290 126 41543 30 41665 127 41917 31 42040 127 42291 32 42416 126 42664 33 42791 126 43038 34 43166 126 43412 34 43541 126 43786 34 43916 127 44159 36 44292 126 44532 37 44667 126 44905 38 45042 126 45279 38 45417 127 45652 40 45793 126 46025 41 46168 126 46398 42 46543 126 46771 43 46918 127 47143 45 47293 127 47515 47 47669 126 47887 48 48044 126 48225 84 48419 127 48594 88 48794 127 48963 92 49170 127 49335 93 49545 127 49707 94 49920 128 50079 96 50296 128 50452 96 50671 129 50825 97 51046 130 51197 99 51421 131 51571 99 51797 131 51943 101 52172 134 52315 102 52547 243 52923 240 53298 238 53673 236 54049 231 54424 228 54799 226 55174 223 55550 220 55925 218 56300 214 56676 211 57051 209 57426 206 57801 204 58177 199 58552 195 58927 192 59303 188 59678 185 60053 183 60429 179 60804 177 61179 175 61555 171 61930 169 62305 167 62681 164 63056 162 63431 160 63807 158 64182 156 64557 155 64932 154 65308 152 65683 152 66058 151 66434 149 66809 149 67185 147 67560 147 67935 146 68311 145 68686 144 69061 144 69437 143 69812 143 70187 142 70563 141 70938 141 71314 139 71689 139 72064 139 72440 138 72815 138 73191 136 73566 136 73942 135 74317 135 74693 134 75068 134 75443 134 75819 132 76194 132 76569 132 76945 131 77320 131 77696 130 78071 130 78446 130 78822 129 79197 129 79573 128 79948 128 80323 128 80699 127 81074 127 81450 125 81825 125 82200 125 82576 124 82951 124 83327 123 83702 124 84078 123 84453 123 84829 122 85204 122 85580 121 85955 121 86331 120 86706 120 87082 119 87457 119 87833 118 88208 118 88584 117 88959 117 89334 117 89710 116 90085 116 90460 116 90835 117 91210 117 91585 117 91960 117 92335 117 92710 118 93085 118 93460 118 93834 120 94209 120 94583 121 94957 122 95332 123 95705 125 96078 127 96450 130 96817 139 97187 144 97560 146 97933 149 98307 150 98682 150 99056 151 99431 151 99806 152 100181 152 100557 151 100932 151 101308 151 101683 151 102059 150 102435 149 102811 148 103187 148 103563 147 103939 146 104315 145 104691 145 105067 144 105443 143 105819 142 106195 142 106571 141 106947 140 107322 140 107698 139 108074 139 108449 139 108824 139 109200 138 109575 139 109950 139 110326 138 110701 138 111076 138 111451 139 111826 139 112201 139 112577 139 112952 139 113327 139 113702 140 114077 140 114452 140 114827 141 115203 140 115578 141 115953 141 116328 142 116703 143 117079 142 117454 143 117829 144 118204 144 118579 145 118955 145 119330 146 119705 147 120080 148 120456 148 120831 149 121206 150 121581 151 121956 152 122331 153 122707 154 123082 155 123457 157 123832 158 124207 161 124582 163 124957 167 125332 171 125708 174 125926 5 126083 176 126296 14 126458 180 126668 18 126833 182 127041 21 127208 184 127413 25 127583 187 127775 38 127957 231 128332 231 128707 231 129082 231 129457 232 129832 232 130206 234 130581 234 130956 234 131331 234 131705 236 132080 236 132455 77 132541 149 132830 61 132921 143 133204 54 133301 45 133356 82 133579 33 133680 36 133735 75 133954 28 134058 31 134122 20 134166 16 134328 25 134435 24 134543 11 134703 22 134814 12 135078 20 135453 18 135828 16 136203 14 136578 12 136954 9 137330 5
american_pit_bull_terrier_48,59054 6 59439 8 59824 11 60209 13 60594 15 60980 16 61366 17 61752 18 62138 18 62523 19 62909 19 63295 19 63681 19 64067 19 64453 19 64839 19 65226 18 65611 18 65997 18 66383 19 66769 19 67155 19 67541 19 67927 19 68313 21 68698 25 69084 29 69470 31 69855 34 70240 37 70626 39 71011 42 71396 45 71782 47 72167 50 72554 51 72939 54 73325 56 73711 58 74096 61 74482 64 74868 66 75253 68 75639 70 76025 72 76411 74 76797 76 77185 76 77576 73 77967 69 78338 1 78360 64 78724 3 78749 63 79110 4 79137 63 79496 6 79526 63 79655 13 79880 9 79914 64 80040 14 80265 11 80302 64 80415 25 80650 13 80690 67 80787 40 81035 16 81078 134 81420 18 81465 133 81805 21 81853 131 82191 23 82240 129 82576 25 82628 127 82961 28 83016 125 83347 30 83404 123 83733 32 83792 121 84118 35 84180 119 84504 37 84568 117 84890 39 84957 115 85275 43 85345 114 85661 45 85734 112 86047 47 86122 111 86433 49 86510 110 86819 52 86898 109 87205 54 87286 108 87590 57 87674 106 87976 60 88062 104 88362 63 88450 102 88748 66 88838 101 89133 70 89227 98 89519 72 89615 95 89904 79 90003 94 90290 81 90392 91 90643 2 90675 84 90781 88 91028 7 91061 85 91170 85 91415 9 91445 88 91558 83 91801 12 91829 91 91946 81 92188 16 92211 96 92335 78 92574 120 92723 76 92961 120 93111 75 93348 121 93498 74 93735 122 93885 73 94122 122 94273 71 94508 124 94660 70 94895 125 95047 69 95282 126 95434 68 95669 127 95821 67 96056 128 96208 66 96442 129 96595 65 96829 130 96982 64 97216 130 97369 63 97603 130 97755 62 97990 130 98142 62 98377 130 98528 62 98764 130 98915 61 99151 130 99301 61 99538 130 99687 61 99925 131 100073 61 100312 130 100458 61 100554 14 100699 130 100844 61 100931 28 101086 130 101230 61 101316 31 101474 128 101616 61 101702 31 101861 128 102002 61 102087 33 102248 127 102388 61 102473 33 102635 126 102775 61 102857 35 103022 125 103161 61 103242 36 103409 124 103547 62 103627 36 103797 121 103934 63 104011 37 104184 119 104320 65 104396 38 104571 113 104706 68 104778 40 104958 104 105092 110 105345 101 105478 109 105732 100 105864 105 106120 97 106250 104 106507 95 106637 102 106894 94 107025 98 107281 93 107412 95 107668 93 107801 91 108055 93 108189 80 108443 91 108579 47 108830 91 108968 42 109218 90 109356 39 109605 90 109746 33 109992 89 110135 26 110380 88 110526 14 110767 88 111154 88 111542 87 111929 86 112317 85 112704 85 113092 84 113479 84 113867 83 114254 83 114642 82 115030 81 115417 81 115805 80 116193 79 116580 79 116968 78 117355 78 117743 77 118131 76 118518 76 118906 75 119293 75 119681 75 120068 75 120456 74 120843 74 121231 73 121619 72 122006 73 122394 72 122783 70 123171 69 123560 67 123949 65 124337 64 124725 63 125113 62 125501 61 125889 60 126276 60 126664 59 127052 58 127439 58 127827 57 128214 56 128602 55 128989 54 129376 54 129764 52 130151 52 130538 51 130926 32 130959 17 131313 30 131354 9 131701 28 131743 6 132088 27 132132 3 132476 25 132864 23 133251 22 133639 20 134027 17 134415 14 134803 11 135191 8 135579 4
leonberger_164,195 189 579 189 963 190 1347 190 1730 191 2114 191 2498 191 2882 191 3265 192 3649 192 4033 192 4416 193 4800 193 5184 193 5567 194 5951 194 6334 195 6717 196 7101 196 7484 197 7867 198 8250 199 8633 200 9016 201 9399 202 9782 203 10165 204 10548 205 10931 206 11314 207 11697 208 12079 210 12462 211 12845 212 13228 213 13610 215 13993 216 14376 217 14760 217 15143 218 15526 219 15909 220 16293 220 16676 221 17060 221 17443 222 17827 222 18210 223 18594 223 18977 224 19360 225 19744 225 20127 226 20511 226 20894 227 21278 227 21661 228 22045 228 22428 229 22812 229 23195 230 23579 230 23962 231 24346 231 24729 232 25113 232 25496 233 25880 233 26263 234 26647 234 27030 235 27414 235 27797 236 28180 237 28564 237 28947 238 29330 239 29714 239 30097 240 30480 241 30863 242 31246 243 31629 244 32012 245 32395 246 32779 246 33162 247 33545 248 33927 250 34310 251 34693 252 35076 253 35459 254 35841 256 36224 257 36606 259 36989 260 37371 262 37754 263 38136 265 38518 267 38901 268 39284 269 39666 271 40049 272 40432 273 40814 275 41197 276 41580 277 41963 278 42346 279 42729 280 43112 281 43495 282 43878 283 44261 284 44643 286 45025 288 45407 290 45790 291 46172 293 46555 294 46938 295 47321 296 47703 298 48086 299 48469 300 48852 301 49235 302 49618 303 50001 304 50384 305 50768 305 51151 306 51534 307 51918 307 52301 308 52685 308 53068 309 53452 309 53835 310 54219 310 54603 310 54986 311 55370 311 55754 311 56137 312 56521 312 56905 312 57289 312 57672 313 58056 313 58440 313 58824 313 59208 313 59591 314 59975 314 60359 314 60743 314 61127 314 61511 314 61894 315 62278 315 62662 315 63045 316 63429 316 63813 316 64197 316 64580 317 64964 317 65347 318 65731 318 66115 318 66499 318 66882 319 67266 319 67650 319 68034 319 68418 319 68801 320 69185 320 69569 320 69953 320 70337 320 70721 320 71104 321 71488 321 71872 321 72256 321 72639 322 73023 322 73407 322 73790 323 74174 323 74558 323 74942 323 75325 324 75709 324 76093 324 76476 325 76860 325 77243 326 77627 326 78011 326 78394 327 78778 327 79161 328 79545 328 79928 329 80312 329 80696 329 81079 330 81463 330 81847 330 82230 331 82614 331 82998 331 83381 332 83765 332 84149 332 84532 333 84916 333 85300 333 85683 334 86067 334 86451 334 86834 335 87218 335 87602 335 87986 335 88369 336 88753 336 89137 336 89520 337 89904 337 90288 337 90672 337 91055 338 91439 338 91823 338 92207 338 92591 338 92975 338 93358 339 93742 339 94126 339 94510 339 94894 339 95278 339 95662 339 96046 339 96430 339 96814 339 97198 339 97582 339 97966 339 98350 339 98734 339 99118 339 99502 339 99886 339 100270 339 100653 340 101037 340 101421 340 101805 340 102189 340 102573 340 102957 340 103341 340 103725 340 104109 340 104493 340 104877 340 105261 340 105644 341 106028 341 106412 341 106796 341 107180 341 107564 341 107948 341 108332 341 108716 341 109100 341 109483 342 109867 342 110251 342 110635 342 111019 342 111403 342 111787 342 112171 342 112555 342 112939 342 113323 342 113707 342 114091 342 114475 342 114859 342 115243 342 115627 342 116011 342 116395 342 116779 342 117163 342 117547 342 117931 342 118315 342 118699 342 119083 342 119467 342 119851 342 120235 342 120619 342 121003 342 121388 341 121772 341 122156 341 122541 340 122925 340 123310 339 123694 339 124079 338 124464 337 124849 336 125233 336 125618 333 126003 331 126388 326 126774 290 127085 10 127160 284 127546 280 127931 278 128316 276 128701 275 129086 273 129471 272 129855 271 130240 270 130625 269 131010 267 131395 266 131779 266 132164 265 132549 264 132933 265 133318 264 133702 264 134087 263 134472 262 134857 262 135242 261 135626 261 136011 260 136396 259 136781 259 137166 258 137551 257 137935 257 138320 257 138704 257 139089 256 139474 255 139859 255 140244 254 140629 253 141015 251 141407 243 141795 240 142181 238 142567 236 142954 233 143339 232 143725 231 144111 229 144496 228 144884 224 145272 220 145660 217 146048 213 146438 207 146831 198 147227 186 147614 183 147999 182 148385 180 148771 178 149156 177 149542 175 149927 174 150312 173 150698 171 151083 170 151468 169 151854 167 152239 165 152625 163 153010 162 153395 160 153780 159 154166 157 154551 155 154937 153 155322 152 155707 150 156092 149 156477 147 156862 146 157246 145 157631 143 158016 142 158401 140 158785 118 158910 13 159170 114 159299 6 159555 109 159940 105 160324 103 160709 100 161094 98 161478 97 161863 95 162248 94 162632 93 163017 92 163401 91 163786 90 164171 88 164555 88 164940 87 165324 86 165709 85 166094 84 166478 83 166863 82 167247 82 167632 80 168017 79 168401 79 168786 78 169170 77 169555 76 169940 75 170324 74 170709 73 171094 71 171478 71 171863 70 172248 68 172632 68 173017 66 173402 65 173786 64 174171 62 174556 60 174940 59 175325 57 175710 55 176094 54 176479 51 176863 50 177248 48 177633 45 178018 43 178403 41 178788 39 179173 36 179558 34 179943 31 180328 27 180714 22 181099 19 181485 15 181871 11 182258 5
leonberger_86,22698 2 23197 6 23697 8 24197 9 24697 10 25197 11 25698 12 26198 13 26698 14 27120 6 27199 14 27619 11 27699 16 28118 14 28200 16 28617 19 28700 17 29117 22 29201 18 29411 1 29616 25 29702 18 29906 12 30115 28 30203 18 30403 17 30615 30 30703 19 30902 20 31115 31 31204 18 31400 23 31614 33 31704 19 31899 25 32114 35 32204 19 32397 28 32614 36 32704 20 32896 30 33113 38 33204 20 33395 31 33613 39 33704 20 33894 32 34113 40 34204 20 34393 34 34612 42 34703 21 34892 35 35112 43 35202 22 35390 37 35612 44 35702 22 35889 38 36111 46 36201 23 36388 39 36611 48 36700 24 36886 42 37110 50 37199 25 37385 43 37610 51 37699 25 37883 45 38109 53 38198 26 38382 46 38609 53 38698 26 38880 48 39108 55 39197 27 39378 50 39608 55 39697 26 39876 52 40107 57 40197 26 40374 53 40607 58 40696 27 40872 55 41107 58 41196 28 41370 57 41606 60 41696 28 41868 59 42106 60 42195 29 42366 60 42605 62 42695 29 42865 61 43105 62 43195 29 43363 63 43604 63 43695 29 43861 65 44104 63 44195 29 44359 67 44604 63 44695 29 44856 70 45103 65 45195 29 45354 71 45603 65 45695 30 45851 74 46102 66 46195 30 46348 77 46602 66 46695 31 46843 82 47101 67 47195 32 47317 108 47601 67 47695 33 47813 112 48101 67 48195 34 48311 113 48600 68 48695 35 48809 115 49100 68 49195 36 49307 117 49599 69 49695 37 49805 119 50099 69 50195 38 50303 121 50598 70 50695 40 50801 122 51097 71 51196 41 51299 124 51596 73 51696 44 51797 125 52095 74 52196 66 52294 128 52594 75 52696 70 52791 130 53093 76 53197 73 53287 132 53591 79 53697 220 54090 80 54197 217 54589 82 54697 214 55087 84 55197 210 55585 88 55697 205 56082 92 56197 200 56580 95 56697 195 57077 100 57196 190 57574 105 57696 186 58072 109 58196 183 58570 114 58689 2 58696 179 59068 118 59188 3 59196 176 59567 124 59696 174 60066 126 60195 173 60565 127 60695 171 61063 129 61195 170 61562 130 61695 169 62061 132 62195 168 62560 302 63059 302 63558 302 64058 301 64557 301 65057 300 65556 301 66055 301 66555 301 67054 301 67553 301 68053 301 68552 301 69051 301 69551 301 70050 301 70549 301 71049 300 71548 299 72048 298 72548 182 72732 112 73048 180 73233 110 73547 180 73733 107 74047 180 74233 107 74547 180 74734 104 75046 181 75233 105 75546 181 75733 103 76046 181 76234 102 76545 182 76733 102 77045 182 77233 102 77545 182 77734 101 78044 182 78235 100 78544 181 78736 99 79044 181 79236 99 79544 180 79737 98 80044 180 80238 97 80544 180 80738 98 81044 180 81238 98 81543 181 81738 98 82043 181 82238 99 82543 182 82738 99 83043 182 83238 99 83543 182 83737 101 84043 182 84237 101 84542 183 84737 102 85042 183 85236 103 85542 183 85735 105 86042 184 86234 106 86541 186 86733 108 87041 188 87232 109 87540 301 88040 302 88539 303 89039 304 89539 304 90038 305 90538 305 91038 305 91538 305 92038 305 92538 304 93038 304 93538 303 94038 303 94538 302 94929 10 95038 301 95425 16 95538 301 95921 21 96038 300 96419 24 96538 300 96917 27 97038 299 97415 29 97538 299 97914 31 98038 298 98412 34 98538 298 98910 36 99038 298 99408 38 99538 298 99906 40 100038 298 100404 43 100538 298 100902 45 101038 297 101400 46 101538 297 101897 49 102038 297 102395 51 102538 297 102893 53 103038 297 103390 55 103538 298 103888 57 104038 298 104386 59 104539 298 104883 61 105039 299 105381 62 105539 300 105879 64 106039 301 106378 64 106540 301 106876 66 107040 302 107374 67 107540 303 107872 68 108041 303 108371 67 108541 304 108869 67 109042 304 109367 67 109542 305 109865 67 110043 306 110362 67 110544 309 110854 73 111045 380 111545 377 112046 374 112547 368 113047 355 113548 345 114049 339 114550 335 115051 331 115552 326 116054 321 116554 319 117056 316 117557 313 118058 311 118559 309 119060 307 119561 305 120063 302 120564 220 120788 77 121065 218 121290 74 121567 214 121791 72 122068 213 122292 70 122569 211 122794 68 123070 210 123295 67 123571 209 123795 66 124073 207 124295 66 124574 205 124795 66 125075 204 125295 65 125576 203 125795 65 126077 201 126295 65 126578 200 126795 66 127079 198 127294 66 127579 198 127795 65 128080 196 128295 65 128581 195 128795 65 129082 193 129296 64 129584 191 129796 64 130085 189 130297 63 130586 188 130798 61 131087 187 131298 61 131588 186 131799 60 132089 184 132299 59 132590 183 132800 57 133091 182 133301 55 133592 180 133802 52 134093 179 134304 47 134594 178 134806 38 135095 177 135309 23 135596 175 135815 9 136097 174 136598 172 137098 172 137600 169 138101 168 138602 165 139104 162 139605 160 140107 157 140609 155 141111 151 141613 148 142115 145 142617 142 143119 139 143620 137 144122 134 144623 133 145125 130 145626 129 146127 128 146628 126 147129 125 147631 122 148132 121 148634 119 149135 117 149637 114 150139 112 150641 109 151143 107 151644 105 152146 103 152647 101 153149 98 153651 95 154152 93 154653 92 155155 90 155656 88 156158 86 156659 85 157160 85 157661 84 158162 84 158663 83 159165 81 159666 81 160167 81 160668 81 161169 81 161670 81 162171 81 162672 80 163173 79 163674 78 164175 77 164676 75 165177 74 165678 72 166180 69 166682 64 167187 52
newfoundland_133,26115 4 26489 8 26864 12 27239 15 27614 17 27990 17 28365 18 28740 19 29115 20 29490 21 29865 22 30241 21 30616 22 30992 21 31367 22 31742 22 32118 22 32493 22 32869 22 33244 22 33620 22 33996 21 34372 20 34748 20 35124 19 35499 19 35875 19 36250 19 36626 19 37001 20 37376 20 37752 20 38127 21 38502 21 38878 21 39253 21 39628 22 40003 23 40379 22 40754 23 41129 23 41504 24 41880 23 42255 24 42630 25 43005 25 43380 26 43755 27 44129 29 44504 29 44879 30 45254 31 45629 33 46003 35 46378 38 46753 40 47127 44 47182 5 47502 61 47877 62 48251 63 48626 63 49000 65 49374 66 49688 12 49713 9 49748 67 50012 1 50054 52 50122 68 50373 20 50408 79 50494 71 50743 31 50776 164 51100 3 51114 201 51471 219 51844 221 52217 224 52591 225 52965 226 53339 227 53714 227 54089 227 54463 229 54838 229 55213 229 55588 229 55962 231 56337 231 56713 16 56732 211 57089 11 57109 209 57467 2 57485 209 57861 122 57990 79 58237 119 58366 78 58612 117 58741 79 58987 115 59117 78 59363 112 59493 78 59738 111 59869 78 60113 111 60244 78 60488 110 60620 78 60863 109 60995 79 61239 108 61371 79 61614 107 61746 80 61989 107 62123 79 62364 106 62499 79 62739 105 62875 78 63114 103 63250 78 63489 101 63626 78 63864 98 64001 78 64239 97 64376 78 64614 96 64751 77 64989 95 65125 77 65364 95 65500 76 65739 94 65873 77 66114 94 66248 75 66489 94 66622 76 66864 94 66996 76 67239 94 67370 77 67614 94 67744 77 67989 95 68117 79 68364 95 68491 79 68739 96 68865 80 69114 97 69239 80 69489 98 69613 81 69864 99 69987 82 70239 100 70359 84 70614 102 70732 86 70989 104 71105 87 71364 105 71478 89 71739 107 71852 90 72114 203 72489 202 72864 202 73239 202 73614 201 73989 201 74365 199 74740 199 75115 198 75491 197 75866 196 76241 196 76617 194 76992 194 77368 193 77743 192 78119 191 78494 190 78870 189 79246 187 79621 186 79997 185 80373 183 80748 183 81124 181 81499 181 81875 179 82250 178 82626 177 83001 176 83376 175 83751 175 84127 173 84502 173 84877 172 85252 171 85627 171 86003 170 86378 169 86753 169 87128 168 87503 168 87878 167 88253 166 88627 167 89002 166 89377 166 89752 165 90126 166 90501 166 90876 166 91250 167 91624 169 91998 170 92372 172 92746 173 93119 176 93493 179 93866 183 94055 5 94240 197 94614 200 94988 203 95362 205 95736 208 96110 210 96484 211 96858 156 97037 24 97067 3 97232 151 97421 8 97607 147 97981 146 98355 145 98729 144 99103 143 99477 143 99851 143 100226 142 100600 142 100974 142 101348 142 101722 141 102097 140 102471 140 102846 139 103220 139 103595 137 103969 136 104344 132 104719 129 105094 127 105468 128 105843 127 106218 125 106593 124 106968 122 107343 121 107718 120 107852 4 108092 121 108223 11 108467 121 108594 16 108842 146 109217 171 109592 171 109967 169 110342 167 110717 142 110869 11 111092 133 111467 129 111842 127 112217 124 112592 101 112967 99 113343 96 113718 93 114093 90 114468 87 114844 83 115219 80 115595 77 115971 74 116346 72 116722 70 117098 68 117474 66 117850 64 118226 62 118602 60 118978 59 119354 57 119730 55 120106 54 120483 51 120859 49 121236 45 121613 42 121992 34 122371 27 122753 16
great_pyrenees_119,36210 13 36552 19 36894 22 37237 24 37501 8 37579 27 37836 22 37921 30 38178 27 38262 34 38521 32 38602 39 38864 36 38944 42 39207 39 39286 45 39551 42 39626 50 39895 44 39956 65 40238 47 40297 69 40581 51 40639 72 40924 132 41265 136 41556 36 41605 141 41898 193 42239 195 42581 196 42922 198 43259 204 43599 207 43938 210 44278 212 44617 216 44959 217 45301 219 45645 219 45989 219 46333 219 46678 218 47022 219 47367 218 47712 217 48056 218 48401 217 48745 218 49090 217 49435 216 49779 217 50124 216 50469 216 50813 216 51158 215 51503 214 51847 215 52192 214 52537 213 52882 212 53226 212 53571 211 53916 210 54261 209 54605 208 54950 207 55295 205 55640 204 55985 202 56329 202 56674 200 57019 199 57364 198 57709 197 58054 196 58398 195 58743 194 59088 193 59433 192 59778 191 60122 191 60467 190 60812 189 61157 188 61502 187 61846 187 62191 186 62536 185 62881 185 63226 184 63571 184 63916 183 64260 184 64605 184 64950 184 65295 184 65640 184 65985 184 66330 184 66675 184 67020 184 67365 184 67709 185 68054 186 68399 186 68744 187 69089 187 69434 188 69779 188 70124 189 70469 190 70814 191 71159 193 71504 195 71849 197 72194 199 72539 202 72884 204 73229 207 73574 209 73919 212 74263 214 74608 216 74953 218 75298 219 75643 221 75988 222 76333 223 76678 224 77023 225 77368 226 77713 227 78058 228 78403 228 78748 229 79093 229 79438 228 79783 226 80128 224 80473 222 80818 221 81163 219 81508 218 81853 216 82198 214 82543 213 82888 212 83233 211 83578 211 83923 210 84268 210 84613 210 84957 211 85302 211 85647 211 85992 211 86337 212 86682 212 87027 213 87371 215 87716 216 88061 219 88405 223 88749 227 89094 229 89437 233 89682 9 89781 238 90020 21 90124 266 90464 272 90807 274 91149 277 91491 280 91834 282 92176 285 92520 286 92863 288 93206 290 93550 291 93894 292 94238 293 94582 294 94926 295 95270 296 95614 297 95958 298 96302 299 96647 299 96991 300 97335 301 97680 301 98024 302 98369 302 98713 303 99058 302 99402 301 99747 299 100092 297 100436 296 100781 294 101126 292 101470 291 101815 289 102160 288 102505 287 102850 287 103195 286 103539 286 103884 286 104229 285 104574 285 104919 284 105264 284 105608 284 105953 284 106298 284 106643 283 106988 283 107333 283 107678 282 108023 282 108368 282 108713 282 109058 281 109403 281 109748 281 110093 281 110438 280 110783 280 111128 280 111473 280 111818 280 112163 279 112508 279 112853 279 113198 278 113543 278 113888 278 114233 277 114578 277 114923 276 115268 276 115613 275 115958 275 116303 274 116648 274 116994 272 117339 272 117684 271 118029 271 118375 270 118720 269 119065 269 119411 268 119756 268 120102 267 120447 267 120793 266 121139 266 121485 265 121831 265 122177 264 122524 263 122871 262 123218 261 123566 259 123914 257 124262 256 124609 256 124959 252 125308 251 125656 250 126008 245 126363 239 126716 234 127070 228 127419 227 127766 226 128112 226 128459 225 128805 225 129151 224 129496 224 129842 223 130187 223 130533 221 130878 221 131224 179 131407 36 131570 156 131732 4 131762 26 131915 151 132114 14 132261 147 132607 144 132952 141 133298 137 133645 132 133991 126 134337 120 134683 117 135030 112 135376 108 135724 102 136072 96 136422 88 136771 81 137118 76 137466 70 137814 65 138162 59 138510 54 138859 48 139209 39 139561 23
Sphynx_242,15347 11 15855 18 16363 30 16872 36 17381 49 17891 56 18401 61 18910 67 19420 73 19930 87 20440 91 20950 94 21461 95 21971 98 22481 99 22991 101 23502 102 24012 103 24523 103 25033 104 25544 104 26055 105 26565 106 27076 106 27587 106 28098 106 28609 106 29120 106 29631 105 30142 105 30653 106 31164 106 31675 105 32186 105 32697 105 33208 105 33720 104 34231 103 34742 103 34891 5 35254 102 35399 9 35765 102 35909 11 36276 102 36419 13 36788 101 36928 16 37299 101 37438 17 37810 102 37949 18 38321 103 38459 20 38833 103 38969 21 39344 105 39479 23 39856 106 39990 24 40367 107 40500 26 40879 108 41010 28 41390 110 41520 30 41902 110 42031 30 42413 113 42541 32 42925 113 43050 34 43436 116 43558 38 43949 159 44460 160 44971 160 45483 160 45995 160 46506 162 47017 163 47528 164 48040 163 48551 164 49062 164 49572 165 50083 166 50593 167 51104 167 51614 168 52125 169 52635 170 53145 170 53655 171 54166 171 54676 172 55186 173 55696 173 56206 174 56716 175 57226 175 57735 177 58245 178 58755 178 59265 179 59775 179 60284 181 60794 181 61304 182 61814 182 62324 183 62833 184 63343 185 63853 185 64363 185 64873 186 65383 186 65893 187 66403 187 66913 188 67423 188 67933 189 68443 190 68952 191 69462 192 69972 193 70482 193 70992 194 71502 195 72012 196 72522 197 73032 198 73543 199 74053 200 74563 202 75073 203 75583 205 76093 206 76603 207 77113 208 77623 210 78133 211 78643 212 79153 213 79663 214 80173 215 80683 216 81193 216 81703 217 82213 218 82723 219 83233 220 83742 221 84252 222 84762 223 85271 224 85780 226 86290 226 86799 227 87308 229 87817 230 88326 231 88834 233 89343 234 89850 236 90359 237 90867 239 91375 241 91882 243 92390 245 92898 247 93406 248 93914 250 94422 251 94931 252 95438 255 95946 256 96455 256 96963 258 97471 260 97980 260 98488 262 98997 262 99505 264 100013 265 100522 266 101030 267 101539 268 102047 270 102556 270 103065 271 103574 272 104083 272 104591 274 105101 274 105609 276 106119 276 106628 276 107137 277 107646 278 108155 279 108664 280 109173 281 109682 281 110192 281 110701 282 111210 283 111720 283 112229 284 112739 284 113249 284 113759 284 114269 284 114779 284 115290 283 115800 283 116311 282 116822 281 117333 73 117421 192 117845 65 117936 187 118358 55 118450 183 118961 182 119473 180 119984 179 120495 178 121005 178 121516 177 122026 177 122537 177 123047 177 123558 176 124068 176 124578 176 125088 176 125598 176 126108 176 126618 177 127128 177 127638 177 128148 177 128658 178 129167 179 129677 179 130186 180 130696 180 131206 181 131715 182 132225 182 132734 183 133243 185 133753 185 134262 187 134772 187 135281 189 135790 190 136300 191 136809 192 137319 193 137828 195 138337 196 138847 197 139356 199 139866 199 140375 201 140884 203 141234 5 141394 204 141742 8 141903 205 142249 12 142413 206 142758 13 142922 208 143266 15 143432 210 143775 16 143941 212 144284 17 144450 215 144793 18 144960 217 145301 20 145469 221 145811 19 145979 225 146320 20 146488 234 146828 22 146998 237 147337 23 147507 242 147844 26 148017 245 148350 29 148526 249 148852 37 149036 270 149359 40 149546 272 149867 41 150055 275 150360 3 150376 42 150565 276 150869 5 150885 42 151075 277 151379 5 151395 42 151584 279 151889 4 151905 41 152094 280 152402 1 152417 38 152603 281 152931 5 152937 28 153113 282 153456 18 153623 282 153969 14 154132 283 154484 6 154642 283 155152 283 155661 284 156171 284 156681 283 157190 283 157700 280 158210 277 158719 269 159229 255 159739 248 160249 242 160759 233 161268 223 161778 215 162288 210 162798 207 163308 204 163817 203 164327 202 164837 200 165347 199 165856 199 166366 198 166876 198 167386 197 167896 196 168406 196 168916 195 169426 195 169935 195 170445 195 170955 195 171465 195 171975 194 172485 194 172995 194 173505 194 174015 194 174525 193 175035 193 175545 193 176055 193 176565 193 177075 193 177585 193 178095 193 178605 193 179115 193 179625 194 180134 195 180644 195 181154 195 181664 195 182175 195 182685 195 183195 196 183705 196 184215 197 184725 198 185235 198 185745 199 186255 199 186765 200 187275 201 187785 202 188295 203 188805 204 189315 205 189825 206 190335 207 190846 207 191356 209 191866 210 192376 211 192886 212 193396 214 193906 214 194416 216 194926 217 195436 218 195946 219 196456 220 196966 221 197476 222 197987 223 198497 224 199007 225 199517 227 200027 229 200537 230 201047 232 201558 233 202068 234 202578 236 203088 238 203598 240 204108 242 204619 243 205129 246 205639 249 206149 250 206659 254 207169 256 207680 259 208190 260 208700 261 209210 261 209721 260 210231 260 210741 260 211251 260 211761 260 212272 258 212782 258 213292 258 213802 257 214313 256 214823 255 215333 254 215844 253 216354 252 216864 251 217374 251 217885 249 218395 185 218593 50 218905 182 219106 46 219416 179 219620 41 219926 177 220133 38 220436 175 220646 34 220946 174 221158 31 221457 172 221670 28 221967 171 222182 26 222477 170 222694 23 222988 168 223206 19 223498 168 223717 17 224008 167 224229 14 224519 166 224740 11 225029 165 225251 8 225539 165 225764 1 226050 163 226560 163 227071 161 227581 161 228091 161 228602 160 229112 159 229622 159 230133 158 230643 158 231154 156 231664 156 232175 155 232685 155 232896 7 233195 155 233405 10 233706 154 233914 12 234216 154 234423 14 234727 153 234933 14 235237 154 235442 16 235748 153 235951 17 236258 153 236461 18 236769 153 236970 19 237279 153 237479 20 237790 152 237988 21 238300 152 238498 21 238811 152 239007 22 239322 151 239516 23 239832 151 240024 24 240343 151 240531 27 240853 151 241039 29 241364 151 241548 29 241874 151 242057 30 242385 151 242566 30 242895 152 243075 31 243406 151 243585 30 243916 152 244094 30 244427 152 244604 30 244937 152 245113 30 245448 152 245623 29 245958 153 246132 29 246469 153 246642 28 246979 154 247151 29 247490 154 247660 29 248000 155 248169 29 248511 155 248678 29 249021 156 249186 30 249532 158 249692 33 250042 192 250553 190 251063 189 251574 187 252084 185 252595 183 253105 182 253616 180 254126 179 254636 178 255147 176 255657 174 256168 172 256678 171 257189 168 257699 167 258210 165 258720 163 259231 160 259741 159 260252 156 260762 154 261273 151 261783 149 262294 146 262804 143 263315 140 263825 138 264336 97 264441 29 264846 94 264957 19 265357 86 265471 11 265868 80 266378 77 266889 70 267399 66 267910 63 268421 60 268931 59 269442 56 269953 54 270463 53 270974 51 271485 49 271995 49 272506 47 273017 45 273527 45 274038 43 274549 42 275060 40 275570 40 276081 39 276592 37 277103 36 277614 35 278124 35 278635 34 279146 32 279657 31 280168 30 280679 29 281189 29 281700 28 282211 28 282722 27 283233 26 283744 26 284254 26 284765 26 285276 26 285786 26 286297 26 286808 26 286996 1 287319 26 287504 4 287830 26 288013 4 288340 27 288520 7 288851 28 289028 8 289362 28 289536 10 289873 28 290045 10 290384 29 290553 11 290895 29 291061 12 291406 30 291569 14 291917 30 292077 15 292428 31 292586 15 292940 31 293094 16 293451 32 293602 17 293962 33 294110 18 294474 33 294618 19 294985 34 295126 20 295496 36 295633 22 296008 36 296140 23 296519 38 296649 23 297031 39 297156 24 297542 41 297664 25 298053 43 298170 27 298565 43 298677 28 299077 44 299181 32 299588 46 299687 34 300100 47 300192 37 300611 48 300698 39 301123 50 301203 41 301634 53 301707 44 302146 112 302657 107 303170 100 303682 95 304194 91 304706 86 305218 81 305731 75 306243 69 306757 50 307271 39 307791 24 308308 8
Bombay_190,21144 4 21364 11 21585 16 21806 20 22027 24 22249 27 22470 31 22692 34 22913 38 23135 41 23357 44 23580 46 23681 3 23802 49 23905 7 24025 51 24130 9 24249 52 24355 11 24472 54 24580 13 24695 56 24806 14 24919 57 25031 17 25142 59 25257 20 25366 60 25482 22 25590 61 25707 24 25813 63 25933 25 26036 65 26158 27 26258 68 26383 29 26479 72 26609 31 26700 76 26834 33 26922 79 27059 37 27142 84 27284 40 27363 88 27509 45 27583 93 27734 49 27803 98 27959 55 28022 104 28184 167 28409 167 28633 168 28858 98 28959 67 29083 96 29186 65 29307 96 29412 64 29532 95 29638 63 29757 94 29863 63 29981 95 30089 62 30206 94 30314 62 30431 94 30540 61 30655 95 30765 61 30880 94 30990 61 31104 95 31215 61 31329 95 31441 60 31554 94 31666 60 31778 95 31891 60 32003 95 32116 60 32227 95 32341 60 32452 95 32566 60 32676 96 32791 60 32901 96 33016 60 33125 96 33242 59 33350 96 33467 59 33574 97 33692 59 33798 98 33917 59 34022 98 34142 59 34246 99 34367 59 34470 100 34592 59 34694 100 34817 59 34918 101 35042 59 35142 102 35267 59 35366 91 35460 8 35492 59 35591 87 35689 3 35717 59 35817 85 35942 59 36049 77 36167 59 36278 72 36392 59 36506 69 36617 59 36734 66 36842 59 36961 20 36987 38 37067 59 37187 17 37216 34 37292 59 37414 13 37442 33 37517 59 37641 10 37669 31 37742 59 37867 7 37895 31 37967 59 38122 30 38192 59 38350 28 38417 59 38577 27 38642 59 38803 27 38866 60 39029 27 39091 60 39255 26 39316 60 39480 27 39541 60 39706 26 39766 60 39932 26 39991 60 40158 25 40216 60 40384 24 40441 60 40611 22 40666 60 40837 21 40890 37 40933 18 41064 19 41115 35 41160 16 41290 18 41340 34 41386 15 41517 15 41565 33 41612 14 41743 14 41790 32 41838 13 41970 12 42015 32 42064 12 42196 10 42240 31 42290 10 42422 9 42465 31 42516 8 42649 6 42690 30 42742 6 42914 31 42969 3 43139 31 43364 30 43589 30 43814 30 44039 29 44264 29 44489 28 44714 28 44939 27 45165 25 45391 24 45617 22 45843 21 46069 19 46294 19 46520 17 46746 15 46972 13 47197 13 47423 10 47649 8 47875 6 48101 3
miniature_pinscher_97,15185 4 15517 6 15849 7 16182 8 16514 9 16847 9 17179 10 17512 10 17844 11 18177 11 18510 11 18842 12 19175 12 19508 12 19840 13 20173 13 20506 13 20838 14 21171 14 21503 15 21836 15 22168 16 22501 16 22534 2 22833 17 22864 6 23166 17 23195 8 23498 18 23526 10 23831 18 23858 10 24163 20 24189 12 24495 22 24520 13 24827 38 25159 38 25492 37 25824 38 26156 37 26488 37 26820 37 27153 36 27485 36 27818 35 28150 35 28482 35 28815 9 28826 23 29147 9 29159 22 29480 9 29492 21 29813 8 29826 19 30145 9 30159 18 30478 8 30493 16 30811 8 30826 16 31144 8 31159 15 31476 8 31491 15 31809 8 31824 15 32142 8 32157 14 32475 8 32490 14 32807 9 32823 13 33140 9 33156 13 33473 9 33488 13 33805 10 33821 13 34138 10 34154 13 34470 11 34486 13 34803 11 34819 13 35136 11 35152 12 35468 12 35485 12 35801 12 35818 12 36133 13 36151 11 36466 13 36484 11 36798 14 36817 11 37130 15 37150 11 37463 15 37483 11 37795 16 37816 10 38127 17 38149 10 38460 17 38482 10 38792 18 38815 10 39124 19 39148 10 39456 20 39481 10 39788 21 39814 9 40120 22 40147 9 40452 23 40480 9 40784 24 40813 9 41115 26 41146 9 41447 27 41479 9 41778 29 41812 9 42109 30 42145 9 42440 32 42478 9 42771 34 42811 8 43103 35 43144 8 43434 37 43477 8 43766 38 43810 8 44098 39 44143 8 44430 39 44476 8 44762 40 44809 8 45094 41 45142 8 45427 41 45475 8 45759 41 45808 8 46091 42 46141 8 46423 43 46474 7 46756 43 46807 7 47088 43 47140 7 47420 44 47473 7 47753 43 47806 7 48085 44 48139 7 48417 44 48472 7 48750 44 48805 7 49082 44 49138 7 49415 43 49471 7 49747 44 49804 7 50080 43 50137 7 50412 43 50470 7 50744 43 50802 8 51077 42 51135 8 51409 42 51468 8 51742 41 51801 8 52074 41 52134 8 52407 40 52468 6 52739 40 52801 6 53072 39 53134 6 53404 40 53467 6 53737 39 53801 5 54069 40 54134 5 54402 40 54468 4 54734 42 54787 2 54801 4 55067 43 55117 7 55134 4 55399 59 55467 5 55675 4 55732 60 55799 6 56006 8 56064 62 56131 8 56338 10 56396 64 56463 11 56669 13 56729 80 57002 14 57061 87 57334 17 57394 94 57666 18 57726 99 57998 20 58059 101 58330 22 58391 105 58662 23 58724 107 58994 25 59056 110 59326 26 59388 112 59659 26 59721 114 59991 28 60053 116 60323 29 60386 117 60655 30 60718 119 60987 31 61051 121 61319 32 61383 123 61651 33 61716 124 61983 35 62048 126 62315 36 62380 128 62647 37 62713 128 62980 37 63045 130 63312 39 63378 131 63644 40 63710 133 63977 40 64043 134 64310 41 64375 136 64642 43 64708 137 64975 43 65040 140 65308 44 65373 140 65641 45 65705 143 65973 46 66038 144 66306 47 66370 146 66639 48 66703 147 66973 48 67035 149 67306 50 67367 151 67639 51 67699 154 67972 52 68031 156 68305 216 68639 216 68972 217 69305 218 69638 220 69971 220 70305 220 70638 221 70971 221 71304 222 71637 222 71971 221 72304 221 72637 130 72771 87 72970 125 73109 82 73303 122 73444 80 73635 121 73778 79 73968 120 74112 78 74301 118 74446 76 74634 118 74779 75 74967 117 75113 74 75300 117 75447 71 75633 117 75780 70 75966 118 76114 66 76298 119 76447 64 76631 119 76781 60 76964 120 77114 58 77297 120 77448 55 77630 121 77781 54 77963 122 78114 54 78295 123 78448 52 78628 124 78781 52 78961 124 79114 51 79294 125 79447 51 79627 126 79781 49 79959 128 80114 49 80292 128 80447 49 80625 129 80781 48 80958 130 81114 48 81291 131 81447 47 81624 132 81780 47 81956 133 82114 46 82289 134 82447 46 82622 135 82780 46 82955 135 83114 45 83288 136 83447 45 83620 138 83780 45 83953 138 84114 44 84286 138 84447 44 84619 139 84780 44 84951 140 85113 43 85284 140 85447 42 85616 141 85780 42 85949 141 86113 42 86281 143 86446 42 86614 143 86779 41 86946 144 87112 41 87278 145 87446 40 87611 145 87779 40 87943 146 88112 39 88275 147 88445 39 88606 149 88778 39 88936 152 89111 39 89264 157 89444 38 89591 163 89777 38 89922 165 90110 38 90254 166 90443 38 90587 166 90776 38 90919 167 91109 37 91252 167 91442 37 91585 54 91643 109 91775 37 91918 53 91977 108 92108 37 92251 52 92310 108 92440 38 92584 52 92643 108 92773 38 92918 50 92976 108 93106 38 93251 50 93309 108 93439 38 93585 48 93642 108 93771 38 93918 47 93975 108 94104 38 94252 46 94309 107 94437 38 94585 45 94641 107 94769 39 94919 44 94975 106 95102 39 95253 43 95308 106 95434 41 95586 42 95641 105 95767 41 95920 41 95975 103 96099 42 96253 41 96309 85 96398 12 96432 42 96587 39 96643 81 96737 5 96764 43 96920 38 96977 33 97017 37 97097 44 97254 35 97312 26 97367 19 97429 45 97587 35 97646 22 97703 14 97761 46 97921 32 97980 18 98037 13 98093 48 98254 32 98314 14 98373 5 98425 49 98587 31 98649 9 98757 51 98921 29 99088 54 99254 28 99418 58 99587 27 99741 69 99921 25 100073 71 100254 24 100406 72 100587 22 100740 72 100921 19 101074 72 101254 18 101409 71 101588 15 101746 68 101923 7 102083 65 102420 62 102776 40 103113 37 103449 35 103785 32 104120 31 104455 30 104791 29 105126 28 105463 25 105798 25 106132 25 106468 25 106803 25 107137 25 107472 25 107806 26 108141 26 108476 27 108810 28 109145 28 109480 28 109814 29 110149 29 110486 28 110820 28 111156 28 111491 28 111826 28 112161 28 112495 28 112830 28 113165 28 113499 29 113833 30 114168 29 114502 29 114836 29 115170 29 115504 28 115838 28 116172 28 116506 28 116840 28 117174 28 117508 27 117842 27 118176 27 118509 27 118843 27 119177 26 119511 25 119845 25 120179 24 120513 23 120847 21 121182 19 121516 18 121850 17 122185 14 122521 10 122856 7
Maine_Coon_9,33887 3 34285 7 34683 10 35082 11 35481 13 35880 14 36280 14 36679 15 37078 16 37477 17 37876 18 38276 18 38675 18 39074 19 39474 19 39873 19 40272 20 40671 20 41071 20 41470 20 41869 20 42268 20 42667 21 43066 21 43465 21 43864 21 44263 21 44662 21 44956 15 45061 21 45349 27 45460 21 45741 41 45859 21 46135 51 46258 21 46528 64 46657 21 46926 86 47056 21 47296 15 47318 104 47455 21 47691 135 47854 22 48091 142 48253 22 48490 145 48652 22 48891 146 49051 23 49291 147 49450 23 49692 147 49849 23 50093 147 50248 24 50494 148 50646 25 50896 175 51297 173 51698 172 52099 170 52500 169 52900 168 53301 167 53702 165 54102 165 54503 163 54904 162 55304 162 55705 160 56105 160 56505 159 56905 159 57306 158 57706 157 58106 157 58506 156 58906 156 59306 156 59707 154 60107 154 60507 154 60907 153 61307 153 61707 152 62107 152 62507 152 62907 151 63306 152 63706 152 64106 151 64506 151 64906 151 65306 150 65706 150 66106 150 66505 151 66905 150 67305 150 67705 150 68104 150 68504 150 68904 150 69303 150 69703 150 70102 151 70502 150 70901 151 71301 151 71700 151 72099 152 72499 152 72898 153 73297 153 73696 154 74096 154 74495 155 74894 155 75294 155 75694 16 75722 127 76094 12 76126 122 76531 117 76933 115 77338 110 77740 108 78143 104 78544 103 78946 101 79348 99 79750 97 80151 95 80553 93 80954 92 81355 91 81757 89 82158 88 82560 86 82961 85 83362 83 83764 81 84165 80 84565 80 84966 79 85367 78 85767 78 86168 77 86568 77 86969 76 87369 76 87770 75 88170 74 88570 74 88970 74 89371 73 89771 73 90171 73 90571 73 90971 73 91371 73 91771 73 92170 74 92570 74 92970 74 93370 74 93770 74 94170 74 94569 75 94969 75 95369 75 95769 75 96168 76 96568 76 96968 76 97368 76 97768 75 98167 76 98567 76 98967 76 99367 76 99767 76 100167 76 100567 76 100967 76 101367 76 101767 76 102167 76 102567 76 102967 76 103367 76 103767 76 104167 76 104567 76 104967 76 105367 76 105767 76 106167 76 106567 76 106967 76 107368 75 107768 75 108168 75 108568 75 108968 75 109368 75 109768 75 110168 75 110568 75 110969 74 111369 74 111769 74 112169 74 112569 74 112969 74 113369 74 113769 74 114169 74 114569 74 114969 74 115369 74 115769 74 116169 74 116569 74 116969 74 117369 74 117769 74 118169 74 118569 74 118969 74 119369 74 119769 74 120169 74 120569 74 120969 74 121369 74 121769 73 122169 73 122569 73 122969 73 123369 73 123769 73 124169 73 124569 73 124969 73 125369 73 125769 73 126169 73 126569 74 126969 74 127369 74 127769 74 128169 74 128569 74 128970 73 129370 73 129770 73 130170 73 130570 73 130970 73 131370 73 131770 73 132171 72 132571 72 132971 72 133371 72 133771 72 134171 72 134571 72 134971 72 135371 72 135771 72 136172 71 136572 71 136972 71 137372 71 137772 71 138172 71 138572 71 138972 71 139372 71 139772 71 140172 71 140572 71 140972 71 141372 71 141772 71 142172 71 142572 71 142972 71 143372 71 143772 71 144172 71 144572 71 144972 71 145372 71 145772 71 146172 72 146572 72 146972 72 147372 72 147772 72 148172 72 148572 72 148972 72 149372 72 149772 72 150172 72 150572 72 150972 72 151373 72 151773 72 152173 72 152573 72 152973 72 153373 72 153773 73 154173 73 154573 73 154973 73 155373 74 155774 73 156174 73 156574 74 156974 74 157374 74 157507 5 157774 75 157904 9 158174 75 158303 10 158574 75 158701 12 158975 75 159099 14 159375 76 159498 15 159775 76 159896 17 160175 77 160295 18 160575 77 160694 18 160975 78 161093 19 161375 79 161491 20 161776 79 161890 19 162176 80 162288 19 162576 81 162687 18 162976 82 163085 18 163376 83 163484 17 163776 84 163882 18 164176 86 164280 19 164577 87 164677 21 164977 90 165073 24 165377 119 165777 118 166177 118 166577 117 166978 115 167378 114 167778 114 168178 113 168579 111 168979 110 169379 109 169780 107 170180 107 170580 106 170980 104 171381 102 171781 101 172181 101 172581 100 172982 98 173382 98 173782 97 174182 96 174582 96 174983 94 175383 94 175783 94 176183 94 176583 94 176984 92 177384 92 177784 92 178184 92 178584 92 178985 91 179385 91 179785 90 180185 90 180585 89 180986 88 181386 87 181786 87 182186 86 182587 85 182987 85 183387 84 183787 84 184188 82 184359 4 184588 82 184753 15 184988 81 185151 19 185389 80 185548 23 185789 79 185946 25 186189 79 186343 29 186590 78 186742 30 186990 78 187140 33 187390 78 187539 34 187791 77 187937 36 188191 77 188336 37 188592 76 188735 38 188992 76 189133 40 189392 76 189532 41 189793 76 189931 42 190193 76 190330 43 190594 76 190728 44 190994 77 191127 45 191395 78 191525 47 191795 79 191923 49 192195 81 192321 51 192596 82 192719 53 192996 85 193115 56 193396 88 193512 59 193797 90 193906 65 194197 95 194300 71 194597 174 194998 172 195398 172 195798 172 196199 171 196599 170 196999 170 197400 169 197800 169 198200 168 198600 168 199001 167 199401 167 199801 167 200201 166 200601 166 201001 166 201402 164 201802 164 202202 164 202602 163 203003 162 203403 162 203803 161 204204 160 204604 159 205004 159 205405 158 205805 157 206205 157 206606 155 207006 155 207407 153 207807 153 208208 151 208608 151 209009 149 209410 148 209810 147 210211 146 210612 144 211012 143 211413 141 211814 140 212214 139 212615 137 213016 135 213417 133 213817 132 214218 130 214619 128 215019 127 215420 125 215820 124 216221 122 216621 120 217022 118 217422 117 217823 115 218223 114 218624 112 219025 110 219425 108 219826 106 220226 105 220627 103 221028 101 221429 99 221830 97 222232 94 222632 92 223034 89 223435 87 223837 28 223885 35 224238 24 224294 23 224640 20 224698 16 225042 14
saint_bernard_124,43629 1 43999 19 44371 32 44744 38 45116 43 45490 46 45862 50 46236 53 46609 56 46982 60 47356 62 47730 64 48104 67 48478 70 48852 72 49226 75 49601 76 49975 78 50349 81 50724 82 51098 85 51473 86 51848 88 52222 91 52597 92 52972 93 53347 95 53721 97 54096 98 54471 100 54846 101 55220 105 55595 108 55970 113 56345 122 56719 125 57094 126 57469 127 57844 127 58218 129 58593 129 58968 130 59343 131 59718 133 60093 137 60467 145 60842 148 61217 151 61592 154 61967 156 62342 158 62717 160 63092 161 63467 164 63842 166 64217 167 64592 170 64967 172 65342 174 65717 180 66092 185 66467 192 66842 212 67217 220 67592 224 67967 222 68342 217 68717 216 69092 215 69467 215 69842 214 70217 213 70592 212 70967 211 71342 210 71718 207 72093 206 72468 204 72843 201 73218 199 73593 198 73968 195 74343 193 74718 190 75094 185 75469 182 75844 180 76219 178 76594 175 76970 173 77345 171 77720 169 78096 166 78471 165 78846 164 79221 164 79597 162 79972 161 80347 161 80723 160 81098 159 81473 159 81848 159 82224 157 82599 157 82974 157 83349 157 83725 156 84100 156 84475 156 84850 156 85225 156 85600 156 85976 155 86351 155 86726 154 87101 154 87476 154 87851 154 88227 153 88602 153 88977 153 89352 152 89728 151 90103 151 90478 151 90853 150 91228 150 91603 150 91978 149 92353 149 92729 147 93104 147 93479 146 93854 145 94229 145 94604 144 94979 144 95354 143 95730 142 96105 141 96480 141 96855 141 97230 140 97605 140 97980 138 98355 136 98730 135 99105 133 99480 131 99855 130 100230 129 100605 127 100979 127 101354 127 101729 126 102104 126 102479 125 102854 125 103228 126 103603 126 103978 126 104352 127 104727 127 105102 127 105476 128 105851 128 106225 130 106600 131 106975 131 107349 133 107724 134 108099 136 108473 138 108848 139 109223 140 109598 141 109972 143 110347 143 110722 143 111097 144 111471 145 111846 145 112221 145 112596 145 112970 146 113345 145 113720 146 114095 146 114470 148 114844 151 115219 152 115594 153 115969 153 116344 153 116718 153 117093 153 117468 152 117843 152 118218 151 118592 152 118967 151 119342 151 119717 151 120092 150 120467 150 120842 149 121216 149 121591 149 121966 148 122341 148 122716 147 123091 147 123466 147 123841 146 124216 146 124590 147 124965 147 125340 148 125715 148 126090 148 126465 148 126840 148 127215 148 127590 148 127965 148 128339 149 128714 149 129089 148 129464 148 129839 147 130214 146 130589 145 130964 144 131339 143 131714 142 131992 6 132089 141 132362 12 132464 140 132735 15 132839 139 133108 18 133214 138 133480 21 133589 137 133852 24 133964 137 134225 26 134339 136 134598 28 134714 135 134970 31 135089 134 135343 33 135464 133 135716 35 135839 132 136088 38 136214 131 136459 42 136589 130 136830 46 136964 130 137204 47 137339 129 137577 49 137714 128 137951 50 138089 128 138325 51 138464 127 138699 52 138839 127 139073 53 139214 127 139447 54 139589 127 139821 55 139964 127 140195 56 140339 126 140569 57 140714 126 140943 58 141090 125 141317 59 141465 126 141691 60 141840 126 142065 61 142215 126 142439 62 142590 126 142813 63 142965 126 143187 64 143340 127 143562 64 143715 127 143936 65 144091 126 144310 66 144466 127 144685 66 144841 127 145059 67 145216 127 145434 67 145591 128 145808 68 145966 128 146182 69 146341 129 146557 69 146717 128 146931 70 147092 129 147306 70 147467 130 147680 71 147842 130 148055 71 148218 130 148429 72 148593 131 148804 72 148968 132 149179 72 149344 131 149554 72 149719 132 149929 72 150095 131 150303 73 150470 132 150678 73 150846 131 151053 73 151221 131 151428 73 151597 130 151803 73 151972 130 152178 73 152348 129 152553 73 152723 129 152928 73 153099 129 153303 73 153475 128 153678 73 153850 130 154053 73 154226 131 154364 8 154428 73 154602 147 154803 73 154977 149 155179 72 155353 149 155554 72 155729 149 155929 72 156104 150 156304 72 156480 150 156680 71 156855 151 157055 71 157231 151 157431 70 157606 152 157806 70 157982 152 158182 69 158357 154 158558 68 158733 154 158933 68 159108 156 159309 67 159484 157 159685 66 159859 158 160061 65 160234 159 160437 64 160610 158 160814 61 160985 158 161190 58 161360 157 161567 49 161736 156 161944 31 162111 155 162322 25 162487 154 162701 18 162862 153 163080 10 163237 152 163613 150 163988 149 164363 146 164739 127 165114 122 165490 120 165865 118 166241 115 166617 113 166992 112 167368 110 167744 109 168119 108 168495 107 168872 104 169248 103 169624 102 170001 100 170377 99 170754 97 171131 94 171508 92 171885 91 172263 88 172640 86 173018 83 173397 79 173775 77 174153 74 174530 73 174908 70 175286 68 175662 68 176039 68 176415 68 176791 69 177167 70 177543 71 177919 71 178295 70 178671 70 179047 69 179423 68 179799 67 180175 65 180551 64 180928 62 181304 61 181680 60 182056 59 182432 57 182808 55 183184 51 183560 47 183936 44 184312 41 184688 39 185064 37 185441 33 185817 31 186193 29 186568 28 186943 28 187318 29
staffordshire_bull_terrier_154,67253 5 67626 11 68001 15 68375 18 68750 20 69124 23 69499 24 69874 26 70249 28 70623 31 70998 33 71373 35 71748 37 72123 38 72498 39 72873 40 73248 41 73623 42 73998 42 74373 43 74748 44 75123 44 75498 45 75873 46 76248 46 76390 12 76623 47 76763 17 76999 47 77137 21 77374 48 77492 6 77512 25 77749 50 77858 56 78124 53 78182 14 78227 65 78499 79 78599 70 78875 82 78972 74 79250 84 79342 81 79625 175 80000 177 80375 180 80751 182 81126 185 81501 189 81876 192 82251 198 82627 201 83002 203 83377 207 83752 210 84127 212 84502 215 84877 217 85251 220 85626 222 86001 135 86146 79 86376 133 86523 80 86751 132 86899 81 87125 131 87275 82 87500 131 87651 82 87875 132 88027 83 88250 133 88402 84 88624 134 88778 85 88999 135 89153 86 89374 136 89529 87 89749 137 89904 35 89944 48 90123 139 90279 33 90321 47 90498 139 90654 32 90698 45 90872 141 91030 29 91075 44 91247 141 91405 28 91451 43 91621 142 91780 26 91828 40 91994 145 92155 25 92204 38 92309 2 92368 146 92531 23 92581 35 92683 5 92742 147 92906 22 92958 28 93058 7 93115 149 93281 21 93335 11 93433 9 93489 150 93657 20 93808 10 93863 151 94032 19 94183 12 94237 153 94408 17 94559 12 94611 154 94783 17 94934 13 94985 155 95159 15 95310 13 95359 156 95535 14 95686 13 95734 156 95911 12 96062 13 96109 156 96286 11 96439 12 96483 158 96662 10 96815 12 96858 158 97038 7 97191 11 97232 159 97416 2 97567 10 97607 159 97943 10 97981 160 98319 9 98355 161 98695 8 98729 161 98953 9 99071 8 99102 163 99325 13 99447 6 99476 163 99699 15 99823 5 99849 165 100072 17 100222 166 100445 19 100595 167 100819 20 100969 168 101190 23 101343 168 101562 25 101717 169 101936 24 102091 169 102309 22 102465 170 102683 20 102840 169 103056 20 103214 169 103430 19 103589 169 103804 18 103963 169 104178 17 104338 168 104522 6 104552 17 104713 167 104895 9 104926 16 105088 165 105269 11 105300 16 105463 163 105643 12 105674 15 105838 162 106016 15 106048 14 106213 160 106390 16 106422 14 106588 159 106764 17 106796 14 106964 157 107137 19 107170 13 107339 156 107511 20 107544 13 107714 155 107885 22 107918 13 108089 155 108259 24 108291 14 108465 153 108633 26 108663 16 108840 151 109007 46 109216 149 109381 45 109591 148 109755 45 109967 146 110129 45 110342 144 110503 44 110718 142 110876 45 111093 153 111249 46 111469 199 111844 198 112220 196 112595 194 112971 192 113347 190 113723 188 114099 186 114474 185 114851 182 115227 180 115603 178 115979 176 116355 174 116731 172 117108 169 117484 166 117861 163 118239 159 118615 156 118992 153 119369 149 119745 146 120122 141 120499 138 120875 135 121252 131 121628 128 122004 125 122382 109 122758 106 123135 103 123511 101 123888 99 124264 98 124640 97 125017 95 125394 3 125400 87 125780 82 126158 79 126544 68 126924 63 127304 58 127683 54 128076 36 128476 10 128853 7 129231 3
scottish_terrier_191,23128 10 23498 19 23867 30 24235 41 24607 45 24979 51 25351 56 25725 58 26097 63 26470 67 26843 70 27216 73 27588 78 27961 81 28333 85 28706 88 29079 91 29452 94 29826 96 30199 99 30573 100 30947 102 31321 103 31696 104 32070 105 32444 106 32818 108 33193 108 33567 109 33941 110 34315 112 34689 113 35064 113 35438 115 35812 116 36186 117 36560 119 36935 119 37309 120 37683 121 38057 123 38432 123 38806 124 39181 124 39555 126 39930 126 40304 127 40679 127 41053 129 41428 129 41803 129 42177 130 42552 131 42927 131 43302 131 43677 131 44052 132 44427 132 44801 133 45176 134 45551 134 45926 135 46301 135 46676 136 47051 137 47426 137 47801 138 48176 139 48551 140 48926 142 49301 144 49675 146 50050 148 50425 151 50800 153 51175 156 51550 159 51925 167 52299 180 52674 182 53049 184 53424 185 53799 185 54174 186 54548 187 54923 188 55298 188 55673 188 56048 188 56423 188 56798 188 57172 189 57547 189 57922 153 58085 26 58297 149 58463 23 58672 147 58841 20 59046 147 59218 17 59421 146 59594 16 59796 146 59970 15 60170 146 60346 14 60545 145 60723 12 60920 145 61099 10 61197 6 61294 146 61475 9 61570 16 61669 145 61852 6 61943 22 62043 146 62228 4 62315 28 62418 146 62686 36 62792 147 63059 41 63167 147 63433 46 63541 147 63807 50 63915 148 64182 53 64290 148 64557 56 64664 149 64932 59 65038 150 65308 60 65411 153 65683 62 65785 154 66059 64 66158 156 66436 64 66531 158 66811 67 66903 161 67187 69 67272 168 67563 252 67939 251 68314 252 68690 251 69066 251 69441 251 69817 251 70193 250 70568 251 70944 251 71320 250 71695 251 72071 250 72447 250 72823 250 73198 250 73574 250 73950 249 74326 249 74701 249 75077 248 75453 248 75829 247 76205 246 76581 245 76958 243 77334 242 77711 124 77842 109 78086 122 78220 106 78462 121 78597 104 78838 119 78973 103 79214 119 79349 102 79589 119 79725 101 79965 119 80101 100 80340 119 80477 99 80715 120 80852 99 81091 119 81228 98 81466 119 81604 97 81841 120 81980 95 82216 120 82357 93 82592 121 82734 92 82967 121 83110 91 83342 122 83487 89 83717 122 83863 88 84092 123 84239 87 84467 123 84616 85 84842 123 84991 86 85217 123 85367 85 85592 123 85742 86 85967 123 86118 85 86342 123 86493 86 86717 124 86869 86 87092 124 87244 87 87466 126 87620 88 87841 126 87995 89 88216 126 88370 90 88591 127 88745 91 88965 128 89120 93 89340 129 89495 94 89714 130 89869 96 90089 131 90244 96 90463 133 90619 97 90838 134 90993 98 91212 137 91367 100 91587 139 91741 101 91961 144 92115 102 92336 147 92489 103 92710 257 93084 258 93457 181 93651 67 93831 176 94029 64 94205 174 94407 61 94578 174 94784 59 94952 172 95160 58 95325 171 95536 56 95698 170 95912 29 95945 22 96072 166 96287 27 96323 19 96444 167 96663 25 96700 17 96817 167 97039 23 97077 15 97190 167 97414 23 97453 14 97563 168 97790 21 97830 11 97937 168 98165 21 98206 10 98311 168 98541 19 98582 8 98684 169 98916 19 98959 6 99058 169 99291 19 99336 2 99432 169 99666 19 99806 169 100042 17 100180 170 100417 17 100554 170 100792 17 100928 170 101168 16 101302 171 101543 16 101676 171 101918 16 102050 172 102294 14 102423 173 102669 14 102795 176 103044 14 103167 178 103420 13 103538 182 103795 12 103909 186 104171 11 104283 186 104546 11 104657 187 104921 10 105032 187 105297 9 105407 186 105672 8 105783 185 106048 6 106159 183 106424 5 106538 179 106922 170 107300 166 107683 158 108063 152 108469 121 108847 117 109226 113 109604 110 109981 107 110359 103 110737 100 111114 97 111492 94 111871 89 112252 6 112266 68 112646 63 113024 59 113401 56 113778 53 114155 50 114532 47 114909 44 115285 42 115662 39 116038 37 116415 34 116791 32 117167 30 117543 29 117920 26 118296 24 118672 22 119049 19 119425 17 119802 13 120179 10 120556 5
english_setter_168,97646 13 98012 26 98381 35 98753 38 99124 43 99212 23 99497 45 99582 32 99870 47 99924 8 99951 42 100017 15 100241 51 100295 21 100319 53 100390 17 100613 142 100761 21 100983 174 101355 153 101526 5 101728 153 102100 156 102474 156 102847 156 103221 157 103595 157 103969 157 104343 157 104717 157 105091 157 105465 156 105839 142 106212 137 106587 134 106961 132 107334 132 107708 131 108081 131 108456 130 108830 130 109205 129 109579 129 109954 129 110329 128 110704 128 111079 127 111454 127 111828 128 112203 128 112577 129 112952 129 113326 131 113701 131 114075 132 114450 133 114626 12 114825 134 114999 16 115200 135 115373 23 115575 136 115747 28 115951 136 116123 29 116326 137 116500 29 116701 139 116880 25 117076 142 117262 19 117451 145 117640 18 117826 151 118017 16 118201 156 118394 15 118576 159 118771 14 118950 164 119149 12 119325 167 119528 8 119700 169 119906 6 120075 170 120450 171 120825 172 121200 173 121575 175 121949 176 122324 176 122699 174 123073 173 123447 172 123821 171 124193 170 124566 168 124938 164 125312 160 125687 156 126062 152 126441 145 126818 140 127197 132 127575 90 127679 20 127952 84 128061 8 128330 77 128708 69 129085 44 129462 36 129840 28
german_shorthaired_88,52143 4 52639 12 53136 17 53634 21 54132 25 54631 27 55129 30 55628 32 56127 35 56626 37 57124 40 57623 42 58121 45 58620 47 59118 50 59616 53 60114 56 60610 60 61106 65 61602 70 62099 74 62597 76 63095 79 63594 81 64093 83 64592 85 65091 87 65591 87 66090 89 66589 92 67088 94 67588 95 68087 97 68441 4 68587 98 68940 6 69086 101 69439 7 69586 102 69938 9 70085 104 70437 10 70585 104 70936 11 71084 106 71434 13 71584 105 71933 13 72083 106 72433 13 72582 106 72932 13 73082 105 73430 14 73581 105 73929 14 74081 104 74427 16 74580 104 74925 15 75080 102 75421 17 75579 101 75918 19 76079 99 76416 20 76578 98 76914 21 77077 98 77411 22 77576 98 77909 22 78076 96 78406 23 78575 96 78902 25 79074 96 79398 26 79573 96 79879 43 80073 96 80372 47 80572 98 80867 50 81071 100 81362 53 81571 101 81818 14 81855 58 82070 102 82312 97 82570 103 82809 97 83069 104 83305 97 83569 105 83776 12 83800 99 84068 106 84275 121 84567 108 84773 119 85067 109 85272 116 85566 111 85770 113 86066 112 86269 108 86566 112 86768 104 87065 114 87268 100 87565 115 87768 95 88064 117 88268 92 88564 118 88768 90 89064 119 89267 89 89563 121 89767 84 90063 122 90267 80 90563 123 90767 76 91062 125 91268 72 91562 125 91768 68 92062 126 92268 62 92561 127 92768 45 92817 3 93061 128 93268 43 93561 129 93767 43 94061 129 94267 41 94561 129 94767 39 95060 130 95266 38 95560 131 95765 38 96060 131 96264 38 96560 132 96764 38 97060 132 97263 38 97560 133 97762 38 98059 134 98262 37 98559 135 98761 38 99059 137 99260 38 99559 141 99704 8 99760 38 100059 157 100259 39 100559 158 100758 40 101059 158 101257 40 101559 158 101756 41 102059 158 102256 41 102559 158 102755 42 103059 158 103254 44 103559 158 103753 45 104059 157 104253 45 104559 157 104753 45 105059 156 105252 46 105559 155 105752 47 106059 155 106252 47 106559 154 106752 48 107059 152 107252 48 107559 150 107751 49 108059 148 108251 50 108559 144 108751 50 109059 142 109251 51 109559 141 109751 51 110059 139 110250 52 110559 135 110750 52 111059 134 111249 54 111560 132 111749 54 112060 131 112248 55 112560 130 112747 56 113060 130 113247 56 113560 130 113746 58 114061 128 114246 58 114561 128 114746 58 115061 127 115245 59 115562 126 115744 61 116062 125 116243 62 116563 123 116742 63 117063 123 117241 64 117564 121 117740 65 118064 121 118238 67 118565 119 118736 69 119065 119 119235 70 119566 117 119734 71 120066 116 120233 71 120567 114 120731 73 121068 112 121231 73 121568 110 121730 74 122069 106 122229 76 122569 102 122728 78 123070 96 123228 78 123570 93 123726 81 124070 87 124225 84 124571 80 124724 86 125071 76 125221 90 125571 73 125719 94 126072 71 126217 99 126572 70 126715 105 127072 69 127214 108 127573 67 127712 113 128073 67 128210 122 128573 67 128708 136 129073 67 129206 147 129434 12 129573 68 129703 158 129923 31 130073 69 130199 168 130415 54 130574 69 130695 179 130901 72 131074 71 131188 286 131575 72 131683 292 132076 74 132179 296 132577 82 132670 306 133078 398 133579 397 134081 395 134583 393 135084 392 135586 390 136087 338 136429 46 136588 328 136952 23 137090 320 137456 18 137592 308 137958 15 138094 299 138461 11 138597 285 138963 8 139101 208 139324 45 139604 199 139831 16 140106 193 140610 184 141114 177 141619 170 142123 162 142628 151 143134 141 143639 131 144143 122 144647 114 145151 107 145654 100 146157 94 146659 91 147161 87 147662 85 148164 83 148665 81 149166 79 149667 77 150168 75 150668 74 151169 71 151670 69 152170 68 152671 66 153172 64 153673 61 154173 60 154674 58 155175 55 155676 53 156177 50 156678 48 157179 45 157680 43 158181 40 158682 38 159183 36 159684 33 160186 30 160689 25 161191 21 161696 11 178305 7 178805 16 179306 31 179808 43 180312 44 180815 42 181326 30 181838 13
Ragdoll_49,165 334 667 334 1166 335 1665 336 2164 337 2663 338 3163 338 3663 338 4164 337 4664 337 5163 338 5663 338 6163 338 6663 338 7162 339 7662 339 8162 339 8662 339 9162 339 9662 339 10162 339 10662 339 11161 340 11661 340 12160 341 12659 342 13158 343 13657 344 14155 346 14653 348 15152 349 15651 350 16150 351 16649 352 17148 353 17646 355 18145 356 18643 358 19140 361 19638 363 20136 365 20634 367 21133 368 21632 369 22131 370 22630 371 23129 372 23628 373 24128 373 24627 374 25126 375 25625 376 26124 377 26623 378 27122 379 27621 380 28120 381 28618 383 29117 384 29616 385 30115 386 30613 388 31112 389 31611 390 32110 391 32609 392 33108 393 33606 395 34105 396 34604 397 35103 398 35603 398 36102 399 36601 400 37100 401 37599 402 38099 402 38598 403 39097 404 39596 405 40096 405 40595 406 41094 407 41594 407 42093 408 42592 409 43092 409 43591 410 44090 411 44589 412 45088 413 45588 413 46087 414 46586 415 47086 415 47585 416 48084 417 48583 418 49082 419 49581 420 50079 422 50578 423 51076 425 51574 427 52072 429 52570 431 53067 434 53564 437 54061 440 54556 445 55053 448 55550 451 56047 454 56545 456 57042 459 57540 461 58038 463 58535 466 59033 468 59531 467 60029 468 60527 469 61025 470 61523 472 62022 473 62521 474 63020 475 63519 476 64018 477 64517 478 65017 478 65517 479 66016 480 66516 480 67017 480 67517 480 68017 482 68518 482 69019 482 69520 481 70021 480 70522 280 70808 193 71023 278 71312 189 71525 276 71816 185 72027 274 72319 182 72529 271 72821 180 73031 269 73324 177 73534 266 73825 176 74036 264 74327 174 74539 262 74828 173 75042 259 75331 170 75545 257 75832 169 76047 256 76333 168 76550 255 76835 166 77053 253 77336 165 77556 251 77837 164 78058 251 78339 162 78561 250 78840 161 79064 248 79343 158 79566 248 79844 157 80068 248 80346 155 80570 248 80849 152 81072 247 81351 150 81574 247 81852 149 82076 246 82354 147 82578 246 82855 146 83079 246 83356 145 83580 246 83857 144 84081 247 84358 143 84582 247 84859 142 85083 247 85360 141 85583 248 85862 139 86084 248 86363 138 86584 250 86864 137 87085 250 87366 135 87585 251 87867 134 88086 251 88368 133 88586 252 88868 133 89087 252 89368 133 89587 253 89867 134 90088 254 90365 136 90588 256 90863 138 91089 257 91361 140 91589 262 91856 145 92090 411 92590 411 93091 410 93591 410 94092 409 94592 409 95093 408 95593 408 96094 407 96594 407 97094 407 97595 406 98095 406 98596 405 99096 405 99597 404 100097 404 100598 403 101098 403 101598 403 102099 402 102599 402 103099 402 103599 402 104100 401 104600 401 105100 401 105601 400 106101 400 106601 400 107101 400 107602 399 108102 399 108602 399 109102 399 109603 398 110103 398 110603 398 111103 191 111318 183 111603 187 111821 180 112104 184 112324 177 112604 182 112826 175 113104 181 113328 173 113604 180 113830 171 114105 178 114333 168 114605 178 114835 166 115105 178 115338 163 115605 177 115840 161 116106 176 116343 158 116606 176 116847 154 117106 176 117351 150 117606 176 117856 145 118106 175 118360 141 118607 174 118865 136 119107 173 119369 132 119607 172 119873 128 120107 171 120378 123 120607 170 120882 119 121107 169 121387 114 121607 168 121894 107 122107 167 122403 98 122607 165 122955 46 123107 164 123480 21 123607 162 123990 11 124107 160 124606 159 125106 157 125606 154 126106 152 126606 148 127105 144 127605 139 128105 135 128604 133 129104 129 129604 126 130104 122 130603 120 131103 117 131602 115 132102 112 132602 110 133101 108 133601 102 134101 94 134600 87 135100 59 135599 54 136099 49 136598 48 137098 45 137598 43 138097 43 138597 41 139096 41 139596 40 140095 39 140595 38 141094 38 141594 37 142093 36 142593 35 143093 34 143592 34 144092 32 144592 31 145091 30 145591 29 146090 28 146590 27 147090 25 147589 24 148089 22 148589 21 149089 19 149588 19 150088 18 150588 16 151088 15 151588 13 152088 12 152588 11 153088 9 153589 6
newfoundland_4,42367 3 42865 9 43364 11 43862 15 44359 21 44857 27 45355 33 45853 39 46351 43 46850 45 47349 47 47847 51 48345 53 48843 56 49340 60 49836 64 50331 70 50825 76 51237 24 51321 81 51728 41 51818 84 52223 53 52314 88 52719 69 52809 94 53216 187 53713 191 54210 194 54707 197 55204 201 55702 203 56199 207 56695 211 57192 214 57690 217 58188 219 58686 222 59184 224 59682 227 60179 230 60676 234 61170 240 61661 250 62146 266 62642 271 63140 273 63639 275 64138 277 64632 284 65130 287 65628 291 66125 296 66623 300 67119 306 67590 13 67615 312 68087 342 68585 347 69083 351 69582 354 70081 356 70580 358 71079 360 71578 361 72077 363 72576 364 73076 364 73575 365 74075 365 74574 366 75074 366 75574 366 76073 367 76573 367 77072 368 77572 368 78071 369 78571 368 79070 369 79570 369 80070 368 80569 368 81069 368 81569 366 82068 366 82568 365 83068 364 83568 362 84067 361 84567 359 85067 357 85567 356 86066 355 86566 354 87066 352 87567 349 88067 348 88567 347 89068 345 89568 344 90068 343 90569 341 91069 340 91570 338 92071 336 92572 335 93073 333 93573 332 94074 331 94575 330 95076 328 95577 327 96077 327 96578 325 97078 325 97579 324 98079 324 98580 323 99080 323 99581 322 100081 322 100581 322 101082 322 101582 322 102082 322 102583 321 103083 322 103583 322 104084 322 104584 322 105085 321 105585 321 106086 321 106587 320 107088 319 107588 319 108089 318 108590 317 109091 316 109592 315 110093 314 110593 314 111094 313 111595 313 112096 312 112597 311 113098 311 113599 310 114101 308 114602 308 115103 308 115605 306 116106 306 116608 305 117109 305 117611 304 118112 304 118614 304 119115 304 119618 303 120121 302 120624 301 121128 299 121630 298 122132 297 122634 297 123136 296 123638 294 124140 293 124642 292 125144 291 125647 288 126150 286 126653 284 127156 281 127659 279 128162 277 128666 273 129170 270 129673 268 130176 266 130678 264 131181 262 131683 260 132185 259 132688 256 133190 254 133693 251 134196 249 134699 246 135202 243 135705 240 136208 237 136710 235 137213 232 137715 230 138218 92 138347 55 138416 28 138720 85 138856 38 138923 21 139222 78 139365 23 139428 15 139725 71 139933 8 140227 64 140730 57 141234 46 141740 29
english_cocker_spaniel_119,32902 12 33205 13 33257 23 33562 27 33612 33 33918 40 33969 40 34275 99 34633 105 34993 109 35353 112 35712 117 36072 121 36432 124 36793 126 37153 129 37514 131 37875 133 38235 137 38596 138 38957 140 39318 141 39679 142 40040 143 40401 144 40763 144 41124 145 41485 146 41846 147 42208 147 42569 148 42930 149 43291 150 43652 151 44014 151 44375 152 44736 153 45097 154 45458 155 45819 156 46180 157 46541 158 46902 159 47262 161 47623 162 47983 164 48343 166 48702 169 49061 172 49420 175 49779 178 50137 182 50495 186 50854 189 51215 190 51576 191 51937 192 52298 193 52660 193 53021 194 53383 194 53745 194 54107 194 54468 195 54830 195 55192 195 55553 196 55915 196 56277 196 56638 197 57000 197 57361 198 57723 198 58085 198 58446 199 58808 199 59169 200 59531 200 59892 201 60254 201 60615 202 60886 7 60976 203 61243 18 61338 203 61603 24 61699 204 61964 27 62059 206 62325 31 62420 207 62686 36 62781 208 63048 39 63140 211 63409 50 63499 214 63771 55 63855 220 64132 67 64209 228 64494 305 64855 306 65217 306 65578 307 65940 307 66301 308 66662 309 67024 309 67385 310 67746 311 68108 311 68469 312 68831 312 69192 313 69553 314 69915 314 70276 315 70637 316 70999 316 71360 317 71721 318 72083 318 72444 319 72805 320 73167 320 73528 321 73889 322 74251 322 74612 323 74974 323 75335 324 75697 324 76058 325 76420 325 76782 325 77143 326 77505 326 77867 326 78229 326 78591 326 78953 326 79315 326 79677 326 80039 326 80401 326 80763 326 81125 326 81487 326 81849 326 82211 326 82573 326 82935 326 83297 326 83660 325 84022 325 84384 325 84746 325 85108 325 85470 325 85832 325 86194 325 86556 325 86918 325 87280 325 87642 325 88004 325 88366 325 88727 326 89089 326 89451 326 89813 326 90175 326 90537 326 90899 326 91261 326 91623 326 91985 326 92347 326 92709 326 93071 326 93433 326 93795 326 94157 326 94519 326 94881 326 95243 326 95605 326 95967 326 96329 326 96691 326 97053 326 97415 326 97777 326 98139 326 98502 325 98864 151 99020 169 99226 150 99383 168 99588 149 99746 167 99950 147 100109 166 100312 146 100473 164 100675 144 100836 163 101037 142 101198 163 101399 141 101561 162 101762 139 101924 161 102124 138 102287 160 102486 137 102650 159 102848 136 103012 159 103211 134 103375 158 103573 133 103738 157 103936 132 104100 157 104298 131 104463 156 104660 130 104825 156 105023 128 105187 156 105385 127 105549 156 105748 126 105911 156 106110 125 106273 156 106473 124 106635 156 106835 123 106996 157 107198 122 107357 158 107561 121 107718 159 107923 121 108079 160 108286 120 108440 161 108649 120 108800 163 109012 120 109161 164 109375 120 109521 166 109738 121 109882 167 110101 122 110242 169 110464 123 110601 172 110828 307 111191 306 111555 304 111918 303 112282 301 112646 299 113009 298 113373 296 113738 293 114102 291 114466 289 114832 285 115196 283 115564 277 115931 272 116299 151 116462 103 116666 142 116830 97 117031 136 117194 95 117396 129 117558 93 117761 120 117922 91 118125 113 118286 89 118489 100 118651 86 118853 81 119015 84 119217 70 119379 82 119581 49 119743 80 119946 35 120108 77 120312 22 120472 75 120836 73 121200 71 121564 69 121928 67 122292 65 122655 64 123020 61 123384 59 123747 58 124112 55 124476 53 124840 51 125204 49 125568 47 125932 45 126296 43 126660 41 127025 38 127390 35 127754 33 128119 30 128484 27 128850 23 129216 19 129583 14 129949 10 130317 4
staffordshire_bull_terrier_177,58363 5 58734 10 59107 12 59474 20 59844 25 60213 31 60581 38 60946 48 61319 50 61692 52 62066 53 62439 55 62813 57 63187 58 63561 60 63935 61 64309 64 64683 66 65057 67 65431 68 65805 70 66180 70 66554 71 66928 71 67302 72 67676 73 68050 74 68424 75 68798 75 69173 75 69548 75 69923 75 70297 76 70672 76 71046 76 71421 76 71796 76 72171 76 72545 77 72920 77 73295 77 73670 77 74045 77 74420 77 74794 78 75169 78 75544 78 75918 79 76293 79 76668 79 77043 78 77417 79 77792 79 78167 78 78541 79 78916 79 79291 78 79666 78 80041 78 80415 79 80790 79 81165 78 81540 78 81915 78 82290 78 82665 78 83040 78 83415 78 83790 79 84165 79 84540 79 84915 79 85290 80 85665 80 86040 80 86415 81 86790 81 87165 82 87540 82 87916 82 88291 83 88666 84 89041 85 89416 87 89791 89 90166 109 90541 114 90916 118 91290 121 91665 124 92040 127 92415 129 92789 132 93163 135 93537 137 93910 141 94282 146 94650 154 95021 161 95393 165 95766 171 96138 180 96511 147 96664 33 96882 148 97043 36 97254 149 97421 40 97626 151 97797 40 97999 152 98174 39 98373 152 98551 38 98747 152 98928 36 99121 152 99305 35 99495 153 99681 34 99869 153 100058 32 100243 154 100436 28 100618 153 100813 26 100992 154 101192 22 101367 154 101570 18 101741 155 101947 15 102115 155 102326 9 102490 155 102865 155 103240 155 103614 156 103989 156 104364 156 104739 156 105114 157 105489 157 105864 157 106239 157 106615 157 106990 157 107365 157 107740 158 108115 158 108490 158 108865 159 109240 159 109615 159 109990 159 110365 159 110740 159 111115 158 111490 157 111865 155 112240 153 112615 151 112990 150 113366 147 113741 146 114117 144 114492 143 114867 143 115243 141 115618 141 115993 141 116369 140 116744 139 117119 139 117495 138 117870 139 118244 140 118619 140 118998 24 119028 9 119055 79 119380 14 119434 75 119812 72 120190 70 120567 68 120945 66 121323 63 121700 62 122077 60 122454 59 122831 58 123209 56 123586 55 123966 51 124347 46 124725 45 125104 43 125482 42 125859 43 126238 42 126615 42 126992 42 127369 42 127746 41 128122 42 128499 42 128876 42 129253 42 129630 43 130007 42 130384 42 130762 41 131140 39 131519 38 131895 39 132273 39 132651 39 133028 40 133406 40 133785 38 134165 36 134547 31 134925 30 135302 29 135679 28 136056 27 136434 25 136811 23 137188 22 137565 20 137942 19 138319 17 138696 16 139072 15 139448 15 139825 13 140201 12 140577 12 140953 11 141329 10 141705 9 142082 5
english_setter_107,16681 4 17179 7 17678 9 18048 22 18176 12 18543 37 18675 14 19039 50 19174 16 19535 61 19673 17 20033 69 20172 19 20531 75 20671 20 21029 81 21170 22 21528 86 21669 23 22026 91 22168 25 22525 95 22667 26 23024 100 23166 27 23522 105 23664 29 24021 108 24163 31 24520 111 24662 32 25018 115 25160 34 25517 118 25659 36 26016 121 26158 37 26515 124 26657 38 27013 129 27155 40 27512 133 27652 44 28010 186 28509 187 29007 190 29504 193 30001 196 30501 196 31001 196 31501 196 32001 196 32501 196 33001 196 33501 196 34001 197 34501 197 35001 197 35501 197 36001 197 36501 197 37001 197 37501 197 38001 197 38501 197 39001 197 39275 10 39501 197 39764 25 40001 197 40261 31 40501 198 40759 35 41001 198 41258 38 41501 199 41757 41 42001 200 42256 44 42501 200 42756 45 43001 201 43255 48 43501 202 43755 50 44001 203 44255 52 44501 205 44756 52 45001 206 45257 53 45501 208 45758 54 46001 214 46260 53 46501 217 46762 53 47001 219 47264 53 47501 220 47766 53 48001 221 48269 51 48501 221 48771 51 49001 222 49272 52 49501 223 49774 51 50001 224 50275 51 50501 226 50776 52 51001 228 51242 6 51276 53 51501 230 51740 11 51777 53 52001 254 52261 6 52278 53 52501 270 52780 52 53001 271 53282 51 53501 272 53783 51 54001 273 54284 51 54501 273 54784 53 55001 274 55284 54 55501 274 55784 55 56001 275 56283 58 56501 275 56782 60 57001 276 57281 62 57501 276 57780 65 58001 276 58280 66 58501 275 58780 68 59001 273 59281 68 59501 270 59782 68 60001 268 60283 68 60501 265 60785 68 61001 262 61288 66 61501 259 61793 62 62001 254 62299 57 62501 249 62803 54 63001 239 63306 52 63501 235 63808 51 64001 233 64312 47 64501 233 64816 44 65001 233 65320 40 65501 235 65747 7 65822 39 66001 256 66325 36 66501 260 66827 34 67001 264 67329 31 67501 268 67832 28 68001 269 68334 25 68501 271 68837 21 69001 272 69339 18 69501 273 69842 13 70001 274 70345 8 70501 219 70725 51 71001 217 71228 49 71501 216 71731 46 72001 215 72234 44 72501 214 72740 39 73001 213 73244 36 73501 213 73746 35 74001 213 74248 34 74501 212 74750 33 75001 212 75251 33 75501 212 75753 33 76001 212 76255 32 76501 213 76757 31 77001 213 77259 30 77501 213 77762 28 78001 213 78265 26 78501 213 78767 25 79001 214 79270 22 79501 214 79774 19 80001 215 80279 14 80501 215 80782 11 81001 215 81286 7 81501 216 81789 3 82001 216 82501 216 83001 217 83501 217 84001 217 84501 217 85003 215 85505 214 86006 213 86507 212 87007 213 87508 212 88009 211 88509 212 89010 211 89510 211 90011 211 90511 211 91011 211 91512 210 92012 211 92512 211 93013 210 93513 210 94014 210 94514 210 95015 209 95515 209 96015 209 96516 208 97017 207 97517 207 98018 205 98519 204 99019 204 99520 203 100021 201 100522 200 101023 199 101524 198 102026 195 102527 194 103028 193 103529 193 104031 191 104532 190 105032 191 105534 189 106035 188 106536 188 107037 187 107538 186 108039 186 108540 185 109042 183 109543 183 110045 181 110547 179 111049 178 111550 178 112052 177 112555 174 113057 173 113559 173 114062 171 114564 170 115067 169 115569 169 116072 168 116575 167 117077 168 117579 169 118082 169 118584 169 119086 170 119588 170 120091 171 120593 172 121096 173 121598 174 122100 175 122603 175 123106 175 123608 175 124111 174 124615 173 125121 169 125630 164 126137 160 126642 159 127148 157 127656 153 128183 131 128688 137 129193 137 129699 134 130205 131 130712 128 131220 124 131729 119 132235 117 132745 112 133258 103 133773 92 134279 89 134784 86 135289 83 135793 81 136297 78 136801 75 137306 71 137812 65 138318 60 138823 55 139326 53 139831 48 140337 42 140846 33 141352 27 141856 24 142360 19 142864 15 143367 12 143869 9 144373 3
american_pit_bull_terrier_134,13391 10 13641 16 13892 22 14144 40 14196 14 14396 67 14647 69 14899 70 15151 70 15403 71 15655 71 15906 72 16158 72 16410 73 16662 73 16914 73 17166 73 17418 73 17670 73 17922 74 18175 73 18427 73 18680 72 18932 73 19185 72 19437 72 19690 71 19942 71 20072 12 20195 70 20320 18 20447 70 20565 27 20699 70 20813 32 20951 70 21062 36 21203 71 21312 38 21455 71 21563 40 21708 70 21814 41 21960 70 22065 43 22212 70 22316 44 22464 70 22567 45 22716 71 22817 48 22968 71 23068 50 23220 72 23320 50 23398 1 23472 72 23571 52 23649 3 23724 73 23822 54 23901 3 23976 73 24073 55 24152 4 24228 73 24325 56 24403 5 24480 73 24576 58 24655 5 24732 73 24828 59 24906 6 24984 73 25079 61 25158 6 25236 73 25331 61 25409 7 25488 73 25582 63 25660 7 25739 74 25834 64 25911 8 25991 74 26085 66 26163 8 26243 73 26337 66 26413 10 26494 74 26588 68 26664 11 26746 74 26839 70 26914 12 26997 74 27091 87 27249 74 27342 87 27500 74 27594 87 27752 73 27845 87 28003 74 28097 87 28255 73 28348 87 28507 73 28600 86 28758 73 28851 86 29010 73 29103 86 29262 72 29354 86 29514 71 29606 85 29766 71 29857 86 30019 69 30109 85 30272 68 30360 86 30526 65 30612 85 30779 64 30863 86 31032 62 31115 85 31286 60 31366 86 31539 58 31618 85 31792 19 31815 34 31869 86 32046 10 32071 29 32121 85 32302 1 32326 26 32372 86 32580 23 32624 85 32835 19 32876 85 33089 17 33127 85 33343 14 33379 85 33597 11 33630 86 33851 9 33882 86 34106 4 34134 86 34386 85 34637 86 34889 86 35141 87 35392 88 35644 88 35896 88 36147 90 36399 90 36651 91 36903 91 37155 92 37408 92 37660 93 37913 93 38166 93 38418 94 38671 95 38923 96 39176 97 39428 97 39681 97 39933 98 40186 98 40438 98 40691 97 40943 98 41196 97 41448 98 41701 97 41954 96 42206 96 42459 96 42712 95 42964 95 43217 94 43470 93 43722 93 43974 93 44227 92 44479 92 44731 92 44984 92 45236 92 45488 92 45740 92 45992 93 46245 92 46497 92 46749 93 47001 93 47253 94 47505 95 47757 96 48010 100 48262 102 48514 103 48766 104 49018 104 49271 104 49523 104 49775 105 50027 105 50279 105 50531 105 50784 104 51036 104 51288 105 51540 105 51792 105 52045 104 52297 104 52549 104 52802 103 53054 103 53306 103 53558 103 53811 102 54063 102 54315 102 54568 101 54820 101 55072 101 55325 100 55577 100 55830 99 56082 99 56335 98 56587 98 56840 97 57092 97 57344 97 57597 96 57849 96 58102 95 58355 94 58607 94 58860 93 59112 93 59365 92 59618 91 59870 91 60123 90 60375 90 60628 89 60881 88 61133 88 61386 87 61639 86 61891 86 62144 85 62397 84 62649 84 62902 83 63155 82 63408 81 63661 80 63914 79 64166 79 64419 78 64672 77 64926 74 65179 73 65432 72 65685 71 65939 69 66192 68 66446 65 66700 63 66954 60 67208 57 67462 54 67717 49 67972 45 68228 38 68484 32 68740 26 68997 17
miniature_pinscher_66,65454 5 65952 8 66450 11 66949 12 67448 13 67947 14 68446 15 68945 15 69443 17 69942 18 70441 18 70938 21 71437 21 71935 23 72433 24 72930 27 73426 30 73924 32 74420 35 74916 37 75413 37 75910 37 76408 35 76905 35 77402 35 77900 33 78398 32 78894 32 79390 32 79887 32 80384 33 80880 34 81373 36 81865 41 82358 45 82850 51 83342 56 83837 58 84334 58 84831 60 85327 61 85825 62 86125 4 86262 23 86321 64 86625 9 86647 13 86758 38 86818 65 87125 46 87255 126 87625 51 87752 128 88126 53 88249 129 88627 54 88747 130 89127 59 89243 132 89628 64 89739 133 90129 90 90234 136 90629 234 90867 2 91129 230 91629 225 92130 222 92630 219 93130 216 93367 5 93630 213 93866 9 94130 210 94365 12 94630 209 94863 16 95129 210 95362 18 95629 211 95860 22 96129 211 96359 24 96629 210 96858 25 97129 210 97358 26 97629 211 97858 26 98129 212 98358 27 98629 214 98857 30 99129 216 99357 32 99629 217 99856 34 100128 219 100353 37 100628 263 101128 263 101628 264 102128 264 102628 264 103128 263 103628 263 104128 262 104628 262 105128 262 105628 261 106128 260 106628 259 107128 258 107628 257 108128 256 108628 254 109129 251 109629 249 110129 247 110629 244 111129 243 111629 242 112130 240 112630 239 113130 239 113631 238 114131 238 114631 238 115132 238 115632 238 116132 239 116633 239 117133 240 117634 240 118134 242 118634 243 119135 243 119635 244 120135 245 120635 246 121136 245 121636 246 122136 246 122636 247 123135 34 123174 209 123635 28 123683 200 124135 25 124187 197 124635 23 124689 195 125134 22 125190 194 125634 21 125692 192 126133 20 126193 192 126632 21 126695 190 127131 21 127196 189 127630 21 127697 188 128129 22 128198 187 128628 22 128699 186 129127 23 129201 184 129626 23 129702 183 130125 23 130203 182 130623 24 130705 180 131122 25 131207 178 131620 26 131708 177 132119 26 132210 176 132617 26 132712 174 133116 26 133214 172 133614 26 133717 169 134113 25 134219 167 134612 24 134721 165 135111 23 135223 164 135610 22 135725 162 136109 22 136227 160 136608 21 136729 159 137107 20 137231 157 137606 20 137733 156 138106 18 138234 156 138605 18 138736 155 139104 17 139238 154 139604 16 139739 154 140104 14 140240 154 140603 13 140742 153 141103 11 141243 155 141603 10 141745 155 142104 7 142246 157 142604 4 142747 159 143249 162 143750 166 144251 170 144753 174 145254 198 145756 200 146258 201 146759 201 147261 200 147763 199 148265 199 148767 198 149270 195 149773 139 149918 48 150278 127 150427 39 150782 120 150932 35 151288 111 151437 30 151791 105 151941 26 152294 99 152443 24 152796 95 152945 22 153297 91 153448 19 153798 88 153951 16 154299 84 154453 14 154800 81 154956 10 155301 78 155459 5 155802 75 156302 73 156803 70 157304 67 157805 64 158306 62 158807 60 159308 59 159810 56 160311 54 160813 51 161314 49 161816 46 162319 41 162820 39 163322 35 163823 32 164325 27 164827 22 165329 17 165832 10
wheaten_terrier_48,26535 2 26862 9 27187 17 27516 21 27834 36 28161 42 28486 49 28802 65 29134 65 29466 65 29798 65 30131 64 30464 63 30796 63 31129 63 31461 63 31794 62 32126 63 32459 62 32791 63 33123 64 33455 66 33787 68 34118 73 34193 14 34450 92 34782 94 35114 96 35447 98 35779 100 36111 102 36443 104 36775 105 37107 106 37438 109 37770 110 38100 113 38431 115 38762 117 39094 117 39426 118 39758 119 40090 120 40423 119 40755 120 41088 120 41420 120 41753 120 42085 121 42418 121 42750 122 43083 122 43415 122 43748 122 44080 123 44413 123 44745 124 45078 125 45410 126 45743 126 46076 127 46408 128 46741 128 47074 129 47406 130 47739 131 48071 133 48404 133 48737 134 49070 134 49403 135 49736 135 50068 136 50401 136 50734 136 51068 135 51401 135 51735 133 52069 130 52412 26 52446 84 52804 52 53144 39 53482 31
japanese_chin_55,17951 6 18324 10 18698 12 19072 14 19446 15 19820 17 20194 18 20568 19 20942 21 21316 22 21691 22 22065 23 22439 24 22814 24 23188 25 23563 25 23938 25 24312 26 24687 26 25062 26 25437 26 25811 27 26186 26 26561 26 26936 26 27311 26 27686 26 28061 25 28436 25 28811 25 29186 25 29561 24 29855 6 29936 24 30227 14 30311 24 30599 21 30656 5 30686 24 30972 31 31030 8 31061 23 31346 36 31404 10 31436 23 31720 39 31778 11 31811 23 32093 43 32151 14 32186 22 32467 46 32525 15 32560 23 32841 49 32897 18 32935 22 33214 77 33309 23 33587 79 33683 24 33960 82 34056 25 34333 87 34428 28 34707 123 35080 125 35452 128 35825 129 36198 131 36572 132 36946 132 37319 134 37693 134 38067 135 38441 136 38815 136 39189 137 39563 138 39936 139 40310 140 40684 141 41058 142 41432 142 41806 143 42180 144 42554 145 42928 145 43302 146 43676 147 44051 147 44425 148 44800 148 45174 149 45548 150 45923 150 46297 151 46671 152 47045 153 47419 154 47655 19 47793 156 48009 71 48167 157 48379 94 48540 159 48751 108 48903 172 49126 112 49274 176 49501 117 49636 189 49876 123 50006 195 50251 325 50626 325 51001 326 51376 326 51751 327 52126 327 52501 327 52876 328 53251 328 53626 328 54001 329 54376 329 54751 329 55126 329 55501 329 55876 330 56251 330 56626 330 57001 330 57376 330 57751 330 58126 330 58501 331 58876 331 59251 331 59626 331 60001 331 60376 331 60751 331 61126 331 61501 331 61876 331 62251 331 62626 331 63001 330 63376 330 63751 330 64127 329 64503 327 64878 327 65254 325 65629 324 66005 323 66380 322 66755 321 67130 320 67506 318 67881 318 68257 316 68632 242 68885 63 69007 240 69262 60 69382 239 69639 58 69757 238 70016 56 70132 237 70393 53 70507 237 70770 51 70882 237 71148 48 71257 236 71526 44 71632 236 71904 41 72007 236 72283 37 72382 236 72661 34 72757 236 73042 27 73132 236 73421 23 73507 237 73798 21 73881 238 74175 19 74256 238 74552 16 74631 239 74930 13 75006 240 75307 10 75381 240 75685 6 75756 241 76063 2 76131 242 76506 243 76881 244 77256 245 77631 246 78005 248 78380 249 78755 250 79130 251 79505 251 79880 252 80255 252 80630 253 81004 254 81379 255 81754 255 82129 255 82503 257 82878 257 83253 257 83627 258 84002 259 84376 260 84751 260 85126 260 85501 261 85876 261 86251 261 86626 261 87001 261 87376 261 87751 262 88126 262 88501 262 88876 262 89251 262 89626 262 90001 262 90376 262 90751 262 91126 263 91501 263 91876 263 92251 263 92626 263 93001 263 93376 263 93751 264 94126 264 94501 264 94876 264 95251 264 95626 264 96001 264 96376 264 96751 264 97126 264 97501 265 97876 265 98251 265 98626 265 99001 265 99376 265 99751 265 100126 265 100501 265 100876 265 101251 265 101626 265 102001 265 102376 265 102751 265 103126 265 103501 265 103876 265 104251 265 104626 265 105001 265 105376 265 105751 265 106126 266 106501 266 106876 266 107251 266 107626 266 108001 266 108376 266 108751 265 109126 265 109501 265 109876 265 110251 265 110626 84 110714 177 111004 78 111090 175 111390 64 111465 175 111772 55 111841 173 112163 20 112192 1 112216 173 112592 171 112968 169 113343 168 113719 166 114094 165 114469 164 114845 162 115220 160 115595 158 115970 156 116345 155 116720 154 117096 152 117471 152 117846 151 118221 151 118596 151 118971 151 119346 150 119721 150 120097 149 120472 149 120847 150 121222 150 121597 150 121972 150 122347 150 122722 151 123097 151 123473 150 123848 150 124223 151 124598 151 124973 151 125348 151 125724 151 126099 151 126474 151 126849 152 127224 152 127600 151 127975 152 128350 152 128725 153 129101 152 129476 153 129851 154 130226 156 130602 157 130977 159 131352 160 131728 160 132103 160 132478 160 132854 160 133229 160 133604 160 133980 159 134355 159 134730 159 135106 158 135481 158 135856 157 136232 156 136607 156 136983 155 137358 155 137734 154 138109 154 138485 153 138860 152 139236 151 139611 151 139986 151 140362 150 140737 150 141112 149 141487 149 141863 148 142238 148 142613 113 142731 30 142988 112 143107 29 143363 112 143482 29 143738 112 143858 28 144113 112 144234 26 144489 110 144610 25 144864 110 144986 24 145239 110 145361 24 145614 110 145737 23 145989 111 146112 23 146364 111 146488 21 146739 111 146863 21 147114 112 147238 21 147490 111 147614 20 147865 112 147989 19 148240 113 148364 19 148615 113 148740 18 148991 112 149115 17 149367 112 149491 16 149742 112 149866 15 150118 77 150197 32 150242 14 150494 72 150581 24 150618 12 150871 68 150958 22 150993 12 151247 65 151335 20 151369 10 151623 62 151712 18 151745 8 151999 60 152089 16 152121 6 152375 58 152466 14 152497 4 152751 56 152843 11 153128 53 153504 50 153880 48 154256 46 154632 43 155007 41 155383 38 155759 35 156136 31 156512 28 156888 25 157264 23 157640 20 158016 18 158392 16 158768 14 159144 12 159520 10 159897 6 160783 2 161154 8 161527 10 161901 12 162276 12 162651 13 163026 13 163401 13 163776 14 164152 13 164527 14 164903 13 165278 13 165653 13 166029 13 166404 13 166780 12 167155 12 167530 12 167906 12 168281 12 168656 12 169031 12 169407 11 169782 11 170158 10 170533 10 170909 9 171284 8 171660 7 172037 3
scottish_terrier_131,27418 6 27916 10 28414 13 28913 15 29412 17 29911 18 30237 5 30410 20 30730 18 30909 21 31227 24 31407 24 31724 31 31906 25 32222 37 32290 7 32404 27 32721 41 32782 18 32902 29 33221 81 33401 31 33720 84 33899 33 34219 88 34399 33 34718 90 34898 34 35217 95 35397 35 35715 99 35896 36 36213 105 36395 37 36711 114 36840 11 36894 38 37210 144 37393 39 37708 149 37891 41 38206 152 38388 44 38704 156 38886 46 39201 159 39383 49 39698 163 39880 52 40195 171 40377 55 40691 241 41187 245 41683 249 42142 24 42178 254 42636 296 43131 301 43575 16 43624 308 44071 32 44111 321 44569 362 45067 364 45566 365 46065 366 46565 366 47064 367 47564 366 48064 366 48564 366 49064 365 49564 365 50065 363 50565 363 51065 362 51565 361 52065 360 52566 358 53066 357 53567 355 54068 320 54393 28 54568 315 54896 24 55069 308 55398 21 55569 306 55900 18 56070 303 56402 15 56571 248 56826 45 56903 13 57071 243 57331 39 57405 10 57572 241 57843 26 57907 7 58073 237 58345 23 58410 3 58574 233 58845 22 59075 229 59346 21 59576 226 59847 20 60077 223 60347 21 60577 221 60847 22 61078 218 61347 23 61578 216 61847 33 62078 212 62346 37 62578 208 62846 40 63078 203 63346 41 63578 199 63845 42 64078 196 64344 44 64577 194 64843 44 65077 193 65342 45 65576 193 65841 46 66076 192 66341 46 66575 191 66840 48 67075 190 67340 49 67574 190 67839 51 68074 190 68337 53 68574 189 68836 55 69074 189 69334 58 69574 188 69832 61 70074 188 70330 65 70574 188 70825 72 71074 188 71321 78 71574 188 71818 83 72074 187 72316 86 72574 187 72813 91 73074 187 73308 98 73574 187 73804 103 74075 185 74299 110 74575 185 74795 116 75076 183 75292 120 75576 182 75790 123 76076 182 76289 125 76577 180 76787 127 77077 179 77286 129 77577 179 77785 130 78077 178 78284 132 78577 176 78783 133 79077 175 79282 134 79577 175 79781 135 80077 174 80280 136 80577 173 80779 138 81077 172 81278 139 81576 172 81778 139 82076 172 82277 141 82576 171 82777 141 83076 171 83276 142 83575 171 83776 142 84075 170 84275 144 84574 170 84775 144 85073 170 85274 145 85572 169 85774 145 86072 168 86273 146 86571 167 86772 147 87071 166 87271 148 87571 164 87771 149 88070 163 88270 150 88570 162 88769 151 89070 160 89268 152 89570 158 89767 153 90069 158 90267 154 90569 156 90766 155 91069 155 91266 155 91569 154 91765 156 92069 153 92264 157 92569 151 92763 159 93070 149 93262 160 93570 148 93761 161 94071 145 94260 162 94571 144 94759 164 95071 142 95257 166 95571 141 95756 167 96072 137 96254 170 96572 135 96753 171 97072 133 97252 173 97573 130 97750 175 98073 127 98249 177 98573 125 98747 180 99073 122 99246 182 99574 75 99654 40 99745 185 100074 45 100162 30 100243 188 100575 41 100666 23 100742 190 101075 35 101170 17 101240 194 101575 31 101679 1 101739 196 102075 26 102237 199 102576 23 102736 202 103076 21 103234 205 103577 18 103732 208 104077 16 104230 211 104578 14 104728 214 105079 11 105226 217 105579 9 105723 220 106081 4 106221 223 106718 227 107216 230 107714 233 108213 235 108712 237 109212 238 109713 237 110214 237 110715 237 111216 237 111717 236 112219 235 112720 234 113221 234 113723 232 114224 232 114726 230 115228 228 115730 226 116231 225 116733 223 117235 222 117737 220 118239 218 118741 216 119243 214 119744 213 120246 211 120748 209 121249 208 121751 206 122252 206 122753 205 123254 204 123755 203 124257 201 124758 200 125259 199 125760 198 126262 196 126763 194 127265 192 127766 190 128267 189 128768 187 129269 136 129420 34 129770 131 129926 27 130271 126 130431 20 130771 123 130936 13 131272 119 131773 115 132273 112 132773 108 133274 104 133774 102 134275 99 134775 98 135275 96 135776 94 136276 92 136777 90 137278 88 137778 87 138279 85 138780 84 139281 82 139782 80 140284 78 140785 76 141287 74 141789 71 142291 69 142793 66 143295 64 143796 63 144297 62 144798 60 145299 59 145800 57 146302 55 146803 54 147303 54 147804 52 148305 51 148806 49 149306 49 149807 47 150308 46 150808 45 151309 43 151810 42 152311 40 152812 39 153312 38 153813 36 154313 36 154814 34 155315 32 155815 32 156316 30 156817 28 157318 26 157819 25 158321 22 158822 19 159323 17 159825 13 160327 8
chihuahua_28,44450 3 44784 4 45117 6 45451 6 45785 6 46118 7 46452 7 46786 7 47119 7 47453 7 47786 8 48120 7 48453 8 48786 9 49120 8 49453 9 49786 9 50120 9 50453 9 50786 10 51119 11 51452 11 51785 12 52118 12 52451 13 52784 14 53117 14 53450 15 53783 16 54115 19 54448 20 54781 21 55113 24 55445 26 55778 29 56110 31 56442 35 56774 39 57106 41 57438 45 57770 48 58102 50 58433 54 58766 55 59098 57 59429 60 59762 61 60094 63 60426 64 60758 66 61090 67 61422 69 61755 69 62087 71 62419 72 62751 73 63083 75 63416 75 63748 76 64080 78 64412 79 64744 80 65076 82 65409 82 65741 83 66073 85 66405 86 66737 88 67070 88 67402 89 67734 90 68066 91 68399 91 68731 92 69063 76 69149 7 69396 74 69484 4 69728 73 70060 74 70393 73 70725 73 71058 73 71390 73 71722 74 72055 73 72387 74 72720 73 73052 74 73313 5 73385 74 73644 10 73717 74 73977 13 74050 74 74310 16 74382 75 74643 18 74670 12 74715 74 74976 43 75047 75 75309 45 75379 76 75642 47 75711 76 75976 48 76044 76 76309 50 76376 77 76643 51 76708 77 76977 54 77039 79 77310 141 77644 140 77978 138 78311 138 78645 137 78979 136 79313 135 79647 134 79981 133 80315 132 80648 132 80982 131 81316 80 81402 45 81649 79 81737 43 81983 78 82071 42 82316 78 82406 41 82649 78 82741 39 82982 78 83075 39 83316 78 83409 39 83649 78 83743 38 83982 79 84077 38 84315 80 84411 38 84648 80 84745 38 84981 82 85078 40 85314 83 85412 41 85647 84 85745 42 85980 86 86067 1 86079 43 86313 90 86412 45 86646 91 86745 46 86978 94 87078 48 87311 150 87644 153 87977 156 88310 157 88643 159 88976 161 89309 162 89642 131 89778 27 89975 128 90115 24 90307 128 90450 23 90640 127 90786 21 90973 126 91120 21 91306 125 91455 20 91639 125 91790 20 91972 124 92124 21 92305 124 92459 20 92638 123 92793 21 92971 123 93128 21 93304 123 93463 21 93637 123 93798 21 93970 122 94133 20 94303 122 94468 19 94636 122 94802 19 94969 121 95137 17 95302 121 95471 16 95635 121 95806 13 95968 120 96141 10 96301 119 96634 117 96967 115 97300 112 97633 105 97966 103 98299 100 98632 98 98964 93 99297 89 99630 81 99962 74 100295 71 100627 68 100960 62 101292 59 101624 57 101956 54 102288 52 102620 52 102952 52 103284 52 103616 51 103948 47 104280 43 104612 39 104944 36 105276 35 105608 33 105941 30 106273 26 106605 22 106938 20 107270 17 107603 14 107936 12 108269 9 108603 5
Ragdoll_258,7581 3 7862 5 8143 7 8424 8 8705 9 8987 10 9268 11 9550 11 9831 12 10112 13 10394 13 10675 14 10956 15 11238 14 11519 15 11800 16 12081 17 12363 17 12644 17 12924 19 13205 20 13486 20 13766 22 14046 23 14327 24 14607 26 14886 28 15164 32 15438 39 15712 46 15988 52 16265 56 16543 59 16820 64 17098 67 17377 69 17656 71 17933 76 18212 78 18491 80 18771 81 19051 82 19330 84 19609 87 19888 89 20167 91 20446 93 20724 96 21003 99 21282 101 21563 101 21843 102 22124 103 22404 104 22685 104 22966 105 23247 105 23528 106 23809 106 24090 107 24371 107 24652 108 24933 109 25214 110 25495 110 25777 110 26058 111 26339 112 26620 113 26901 114 27182 115 27463 116 27744 117 28025 118 28307 118 28588 119 28869 120 29150 121 29431 123 29711 125 29992 126 30273 127 30554 128 30835 129 31116 131 31396 133 31677 134 31958 135 32238 137 32519 139 32800 140 33081 141 33362 142 33644 142 33925 143 34207 144 34488 145 34770 145 35052 145 35333 146 35615 146 35897 146 36179 146 36460 147 36742 147 37023 148 37305 148 37587 148 37868 149 38150 149 38432 149 38713 150 38995 150 39276 151 39558 151 39840 150 40121 151 40403 151 40685 151 40966 152 41248 152 41530 152 41812 152 42093 153 42375 153 42656 154 42938 154 43220 154 43501 155 43783 155 44065 155 44347 155 44628 156 44910 156 45192 156 45474 156 45756 156 46037 157 46319 157 46601 156 46883 156 47165 156 47447 156 47728 157 48010 157 48292 157 48574 157 48856 157 49138 157 49420 157 49702 158 49984 158 50266 158 50548 158 50830 158 51112 158 51394 158 51676 158 51958 158 52240 157 52522 157 52804 157 53086 157 53368 157 53650 157 53932 157 54213 157 54495 157 54777 157 55058 158 55340 158 55622 158 55903 158 56185 158 56466 159 56747 160 57029 160 57310 160 57592 160 57873 161 58154 162 58435 163 58717 163 58998 164 59280 164 59561 165 59842 166 60124 166 60405 167 60686 168 60968 168 61249 169 61530 170 61812 170 62093 171 62374 173 62656 173 62937 174 63219 174 63500 176 63782 176 64063 177 64345 177 64626 179 64908 179 65189 180 65471 181 65753 181 66034 182 66316 183 66598 183 66879 185 67161 185 67443 185 67724 187 68006 187 68288 187 68570 188 68851 189 69133 190 69415 190 69697 190 69979 191 70260 192 70542 192 70824 192 71106 193 71388 193 71670 193 71951 194 72233 194 72515 195 72797 195 73079 195 73361 195 73643 195 73925 195 74207 195 74489 195 74771 196 75053 196 75335 196 75617 196 75899 197 76180 198 76462 198 76744 199 77026 199 77308 199 77590 200 77872 200 78154 200 78436 200 78718 201 78999 202 79281 202 79563 203 79844 204 80125 205 80407 205 80688 207 80969 208 81250 209 81531 210 81812 212 82093 213 82374 214 82655 215 82936 182 83123 30 83217 181 83407 28 83498 181 83691 26 83779 181 83974 26 84061 181 84257 25 84342 181 84540 25 84623 181 84822 25 84905 180 85105 25 85187 180 85387 25 85469 179 85670 25 85751 178 85952 25 86033 178 86235 24 86316 176 86517 25 86601 173 86799 25 86889 166 87081 25 87181 155 87363 25 87469 149 87645 26 87756 143 87927 26 88044 136 88209 26 88331 131 88491 26 88616 127 88773 26 88900 124 89055 26 89185 121 89337 27 89470 117 89619 27 89755 113 89901 27 90041 108 90183 27 90329 102 90465 27 90615 97 90747 27 90901 92 91029 28 91187 87 91311 28 91473 55 91535 20 91594 27 91762 44 91819 17 91876 27 92049 36 92102 15 92158 28 92340 23 92385 13 92440 28 92626 15 92668 12 92722 28 92951 10 93004 28 93234 8 93286 29 93518 5 93568 29 93801 2 93850 30 94132 30 94414 30 94696 31 94978 31 95260 31 95542 32 95824 32 96105 33 96387 34 96669 34 96951 34 97233 35 97515 35 97796 36 98078 36 98360 37 98642 37 98924 37 99206 37 99488 37 99770 37 100052 37 100334 36 100616 36 100898 36 101180 36 101462 35 101744 35 102026 35 102308 34 102590 34 102873 33 103155 32 103438 31 103720 31 104003 29 104286 28 104569 26 104852 24 105135 22 105418 19 105702 15 105986 11 106273 3
Sphynx_41,261 95 635 97 1010 98 1384 99 1759 101 2133 103 2507 106 2881 109 3256 110 3630 112 4005 113 4379 116 4753 119 5128 120 5502 122 5877 123 6251 125 6626 125 7000 126 7375 126 7749 127 8123 128 8498 128 8872 129 9247 129 9621 130 9995 131 10370 131 10744 132 11118 133 11492 134 11867 134 12240 136 12614 137 12987 139 13360 141 13731 145 14098 153 14465 161 14835 166 15206 168 15570 178 15939 184 16303 195 16669 203 17039 208 17331 13 17411 211 17702 23 17782 215 18072 37 18152 219 18431 57 18523 222 18801 68 18894 226 19173 79 19265 229 19546 322 19918 325 20291 327 20663 329 21034 333 21406 336 21778 339 22150 342 22522 346 22895 348 23269 350 23621 1 23642 355 24015 358 24388 361 24761 363 25135 366 25508 368 25882 369 26255 371 26627 34499 61129 372 61508 368 61885 366 62263 363 62642 359 63020 356 63398 353 63776 350 64153 348 64530 346 64906 345 65283 343 65660 341 66037 339 66413 338 66790 336 67167 334 67543 333 67920 331 68296 330 68673 328 69049 327 69425 326 69802 324 70178 323 70554 322 70930 321 71306 320 71682 319 72059 317 72435 316 72811 315 73187 314 73563 313 73939 312 74315 311 74691 310 75068 308 75444 307 75820 306 76196 305 76571 305 76947 304 77323 303 77699 302 78075 301 78451 300 78826 300 79202 299 79578 298 79954 297 80330 296 80706 295 81082 294 81458 293 81834 292 82210 291 82586 290 82962 289 83338 288 83714 287 84090 286 84466 244 84721 30 84843 234 85101 25 85219 229 85481 20 85595 226 85861 15 85971 224 86239 12 86347 222 86723 220 87099 219 87474 218 87850 216 88225 216 88600 216 88976 215 89277 4 89352 214 89650 8 89727 214 90024 10 90103 213 90398 12 90478 213 90771 15 90853 213 91145 17 91228 214 91519 19 91603 214 91893 21 91978 215 92267 22 92353 215 92640 25 92728 215 93014 27 93103 216 93388 29 93478 216 93761 32 93853 217 94135 34 94228 217 94509 35 94603 218 94883 37 94978 218 95256 40 95353 219 95630 42 95727 220 96003 44 96102 221 96376 47 96477 221 96751 48 96852 221 97126 48 97226 223 97501 49 97601 223 97876 49 97976 223 98251 50 98351 224 98626 50 98726 224 99001 51 99100 225 99376 51 99475 226 99751 51 99850 226 100126 52 100225 226 100501 52 100600 226 100876 52 100975 227 101251 53 101350 227 101626 53 101725 227 102001 53 102099 229 102376 53 102474 229 102751 53 102849 229 103126 53 103224 229 103501 53 103599 229 103876 53 103974 230 104251 53 104350 229 104626 53 104725 229 105001 53 105100 229 105376 52 105475 229 105751 52 105850 229 106126 51 106225 229 106501 51 106600 229 106876 50 106976 228 107251 49 107351 228 107626 48 107726 228 108001 48 108101 228 108376 47 108477 227 108751 46 108852 226 109126 46 109227 226 109501 45 109603 225 109876 44 109978 225 110251 44 110353 224 110626 43 110729 223 111001 43 111104 223 111376 43 111480 221 111751 42 111855 221 112126 42 112231 220 112501 41 112606 219 112876 41 112981 219 113251 40 113357 217 113626 40 113732 216 114001 40 114107 216 114376 39 114483 214 114751 39 114858 213 115126 38 115234 211 115501 38 115609 210 115876 38 115984 209 116251 37 116360 208 116626 37 116735 206 117001 36 117111 205 117376 36 117486 204 117751 35 117862 202 118126 34 118238 200 118501 34 118613 199 118876 33 118989 198 119251 32 119365 196 119626 31 119740 195 120001 30 120116 194 120376 29 120492 192 120751 28 120868 190 121126 27 121243 190 121501 26 121619 189 121876 25 121995 187 122251 23 122370 187 122626 22 122746 185 123001 21 123122 184 123376 20 123497 184 123751 19 123873 182 124126 18 124249 181 124501 17 124624 180 124876 16 125000 178 125251 14 125376 176 125626 14 125751 175 126001 13 126127 173 126376 12 126503 171 126751 11 126878 169 127126 10 127254 166 127501 9 127630 164 127876 7 128005 162 128252 4 128381 159 128757 157 129133 154 129510 86 129607 52 129886 83 129988 45 130263 78 130368 37 130641 7 130657 57 130746 31 131036 51 131124 25 131414 45 131504 14 131792 40 131884 3 132171 34 132556 8
american_bulldog_191,45734 5 46065 9 46398 10 46732 10 47066 10 47401 8 47737 6 48072 4 53744 2 54076 6 54409 8 54741 10 55073 13 55405 15 55737 16 56044 3 56068 19 56375 6 56400 21 56707 8 56732 22 57039 11 57062 26 57372 11 57394 27 57503 7 57704 13 57726 28 57833 13 58035 53 58164 17 58366 55 58494 23 58695 60 58826 26 59026 63 59156 31 59358 65 59486 37 59690 67 59818 40 60022 69 60148 46 60355 71 60478 53 60687 73 60809 57 61020 75 61140 61 61352 78 61470 66 61685 79 61802 68 62018 81 62132 73 62351 82 62463 77 62683 85 62794 80 63016 87 63125 84 63349 88 63457 86 63682 91 63787 91 64015 95 64115 97 64348 198 64680 201 65013 203 65346 204 65679 206 66012 207 66345 209 66678 210 67011 211 67344 213 67677 214 68010 215 68342 217 68675 218 69008 219 69341 220 69674 221 70007 222 70341 222 70674 223 71007 224 71340 225 71674 225 72007 225 72341 225 72674 226 73008 225 73343 224 73677 224 74011 224 74347 221 74681 221 75015 220 75349 220 75683 220 76017 220 76351 220 76684 221 77018 223 77351 225 77685 233 78018 238 78351 238 78684 238 79018 237 79351 237 79685 236 80018 236 80351 236 80685 235 81018 235 81351 235 81685 234 82019 233 82352 232 82686 230 83020 228 83354 224 83688 220 84022 216 84358 209 84696 201 85034 193 85372 10 85395 161 85731 150 86069 142 86406 136 86741 133 87078 127 87415 123 87751 119 88087 116 88422 113 88757 111 89091 110 89426 108 89760 106 90095 104 90429 103 90763 102 91098 100 91432 99 91767 97 92101 96 92436 94 92770 93 93105 91 93440 89 93775 87 94109 86 94444 84 94778 83 95112 82 95446 81 95780 80 96114 79 96448 78 96782 77 97116 76 97449 76 97783 75 98117 74 98450 74 98784 73 99117 73 99451 72 99784 72 100118 71 100451 71 100785 70 101118 70 101452 68 101785 68 102119 67 102453 66 102786 66 103120 64 103453 64 103787 63 104121 62 104454 62 104788 60 105121 60 105455 59 105789 58 106122 58 106456 57 106790 56 107123 56 107457 55 107791 54 108124 54 108458 53 108792 52 109125 53 109459 52 109793 52 110127 53 110460 68 110794 72 111128 76 111462 77 111796 78 112130 79 112463 81 112797 82 113131 82 113465 82 113799 84 114133 85 114467 86 114802 84 115136 83 115469 83 115804 81 116138 80 116472 79 116806 78 117140 77 117474 76 117808 75 118142 74 118476 73 118811 71 119145 70 119479 69 119813 68 120147 67 120481 66 120816 64 121150 63 121484 62 121818 61 122153 59 122487 58 122821 57 123156 55 123491 53 123825 52 124161 49 124496 47 124831 45 125167 42 125503 39 125840 35 126181 27 126520 20
Abyssinian_101,19459 27 19768 37 20080 42 20138 8 20391 72 20703 76 21016 79 21329 82 21642 84 21955 86 22269 88 22582 91 22896 92 23209 96 23523 100 23837 113 24150 122 24464 126 24778 129 25092 130 25405 131 25719 131 26033 132 26347 132 26661 131 26975 131 27289 131 27603 131 27917 131 28231 131 28545 131 28859 131 29173 130 29487 130 29801 130 30115 129 30429 129 30742 130 31056 129 31371 128 31684 129 31998 128 32312 128 32626 127 32940 127 33253 127 33567 127 33881 126 34194 127 34508 127 34822 126 35135 127 35449 126 35762 127 36076 127 36390 126 36703 127 37017 126 37330 127 37643 128 37957 127 38270 128 38584 128 38897 128 39211 128 39525 128 39838 128 40152 128 40465 129 40779 128 41093 128 41407 128 41720 128 42034 128 42348 127 42662 127 42975 128 43289 127 43602 128 43916 127 44229 128 44543 127 44856 128 45169 128 45483 128 45796 128 46109 128 46422 129 46735 129 47048 129 47362 129 47675 129 47988 129 48301 129 48614 129 48927 129 49240 129 49553 129 49866 129 50178 130 50491 131 50804 131 51117 131 51430 131 51742 132 52055 132 52368 132 52681 132 52993 133 53306 133 53619 133 53931 134 54244 134 54557 134 54869 135 55182 135 55494 136 55807 136 56120 136 56433 136 56745 137 57058 137 57371 137 57684 137 57997 137 58310 138 58623 138 58936 138 59250 136 59563 136 59876 136 60189 136 60503 135 60816 135 61129 135 61443 133 61756 133 62070 132 62383 132 62697 131 63010 130 63323 130 63637 129 63950 129 64263 128 64577 127 64890 127 65203 127 65517 125 65830 125 66143 125 66457 124 66770 123 67083 123 67396 123 67709 123 68022 122 68336 121 68649 121 68962 120 69275 120 69588 120 69901 119 70214 119 70527 118 70840 118 71153 118 71465 118 71778 118 72091 117 72404 117 72717 117 73030 117 73343 116 73655 117 73968 117 74280 118 74593 117 74906 117 75218 118 75531 118 75843 118 76156 118 76469 118 76781 118 77094 118 77407 117 77720 117 78032 117 78345 117 78658 116 78971 115 79284 114 79596 113 79909 111 80222 109 80534 104 80847 100 81160 97 81472 96 81785 94 82098 93 82411 90 82723 89 83036 87 83349 85 83661 85 83974 83 84286 82 84599 79 84911 78 85224 76 85537 73 85849 72 86162 70 86474 69 86787 68 87099 67 87412 66 87724 66 88036 66 88349 63 88661 56 88974 53 89286 51 89599 47 89911 45 90224 43 90536 43 90849 41 91161 40 91473 39 91786 37 92098 37 92411 35 92723 34 93035 33 93348 31 93660 30 93973 28 94285 27 94597 26 94910 24 95222 22 95535 20 95847 19 96160 17 96473 15 96786 12 97099 10
havanese_179,17982 11 18399 17 18781 25 18811 28 19191 71 19605 79 20018 90 20434 99 20851 106 21267 113 21685 118 22103 122 22520 127 22938 130 23355 134 23772 139 24190 142 24607 146 25024 150 25440 155 25854 162 26264 173 26679 179 27094 185 27508 192 27923 197 28338 203 28755 206 29171 211 29589 213 30007 216 30425 218 30844 219 31262 221 31681 223 32099 225 32518 226 32937 227 33356 228 33774 230 34193 231 34611 233 35030 235 35448 237 35867 238 36286 239 36705 240 37124 241 37543 242 37963 242 38382 243 38801 244 39220 246 39639 247 40059 247 40478 248 40897 249 41317 250 41736 251 42155 253 42574 255 42993 257 43413 259 43832 262 44251 265 44670 268 45090 269 45509 272 45928 273 46347 274 46766 275 47185 276 47605 276 48024 277 48443 278 48862 279 49281 280 49700 281 50118 283 50537 284 50956 285 51375 286 51793 288 52212 289 52630 291 53048 293 53464 297 53878 303 54293 308 54709 312 55126 315 55544 317 55962 319 56380 321 56799 322 57217 324 57635 326 58054 327 58472 329 58891 330 59293 1 59309 332 59709 12 59725 336 60125 356 60542 359 60959 362 61377 364 61795 366 62214 367 62633 368 63053 368 63472 369 63891 370 64310 371 64730 371 65149 372 65569 372 65988 373 66407 374 66827 374 67246 375 67665 376 68084 377 68504 377 68923 378 69343 378 69763 378 70183 378 70603 378 71023 378 71443 378 71863 378 72284 377 72704 377 73125 376 73546 375 73967 374 74387 374 74807 374 75227 374 75647 374 76068 373 76488 373 76908 373 77328 373 77748 373 78168 373 78588 373 79008 373 79428 373 79848 373 80268 373 80688 373 81108 373 81528 373 81949 372 82369 372 82788 373 83208 373 83628 373 84048 373 84468 373 84888 373 85308 373 85727 374 86147 374 86567 374 86987 374 87407 374 87826 375 88246 375 88666 375 89086 375 89506 375 89926 375 90346 375 90766 375 91187 374 91607 374 92027 374 92447 374 92867 374 93287 374 93707 374 94128 373 94548 373 94968 373 95389 372 95809 372 96229 372 96650 371 97071 370 97492 369 97912 369 98333 368 98754 367 99174 367 99595 366 100016 365 100436 365 100857 364 101278 363 101698 363 102119 362 102539 362 102959 362 103380 361 103800 361 104220 361 104641 360 105061 360 105481 360 105902 359 106322 359 106742 359 107162 358 107583 357 108003 356 108423 356 108843 356 109264 354 109684 354 110104 353 110524 351 110944 349 111364 348 111785 346 112205 345 112625 344 113045 344 113465 343 113886 342 114306 342 114726 342 115146 342 115567 341 115987 341 116407 341 116827 342 117248 341 117668 341 118088 342 118508 342 118929 342 119349 342 119769 342 120190 342 120610 342 121031 342 121451 343 121872 343 122292 345 122712 345 123133 344 123553 345 123974 344 124394 345 124815 345 125235 345 125656 345 126076 345 126497 344 126917 344 127338 343 127758 343 128178 343 128599 342 129019 342 129440 341 129860 341 130281 340 130702 339 131122 339 131543 338 131964 337 132385 336 132806 335 133227 334 133648 333 134070 331 134492 329 134914 327 135337 324 135766 4 135771 310 136199 302 136622 299 137045 296 137467 294 137889 292 138310 291 138731 290 139152 288 139573 287 139994 286 140415 285 140836 284 141257 283 141678 282 142099 281 142520 280 142942 278 143362 278 143784 276 144205 275 144627 273 145049 272 145471 270 145893 268 146315 266 146737 264 147160 261 147583 258 148006 255 148429 252 148853 248 149275 246 149698 243 150121 239 150543 237 150965 235 151387 233 151810 229 152232 226 152654 223 153075 222 153497 221 153919 219 154340 219 154761 218 155183 216 155604 215 156026 213 156447 211 156868 210 157290 208 157712 206 158133 205 158555 203 158976 202 159398 200 159819 199 160241 197 160663 195 161085 194 161507 192 161929 191 162351 190 162773 188 163195 186 163617 184 164039 182 164461 180 164884 177 165306 175 165728 173 166152 169 166574 167 166996 165 167418 163 167840 161 168262 159 168684 157 169107 154 169529 152 169951 150 170374 147 170797 144 171219 142 171641 140 172064 137 172487 134 172909 132 173332 129 173755 126 174179 122 174601 120 175024 117 175446 115 175868 113 176290 111 176711 110 177133 108 177554 107 177975 106 178397 104 178818 103 179239 102 179660 101 180081 100 180502 99 180923 98 181343 98 181764 97 182185 96 182606 95 183026 95 183447 94 183867 94 184288 93 184709 92 185130 91 185551 90 185972 89 186393 88 186814 87 187235 86 187656 85 188077 84 188498 83 188918 83 189339 82 189760 81 190180 81 190600 81 191020 81 191441 80 191861 80 192281 80 192701 80 193121 80 193542 79 193962 79 194382 79 194802 79 195223 78 195643 78 196063 78 196483 78 196904 77 197324 77 197745 76 198165 76 198586 75 199006 75 199427 74 199847 74 200268 73 200689 72 201109 72 201530 71 201951 70 202372 69 202792 69 203213 68 203633 68 204054 67 204475 66 204896 65 205316 65 205737 64 206157 64 206577 64 206998 63 207418 63 207839 62 208259 62 208680 61 209100 60 209521 58 209941 57
boxer_32,246 87 579 88 912 88 1245 88 1577 89 1910 89 2242 90 2574 91 2907 91 3239 92 3571 93 3903 94 4235 95 4567 96 4899 97 5231 98 5563 99 5895 100 6227 101 6559 102 6891 102 7223 103 7555 104 7887 105 8219 106 8551 107 8883 108 9216 108 9548 109 9880 110 10212 111 10544 112 10876 113 11208 114 11540 115 11872 115 12203 117 12535 118 12867 119 13198 121 13530 122 13862 123 14193 125 14525 126 14856 127 15188 129 15520 130 15851 131 16183 133 16515 134 16847 134 17179 136 17511 137 17843 138 18175 139 18507 140 18839 141 19171 142 19504 143 19836 144 20168 145 20500 146 20833 146 21165 147 21497 149 21829 150 22162 150 22494 151 22826 152 23158 153 23491 153 23823 154 24155 155 24488 155 24820 156 25152 157 25485 157 25817 158 26150 158 26482 159 26814 160 27147 160 27479 161 27812 144 27958 15 28144 144 28291 15 28476 145 28624 15 28809 145 28957 15 29141 137 29281 24 29474 135 29615 23 29806 136 29948 23 30139 135 30281 23 30471 135 30614 23 30804 135 30947 23 31137 135 31279 24 31469 136 31611 25 31802 138 31942 27 32134 168 32467 168 32799 169 33132 169 33465 169 33797 170 34130 170 34462 171 34795 171 35128 171 35460 172 35793 172 36126 172 36459 172 36791 173 37124 173 37457 173 37789 174 38122 174 38455 174 38788 174 39120 175 39453 175 39786 175 40119 175 40451 176 40784 176 41117 176 41450 176 41783 176 42115 177 42448 177 42781 177 43114 177 43447 177 43779 178 44112 178 44445 178 44778 178 45111 178 45443 179 45776 179 46109 179 46442 179 46774 180 47107 180 47440 180 47772 181 48105 181 48438 181 48770 182 49070 3 49103 182 49398 14 49435 183 49729 18 49768 56 49825 126 50060 24 50100 55 50161 123 50392 27 50432 55 50496 121 50724 30 50764 55 50833 117 51056 34 51096 55 51168 115 51388 96 51504 112 51720 97 51838 111 52052 99 52172 110 52385 99 52506 109 52717 101 52840 108 53049 102 53174 107 53381 104 53508 106 53714 105 53842 105 54046 108 54176 104 54378 111 54510 103 54710 113 54844 102 55042 117 55179 100 55375 118 55513 99 55707 121 55849 96 56039 124 56184 94 56372 133 56519 92 56704 137 56853 91 57037 138 57187 90 57369 140 57520 90 57701 142 57854 89 58034 143 58188 88 58366 145 58521 88 58698 148 58854 88 59031 149 59188 87 59363 151 59521 87 59695 153 59855 86 60027 156 60190 84 60359 158 60524 83 60691 160 60858 82 61023 162 61193 80 61355 163 61527 79 61686 166 61861 78 62018 167 62196 76 62350 168 62530 75 62682 169 62865 73 63014 170 63199 72 63347 171 63532 72 63679 172 63866 71 64011 173 64200 70 64343 174 64533 70 64676 174 64867 69 65008 176 65200 69 65341 176 65534 68 65673 177 65867 68 66005 179 66200 68 66338 179 66533 68 66670 180 66866 68 67003 181 67199 68 67335 182 67532 68 67668 182 67865 68 68000 183 68198 68 68333 184 68531 68 68665 185 68864 68 68997 186 69197 68 69330 186 69530 68 69662 187 69863 68 69994 188 70196 68 70326 189 70529 68 70659 189 70862 68 70991 190 71195 68 71323 191 71528 68 71655 192 71861 68 71988 192 72194 68 72320 193 72527 68 72652 194 72859 69 72984 194 73192 69 73316 195 73525 69 73649 195 73858 69 73981 195 74191 69 74313 196 74524 69 74646 195 74857 69 74978 196 75190 69 75310 196 75522 70 75643 196 75855 70 75975 197 76188 70 76307 197 76521 70 76640 197 76854 70 76972 198 77187 70 77305 198 77520 70 77637 199 77852 71 77969 199 78185 71 78302 199 78518 71 78634 200 78851 71 78967 200 79184 71 79299 201 79516 72 79632 201 79849 72 79965 201 80182 72 80297 203 80515 72 80630 203 80848 72 80962 204 81181 72 81295 204 81514 72 81627 205 81846 73 81960 204 82179 73 82292 205 82512 73 82625 205 82845 73 82957 206 83178 73 83290 206 83511 73 83622 207 83844 73 83955 206 84176 74 84288 205 84509 74 84620 206 84842 74 84953 205 85175 74 85286 204 85508 74 85618 205 85841 74 85951 204 86173 75 86284 204 86506 75 86616 204 86839 75 86949 204 87171 76 87282 203 87504 76 87615 202 87837 76 87948 201 88169 77 88280 202 88502 77 88613 201 88834 78 88946 201 89167 78 89279 200 89499 79 89612 200 89832 79 89945 199 90165 79 90278 199 90497 80 90611 198 90830 80 90944 198 91162 81 91277 198 91495 81 91610 198 91827 82 91943 197 92160 82 92276 197 92493 82 92609 197 92825 83 92942 197 93158 83 93275 197 93490 84 93608 197 93822 85 93941 196 94154 86 94274 196 94487 86 94607 196 94819 87 94940 195 95151 88 95273 195 95484 88 95606 195 95816 89 95939 194 96148 90 96272 194 96480 91 96605 194 96812 92 96938 193 97145 92 97271 193 97477 93 97605 192 97809 94 97938 192 98142 94 98271 192 98474 95 98604 192 98806 96 98938 191 99139 96 99271 191 99471 97 99604 191 99803 98 99938 190 100135 99 100271 191 100467 100 100605 190 100799 101 100939 190 101131 102 101272 294 101606 293 101940 292 102274 291 102608 290 102942 289 103276 288 103610 287 103944 286 104278 285 104612 284 104947 282 105281 281 105615 280 105949 279 106283 278 106617 277 106951 276 107285 275 107619 274 107953 273 108287 272 108622 270 108956 269 109290 268 109624 267 109959 265 110294 263 110628 262 110963 260 111297 148 111453 103 111632 144 111788 101 111966 142 112123 99 112301 139 112458 97 112635 138 112793 95 112970 135 113129 92 113304 134 113463 91 113638 133 113799 88 113972 131 114136 84 114307 129 114472 68 114641 128 114814 50 114976 15 115002 99 115155 35 115310 10 115338 96 115496 22 115673 94 116007 92 116341 91 116675 89 117009 87 117342 87 117676 85 118009 84 118343 83 118676 82 119010 80 119344 78 119677 78 120011 76 120344 76 120678 75 121011 74 121344 74 121678 73 122011 72 122345 71 122679 69 123012 69 123346 68 123679 67 124013 66 124347 64 124681 63 125015 61 125349 59 125683 58 126018 55 126352 53 126690 47 127030 38 127365 35 127701 30 128038 25 128373 21 128710 13
american_bulldog_168,11123 4 11498 5 11872 7 12247 7 12621 9 12996 9 13371 10 13746 10 14120 11 14495 12 14870 12 15245 12 15620 12 15994 13 16369 13 16744 13 17118 14 17493 14 17867 15 18242 15 18616 16 18991 15 19365 16 19739 17 20113 18 20488 17 20862 18 21236 18 21610 19 21983 21 22357 21 22731 22 23105 22 23479 23 23853 23 24227 24 24601 24 24975 25 25348 26 25722 26 26097 26 26471 26 26845 27 27220 26 27594 27 27969 26 28344 25 28719 25 29094 24 29469 23 29846 21 30225 16 30603 12 30980 10 31356 8 31731 7 32106 6 32482 4 32857 3 34355 2 34727 5 35099 8 35470 12 35842 15 36215 17 36588 20 36962 21 37335 23 37708 25 38081 27 38454 29 38826 32 39198 36 39570 39 39941 43 40313 47 40685 50 41058 53 41431 55 41805 57 42178 60 42552 62 42926 64 43300 66 43674 68 44048 70 44423 71 44797 75 45171 78 45546 80 45920 84 46295 86 46670 88 47044 92 47419 93 47793 96 48168 98 48542 100 48917 101 49291 104 49666 105 50040 107 50415 108 50789 109 51164 110 51538 111 51912 113 52287 113 52661 114 53035 115 53410 115 53784 116 54158 117 54533 117 54907 118 55281 119 55655 120 56030 120 56404 121 56778 122 57152 123 57526 124 57900 125 58274 126 58648 127 59022 128 59397 128 59771 128 60145 129 60519 130 60894 130 61268 131 61642 132 62017 132 62391 133 62766 133 63140 134 63515 134 63889 135 64264 135 64638 135 65013 135 65387 136 65762 136 66137 136 66511 137 66886 137 67260 138 67635 138 68010 138 68384 139 68759 139 69133 140 69508 140 69882 141 70257 141 70631 142 71006 142 71381 141 71755 142 72130 142 72505 142 72879 143 73254 143 73628 144 74003 144 74377 145 74752 145 75127 145 75501 146 75876 146 76251 146 76625 146 77000 146 77375 146 77750 146 78125 146 78499 147 78874 147 79249 147 79624 147 79999 147 80373 148 80749 147 81124 147 81499 147 81874 147 82249 147 82624 147 82999 148 83374 148 83749 148 84124 148 84499 148 84874 148 85249 148 85624 148 85999 148 86374 148 86749 148 87125 147 87500 147 87876 146 88251 146 88627 145 89002 145 89377 145 89753 144 90129 143 90504 143 90880 142 91255 142 91630 142 92005 142 92381 141 92756 141 93131 141 93507 140 93882 140 94257 140 94633 139 95008 139 95383 139 95759 138 96134 138 96509 138 96885 137 97260 137 97635 137 98011 135 98386 135 98762 134 99137 134 99512 134 99888 133 100263 133 100639 132 101015 131 101390 131 101766 130 102142 129 102517 128 102893 127 103269 126 103645 125 104020 125 104396 124 104772 123 105148 122 105525 120 105901 119 106276 119 106652 117 107028 116 107404 115 107780 114 108156 113 108532 112 108908 110 109284 109 109660 108 110037 105 110413 104 110789 102 111165 100 111541 97 111918 93 112294 89 112671 78 113048 72 113425 65 113806 52 114185 46 114564 40 114942 35 115319 31 115695 28 116071 25 116447 23 116822 22 117197 20 117573 18 117948 18 118323 17 118698 17 119074 15 119449 13 119825 9 120205 1
japanese_chin_155,10964 5 11460 12 11956 20 12454 23 12951 27 13449 30 13945 35 14436 44 14922 59 15416 65 15911 71 16390 92 16886 96 17382 101 17881 102 18379 104 18877 106 19376 107 19875 107 20374 107 20873 106 21372 104 21871 103 22370 102 22869 101 23367 102 23866 101 24365 101 24863 102 25362 102 25860 103 26358 104 26856 105 27355 105 27853 106 28351 107 28850 107 29348 108 29846 110 30344 111 30843 111 31342 111 31840 113 32339 113 32838 113 33337 114 33836 114 34335 115 34834 115 35333 115 35832 116 36331 117 36829 119 37328 120 37827 121 38325 123 38824 124 39322 126 39821 128 40319 130 40817 133 41314 137 41807 145 42295 158 42787 168 43280 176 43652 6 43774 184 44150 10 44270 189 44650 11 44766 195 45149 13 45263 199 45649 14 45760 204 46148 17 46256 209 46648 18 46753 214 47147 21 47248 220 47647 23 47743 227 48146 25 48239 232 48646 27 48731 241 49146 29 49220 253 49645 32 49715 259 50145 34 50211 263 50645 37 50708 267 51145 42 51202 216 51420 56 51644 271 51924 52 52144 269 52426 50 52644 268 52928 49 53144 267 53429 48 53643 267 53931 46 54143 267 54432 45 54643 266 54934 44 55143 266 55435 43 55643 266 55936 42 56142 266 56437 41 56642 266 56939 39 57142 265 57440 39 57642 265 57941 38 58142 264 58442 37 58642 263 58943 36 59141 264 59444 36 59641 263 59945 35 60141 263 60445 35 60641 262 60946 34 61140 263 61447 33 61640 262 61947 33 62140 262 62448 33 62640 261 62949 32 63140 261 63450 31 63639 262 63951 30 64139 262 64451 30 64639 262 64952 29 65138 263 65452 29 65638 262 65953 28 66138 262 66454 26 66638 262 66954 26 67137 263 67455 25 67637 263 67956 24 68137 262 68456 24 68637 262 68957 22 69136 263 69458 21 69636 263 69959 19 70136 263 70461 16 70635 264 70963 12 71135 264 71467 3 71635 264 72134 264 72634 264 73133 265 73633 265 74132 266 74632 266 75131 267 75631 267 76131 268 76630 269 77130 270 77629 271 78129 272 78628 273 79128 274 79628 274 80128 274 80628 274 81128 275 81628 275 82128 275 82629 274 83129 274 83630 273 84130 273 84631 272 85131 271 85632 270 86133 269 86634 268 87135 267 87636 265 88137 264 88638 263 89138 263 89639 262 90140 261 90641 260 91141 260 91642 259 92143 258 92643 258 93144 257 93645 256 94145 256 94646 255 95146 255 95646 255 96147 254 96648 253 97148 253 97649 252 98150 251 98650 251 99151 250 99651 250 100152 249 100652 249 101153 248 101653 248 102154 246 102654 247 103155 246 103655 246 104155 245 104656 244 105156 244 105656 244 106157 243 106657 243 107158 242 107658 242 108158 242 108659 241 109159 242 109660 241 110161 240 110661 241 111162 240 111663 239 112164 239 112664 239 113165 239 113666 238 114167 237 114668 237 115169 236 115670 236 116170 236 116672 235 117173 235 117674 234 118174 235 118675 234 119176 234 119677 234 120178 233 120679 233 121180 233 121681 233 122182 232 122682 233 123183 233 123684 233 124185 232 124685 233 125186 232 125686 233 126187 233 126688 232 127188 233 127688 234 128189 235 128689 236 129190 236 129690 237 130190 241 130691 244 131191 247 131691 249 132192 251 132692 253 133192 255 133693 258 134193 262 134694 266 135194 272 135473 8 135695 287 136196 287 136697 287 137198 287 137699 286 138201 149 138361 124 138703 143 138865 120 139205 139 139369 116 139707 135 139875 110 140210 130 140381 103 140713 125 140885 98 141216 83 141304 33 141389 93 141720 77 141822 12 141892 89 142223 73 142395 85 142726 69 142898 80 143228 65 143401 75 143731 60 143903 68 144234 57 144405 62 144737 54 144907 57 145241 49 145408 53 145747 42 145909 49 146252 36 146411 44 146755 32 146913 38 147258 26 147414 34 147763 16 147916 29 148268 4 148418 25 148920 22 149422 18 149925 13 150430 4
leonberger_137,39812 7 40143 11 40474 15 40496 1 40807 18 40826 8 41139 30 41471 32 41803 34 42135 37 42468 39 42800 42 43132 45 43465 47 43797 51 44129 53 44461 56 44794 57 45126 59 45458 61 45790 63 46122 65 46454 66 46786 68 47118 69 47450 71 47782 73 48114 75 48447 75 48779 77 49111 78 49443 80 49776 80 50108 82 50441 82 50773 84 51106 84 51438 86 51771 86 52104 87 52436 88 52769 88 53101 90 53434 90 53767 90 54099 92 54432 92 54764 93 55097 93 55429 95 55762 95 56094 97 56426 98 56758 99 56889 2 57091 100 57220 6 57423 101 57552 7 57755 102 57884 9 58087 104 58217 9 58419 105 58549 11 58751 107 58881 12 59082 109 59213 13 59414 111 59545 14 59746 112 59876 17 60077 115 60208 18 60408 118 60539 20 60739 122 60868 24 61070 127 61199 26 61401 157 61732 160 62063 162 62394 164 62723 168 63049 175 63378 179 63706 184 64034 190 64365 192 64695 195 65025 198 65356 200 65687 202 66018 204 66349 206 66680 208 67012 209 67343 212 67675 213 68007 214 68339 215 68671 216 69003 217 69335 218 69667 219 69999 220 70331 221 70663 222 70996 222 71328 223 71660 224 71992 225 72324 226 72656 227 72988 228 73320 229 73653 229 73985 230 74317 231 74649 232 74982 232 75314 233 75647 233 75979 234 76312 234 76644 236 76977 236 77309 237 77642 237 77975 237 78307 238 78640 238 78972 239 79305 239 79637 241 79970 241 80303 241 80636 242 80968 243 81301 243 81634 244 81966 245 82299 246 82632 246 82965 247 83297 249 83630 251 83963 252 84295 255 84628 257 84961 259 85294 261 85626 263 85959 264 86292 265 86624 267 86957 268 87290 268 87622 270 87955 270 88288 271 88621 271 88953 273 89286 273 89619 274 89952 274 90284 276 90617 276 90950 277 91283 278 91616 278 91948 280 92281 281 92614 281 92947 282 93280 283 93613 283 93945 286 94278 287 94611 290 94944 292 95277 295 95609 296 95942 296 96275 296 96608 296 96941 296 97274 296 97607 296 97939 297 98272 297 98605 297 98938 297 99271 297 99604 297 99937 297 100270 297 100603 297 100936 297 101268 298 101601 298 101934 298 102267 298 102600 298 102933 298 103266 298 103599 298 103932 298 104265 298 104598 298 104931 298 105264 298 105597 298 105930 298 106263 298 106596 298 106929 298 107262 298 107595 298 107928 298 108261 298 108594 298 108927 298 109261 297 109594 297 109927 297 110261 296 110594 296 110927 296 111261 295 111594 295 111927 295 112261 294 112594 294 112928 293 113261 293 113594 293 113928 292 114261 292 114595 291 114928 291 115261 291 115595 290 115928 290 116261 290 116595 289 116928 289 117261 289 117595 288 117928 288 118261 288 118595 287 118928 287 119261 287 119595 286 119928 286 120261 286 120595 285 120928 285 121261 285 121595 284 121928 284 122261 284 122595 283 122928 283 123262 282 123595 282 123928 282 124262 281 124595 281 124929 280 125262 280 125596 279 125930 278 126263 278 126597 277 126931 276 127265 275 127599 274 127933 273 128267 272 128601 271 128935 270 129269 269 129604 267 129939 265 130274 263 130609 261 130944 259 131278 258 131613 256 131947 255 132281 254 132615 253 132948 253 133282 252 133616 251 133950 250 134285 248 134619 247 134954 245 135289 243 135623 242 135958 240 136292 239 136626 238 136960 237 137294 236 137628 235 137962 234 138296 233 138630 232 138964 231 139297 231 139631 230 139965 229 140298 229 140632 228 140966 227 141299 227 141633 226 141966 226 142300 225 142633 225 142967 224 143300 224 143634 223 143968 222 144301 222 144635 221 144968 221 145302 220 145635 220 145969 219 146302 219 146636 218 146970 217 147304 216 147637 216 147971 215 148305 214 148639 213 148973 212 149306 212 149640 211 149974 210 150308 209 150642 208 150976 207 151310 206 151649 200 151985 197 152320 195 152655 193 152989 192 153323 191 153657 190 153991 189 154326 187 154660 186 154994 185 155328 184 155663 182 155997 181 156331 180 156664 180 156998 179 157332 178 157665 178 157999 177 158333 176 158667 175 159000 175 159334 174 159668 173 160002 172 160336 171 160669 171 161003 170 161336 170 161670 169 162003 169 162337 168 162670 168 163004 167 163337 167 163670 167 164004 166 164338 165 164673 163 165007 162 165340 162 165673 162 166006 162 166339 162
Persian_126,9230 5 9674 15 10122 20 10570 24 11019 28 11467 31 11916 34 12365 36 12814 39 12936 9 12952 4 13263 42 13383 31 13712 44 13831 36 14160 47 14279 40 14609 49 14728 42 15058 51 15176 45 15507 53 15625 47 15956 55 16074 49 16405 57 16523 50 16854 59 16972 52 17303 61 17421 53 17752 62 17870 55 18201 64 18319 56 18651 65 18768 58 19100 67 19216 60 19549 69 19665 62 19998 71 20114 64 20447 74 20562 67 20897 75 21011 68 21346 77 21459 71 21795 79 21908 73 22244 81 22355 76 22694 82 22803 79 23143 84 23250 83 23592 90 23696 88 24042 193 24491 195 24941 196 25390 198 25839 200 26289 201 26738 203 27188 204 27637 206 28087 207 28537 208 28986 210 29436 210 29885 212 30335 213 30784 214 31234 215 31683 217 32133 217 32582 218 33032 219 33482 219 33931 221 34381 221 34830 222 35280 223 35729 224 36179 225 36628 226 37078 227 37527 229 37977 230 38426 232 38876 233 39325 237 39775 241 40224 245 40674 248 41123 250 41573 252 42022 254 42472 255 42922 256 43371 258 43821 258 44271 259 44720 260 45170 261 45620 261 46069 262 46519 262 46969 262 47418 263 47868 264 48318 264 48767 265 49217 264 49667 264 50117 264 50567 264 51016 265 51466 264 51916 263 52366 262 52816 261 53265 257 53715 250 54165 177 54358 52 54615 174 54815 42 55064 172 55270 34 55514 169 55726 25 55964 167 56183 7 56414 165 56863 163 57313 162 57763 161 58212 162 58662 161 59111 162 59561 162 60010 162 60460 162 60910 161 61359 162 61809 162 62258 164 62708 164 63157 165 63607 166 64057 166 64506 167 64956 168 65405 169 65855 170 66305 171 66754 172 67204 173 67654 174 68103 175 68553 176 69003 177 69453 177 69902 179 70352 180 70802 180 71252 181 71701 182 72151 182 72601 183 73050 184 73500 184 73950 185 74399 186 74849 143 75002 33 75299 142 75453 32 75749 141 75905 30 76198 142 76357 1 76359 26 76648 141 76811 25 77098 141 77262 24 77548 140 77712 24 77997 141 78163 23 78447 141 78613 23 78897 140 79064 22 79347 140 79514 22 79797 140 79965 21 80247 139 80415 21 80696 140 80865 21 81146 140 81316 20 81596 139 81766 20 82046 139 82217 19 82496 139 82668 18 82946 139 83118 18 83395 140 83569 17 83845 139 84020 16 84295 139 84471 15 84745 139 84922 14 85194 140 85373 12 85644 139 85824 11 86094 139 86275 10 86544 139 86727 7 86994 139 87179 3 87444 138 87894 138 88343 139 88793 139 89243 139 89693 139 90143 139 90593 138 91043 138 91493 138 91943 138 92393 137 92843 137 93293 137 93743 136 94193 136 94643 136 95093 136 95543 135 95993 135 96443 135 96893 135 97343 134 97793 134 98243 134 98693 134 99143 133 99593 133 100043 133 100493 132 100943 132 101393 132 101842 132 102292 132 102742 132 103192 132 103642 131 104092 131 104541 132 104991 131 105441 131 105890 132 106340 131 106789 132 107239 132 107688 132 108137 133 108586 133 109035 134 109484 134 109932 136 110381 136 110830 137 111278 139 111727 139 112176 139 112624 141 113073 141 113521 143 113970 144 114418 145 114867 146 115315 147 115763 149 116211 151 116659 152 117107 154 117554 157 118002 159 118449 162 118896 165 119344 74 119419 91 119791 76 119871 89 120237 80 120324 86 120684 82 120775 85 121129 86 121226 84 121576 88 121677 82 122025 88 122127 82 122474 88 122578 81 122923 88 123028 80 123373 87 123479 79 123823 86 123929 78 124273 85 124380 76 124723 84 124830 75 125173 83 125280 75 125623 82 125731 73 126073 81 126181 72 126523 80 126631 71 126973 80 127082 69 127423 78 127532 68 127873 78 127982 67 128323 76 128432 67 128773 76 128882 66 129223 75 129332 66 129672 75 129783 64 130122 75 130233 63 130572 74 130683 63 131022 74 131133 63 131472 73 131583 62 131922 72 132033 62 132372 72 132483 61 132821 72 132933 61 133271 72 133383 61 133721 72 133833 60 134171 72 134283 60 134621 72 134733 60 135071 72 135182 61 135521 72 135632 60 135971 72 136082 60 136421 72 136533 59 136871 73 136983 58 137321 74 137433 58 137771 75 137883 58 138221 75 138333 58 138671 76 138783 57 139121 77 139233 57 139571 78 139683 57 140021 79 140133 57 140471 80 140583 57 140921 80 141033 57 141371 81 141483 57 141821 81 141933 56 142271 82 142383 56 142721 82 142833 56 143171 82 143283 56 143621 82 143732 57 144071 82 144182 57 144521 82 144632 57 144971 82 145081 58 145421 82 145530 58 145871 82 145980 58 146321 82 146429 59 146771 82 146878 60 147221 82 147327 61 147671 82 147776 62 148121 83 148226 62 148571 83 148675 63 149021 84 149124 64 149472 83 149574 64 149922 84 150024 64 150372 84 150473 65 150822 84 150923 64 151272 85 151372 65 151723 84 151822 65 152173 85 152271 66 152623 87 152720 67 153073 87 153170 67 153523 88 153619 67 153974 88 154068 68 154424 162 154874 162 155325 160 155775 160 156225 160 156676 158 157126 158 157577 157 158027 156 158478 155 158928 155 159379 153 159830 152 160281 150 160732 149 161183 148 161635 145 162087 143 162540 140 162992 137 163444 135 163896 133 164348 130 164800 128 165252 125 165704 123 166156 120 166609 117 167060 116 167513 112 167965 109 168418 58 168482 41 168871 49 168941 31 169324 42 169394 27 169777 37 169848 22 170232 28 170301 16 170687 19 170754 11
saint_bernard_34,14363 9 14860 14 15357 18 15855 21 16353 23 16851 26 17349 28 17847 30 18344 32 18842 34 19339 37 19837 39 20334 42 20832 43 21331 44 21829 46 22327 48 22826 49 23324 51 23823 52 24322 54 24820 56 25319 57 25817 59 26316 61 26814 63 27313 65 27811 67 28309 70 28807 72 29305 75 29803 77 30300 81 30796 85 31293 89 31788 94 32284 99 32779 104 33275 108 33771 113 34268 116 34765 119 35261 123 35757 127 36254 130 36750 134 37246 138 37712 18 37741 143 38208 176 38704 180 39201 183 39698 186 40195 188 40693 190 41190 193 41688 194 42185 197 42683 198 43181 199 43678 201 44176 202 44674 204 45172 205 45670 206 46169 207 46667 208 47165 210 47664 210 48162 212 48660 214 49159 215 49657 217 50156 218 50654 219 51153 220 51651 222 52150 223 52649 224 53148 225 53648 224 54147 225 54646 226 55146 226 55645 227 56145 227 56644 228 57144 228 57643 230 58143 230 58642 231 59142 231 59641 232 60141 232 60640 234 61140 234 61640 234 62140 234 62639 235 63139 235 63638 236 64138 236 64637 237 65137 237 65637 237 66136 238 66636 238 67135 239 67635 239 68134 240 68634 240 69134 239 69633 240 70133 240 70633 239 71133 238 71633 237 72132 238 72632 237 73132 236 73632 235 74132 234 74632 234 75132 233 75632 233 76132 232 76632 232 77132 232 77632 232 78132 232 78632 232 79132 232 79632 232 80132 232 80632 232 81132 231 81632 231 82132 231 82632 230 83132 230 83633 228 84133 228 84633 227 85133 227 85633 227 86133 226 86633 226 87133 225 87633 225 88133 225 88633 226 89133 226 89633 227 90132 230 90632 231 91132 231 91632 232 92132 233 92632 234 93132 234 93632 234 94132 235 94632 235 95132 236 95632 236 96132 236 96632 237 97132 237 97632 238 98132 238 98632 239 99131 240 99632 239 100132 239 100632 239 101132 239 101632 238 102132 238 102632 237 103132 237 103633 235 104133 234 104633 233 105133 232 105633 232 106134 230 106634 230 107134 229 107634 229 108134 230 108634 230 109134 230 109635 229 110135 229 110635 229 111136 227 111636 227 112137 226 112637 225 113138 224 113638 223 114138 222 114639 219 115139 218 115640 215 116140 214 116640 212 117141 210 117641 209 118142 206 118643 204 119143 202 119644 200 120145 198 120646 195 121147 193 121648 190 122150 186 122651 85 122746 87 123152 81 123250 81 123653 78 123753 75 124154 75 124258 68 124656 72 124763 61 125157 70 125269 53 125658 68 125775 46 126159 66 126284 36 126660 65 126795 24 127162 62 127300 18 127664 59 127803 14 128165 58 128305 11 128667 55 128806 10 129169 52 129308 7 129671 50 129809 5 130172 48 130674 46 131175 44 131677 42 132178 40 132679 39 133180 38 133681 36 134182 35 134683 33 135184 32 135685 30 136186 28 136688 25 137189 23 137691 19 138194 14 138698 8
newfoundland_52,14830 4 15328 8 15827 11 16326 12 16825 14 17324 16 17824 17 18323 18 18822 19 19321 21 19821 21 20320 23 20819 24 21318 25 21818 26 22317 27 22817 27 23316 28 23815 29 24315 30 24815 30 25314 31 25814 31 26314 31 26814 31 27313 32 27813 33 28313 33 28814 32 29314 32 29814 32 30314 32 30814 32 31315 31 31815 31 32315 31 32816 30 33316 31 33817 30 34317 30 34817 30 35318 29 35818 29 36318 29 36818 29 37318 29 37818 29 38318 28 38818 28 39318 28 39818 28 40318 28 40818 28 41318 28 41817 29 42317 30 42817 30 43316 31 43816 31 44316 31 44815 33 45315 33 45815 34 46314 35 46814 36 47314 37 47813 39 48313 40 48812 42 49312 42 49811 44 50311 44 50810 45 51310 46 51809 47 52309 47 52808 48 53307 49 53806 50 54305 51 54804 52 55304 52 55802 54 56301 55 56800 56 57299 57 57798 58 58296 60 58795 60 59294 61 59793 62 60292 63 60790 64 61289 65 61788 66 62287 67 62787 66 63285 68 63784 69 64283 70 64782 70 65281 71 65779 73 66278 75 66777 76 67275 78 67774 79 68271 83 68769 85 69266 88 69764 91 70262 94 70760 96 71258 99 71756 102 72254 104 72752 107 73251 109 73750 110 74248 113 74747 115 75246 116 75744 118 76243 120 76742 121 77241 122 77740 123 78238 126 78737 127 79236 128 79735 129 80233 131 80732 132 81231 134 81730 135 82126 19 82177 15 82228 137 82619 34 82672 23 82726 140 83116 81 83225 141 83614 86 83722 144 84112 91 84220 146 84610 256 85109 257 85608 258 86107 259 86605 262 87104 263 87603 264 88102 265 88601 267 89099 270 89597 273 90095 276 90593 279 91091 282 91589 285 92087 288 92586 290 93084 293 93583 296 94082 299 94581 301 95080 305 95579 312 96078 320 96577 325 97076 329 97576 330 98075 332 98574 334 99073 336 99573 336 100072 337 100571 339 101071 339 101570 340 102069 341 102569 341 103068 342 103567 343 104067 343 104566 344 105066 344 105565 345 106065 344 106564 345 107064 344 107564 344 108064 229 108302 105 108563 228 108804 102 109063 227 109304 101 109563 226 109805 97 110063 225 110305 93 110563 223 110804 91 111063 221 111304 89 111563 201 111773 7 111803 88 112063 198 112302 87 112563 197 112801 88 113063 196 113300 88 113563 196 113799 89 114063 196 114297 90 114563 197 114796 91 115063 198 115294 93 115563 202 115791 96 116063 215 116285 102 116563 324 117063 325 117564 324 118064 325 118564 326 119065 325 119565 327 120065 328 120566 328 121066 329 121567 330 122067 332 122568 332 123068 333 123569 333 124069 334 124570 334 125070 335 125571 335 126071 335 126572 334 127073 334 127573 334 128074 333 128575 332 129076 331 129576 332 130077 331 130578 330 131079 269 131362 46 131580 262 131868 40 132080 257 132371 37 132581 251 132875 33 133083 245 133377 31 133584 240 133880 28 134085 234 134383 25 134587 224 134885 22 135088 211 135387 20 135590 193 135890 17 136092 181 136393 14 136593 175 136895 11 137095 169 137397 8 137597 164 137900 2 138099 159 138600 156 139102 151 139604 146 140107 139 140610 88 140719 23 141113 79 141227 10 141619 29 141665 21
beagle_198,26609 1 27103 11 27599 17 28097 20 28595 23 29093 27 29592 29 30090 32 30185 5 30589 34 30683 7 31088 37 31180 10 31587 39 31678 11 32086 42 32176 12 32585 44 32673 15 33085 45 33170 18 33584 48 33666 22 34082 52 34163 25 34582 54 34658 30 35081 59 35152 36 35579 110 36078 112 36577 113 37076 115 37575 117 37851 15 38074 118 38351 19 38573 120 38852 22 39073 121 39354 13 39572 122 40071 124 40570 126 41070 127 41569 129 42068 131 42568 132 43068 133 43567 135 44066 138 44566 139 45065 142 45565 143 46064 146 46563 149 47063 151 47562 155 48061 158 48560 161 49060 163 49559 165 50058 167 50558 169 51057 171 51556 173 52056 175 52555 177 53055 179 53554 181 54054 182 54554 184 55054 185 55553 187 56053 189 56553 190 57053 191 57553 192 58053 193 58553 194 59053 195 59553 196 60053 197 60554 198 61054 200 61554 202 62053 204 62553 206 63053 208 63553 210 64053 212 64552 215 65052 216 65552 218 66051 220 66551 222 67051 223 67551 225 68050 228 68550 230 69049 234 69549 238 70048 242 70548 245 71047 247 71547 248 72046 248 72546 248 73046 248 73545 248 74045 248 74545 247 75045 247 75545 246 76045 246 76545 245 77045 245 77545 245 78045 244 78545 244 79045 243 79545 242 80045 242 80546 241 81046 240 81546 239 82046 239 82546 238 83046 238 83546 237 84047 236 84547 235 85047 235 85297 5 85412 12 85547 235 85794 9 85902 23 86047 235 86285 19 86387 39 86548 258 86817 11 86858 2 86874 52 87048 379 87548 379 88048 379 88549 378 89049 378 89549 377 90049 376 90550 372 91050 368 91550 357 92051 348 92551 335 93051 327 93552 319 94052 312 94553 139 94704 155 95053 137 95210 143 95554 135 95713 131 96054 134 96216 123 96554 133 96718 119 97055 131 97220 114 97555 130 97722 109 98055 129 98223 105 98556 127 98724 102 99056 127 99225 99 99557 125 99726 97 100057 125 100227 95 100558 124 100728 93 101058 124 101230 90 101559 123 101733 87 102060 122 102237 83 102560 121 102741 78 103061 120 103243 76 103561 120 103744 75 104062 119 104245 73 104563 118 104746 72 105063 118 105247 70 105564 117 105748 69 106065 116 106249 68 106566 115 106750 66 107067 114 107252 64 107568 113 107753 63 108068 113 108254 62 108569 112 108756 59 109071 110 109258 57 109572 109 109760 54 110073 108 110262 51 110575 106 110764 49 111077 104 111267 44 111580 102 111769 39 112082 100 112271 36 112584 98 112773 33 113087 95 113276 29 113589 93 113781 23 114091 92 114283 20 114593 90 114785 17 115094 89 115288 13 115596 88 115790 9 116097 87 116293 3 116599 85 117100 84 117600 84 118101 84 118601 84 119102 83 119602 83 120102 83 120602 83 121102 83 121601 84 122101 84 122600 85 123099 86 123597 88 124095 90 124593 92 125092 92 125587 97 126087 97 126587 97 127087 96 127588 95 128088 95 128589 93 129089 93 129589 92 130089 92 130589 91 131090 90 131590 89 132090 89 132590 88 133091 87 133591 86 134092 84 134592 84 135092 84 135593 82 136093 82 136593 82 137094 80 137595 79 138096 77 138596 77 139097 75 139599 72 140102 6 140118 53 140623 47 141126 43 141632 36 142134 33 142638 27 143138 26 143639 24 144140 21 144643 17 145146 12 145648 8 146151 1
newfoundland_141,79221 6 79551 13 79884 17 80216 22 80549 25 80882 29 81215 33 81548 36 81880 41 82213 45 82546 48 82879 52 83213 55 83547 57 83880 62 84214 64 84548 66 84881 70 85215 72 85549 75 85882 78 86216 80 86549 84 86883 87 87216 91 87550 94 87884 96 88217 99 88550 102 88884 103 89217 106 89551 108 89884 110 90217 113 90551 114 90884 117 91218 118 91551 120 91885 122 92219 123 92553 125 92887 127 93221 128 93556 129 93890 131 94224 135 94559 141 94893 147 95228 149 95562 152 95896 155 96231 158 96565 161 96899 167 97233 178 97567 187 97901 194 98234 200 98568 205 98901 215 99235 220 99569 225 99903 229 100238 231 100572 235 100906 238 101241 241 101575 249 101910 256 102244 264 102579 267 102913 268 103247 269 103582 269 103917 269 104251 270 104586 270 104920 271 105255 271 105590 271 105925 271 106260 271 106595 271 106930 271 107265 271 107600 271 107935 271 108270 271 108605 271 108940 271 109275 271 109610 271 109945 271 110280 271 110615 243 110866 20 110950 242 111202 19 111285 241 111538 18 111620 240 111875 15 111955 240 112211 13 112290 239 112548 9 112625 239 112886 3 112960 239 113295 238 113630 238 113965 238 114300 238 114635 238 114970 238 115305 238 115640 237 115974 238 116309 238 116644 238 116979 237 117314 237 117649 237 117984 236 118319 235 118654 235 118989 234 119324 233 119660 231 119995 230 120330 229 120665 228 121000 226 121336 223 121671 221 122006 219 122341 218 122677 216 123012 216 123261 7 123347 215 123595 12 123682 215 123929 16 124018 214 124263 20 124353 214 124597 22 124688 214 124931 23 125023 213 125266 24 125359 212 125600 26 125694 212 125933 28 126029 212 126267 29 126365 211 126600 31 126700 212 126933 33 127035 212 127266 35 127370 212 127599 37 127706 212 127933 38 128041 212 128267 39 128376 213 128601 40 128712 213 128935 41 129047 214 129269 42 129383 263 129718 263 130054 262 130390 261 130726 260 131062 259 131398 258 131734 257 132070 256 132406 255 132742 254 133078 253 133414 252 133750 251 134086 250 134422 249 134758 248 135094 247 135430 246 135766 245 136102 244 136438 243 136773 243 137109 242 137445 241 137781 240 138117 239 138453 238 138789 237 139125 236 139462 234 139798 233 140134 232 140471 230 140807 229 141143 228 141480 226 141816 225 142152 224 142489 222 142825 221 143161 220 143497 219 143833 218 144169 217 144505 216 144840 216 145176 215 145511 215 145847 214 146182 214 146518 213 146853 213 147189 212 147524 212 147860 211 148195 211 148530 211 148866 210 149201 210 149537 209 149872 209 150207 209 150543 208 150878 208 151213 208 151549 207 151884 207 152219 207 152554 207 152889 207 153224 207 153559 207 153895 206 154230 206 154565 206 154899 207 155234 207 155569 207 155904 207 156239 207 156574 207 156908 208 157243 208 157578 208 157912 209 158247 209 158581 210 158916 210 159250 211 159585 211 159919 212 160253 213 160588 213 160922 214 161256 215 161590 216 161924 217 162258 218 162592 219 162926 220 163260 221 163595 221 163930 221 164265 221 164600 221 164936 220 165271 220 165607 219 165942 218 166278 217 166614 216 166949 215 167286 213
chihuahua_139,21779 12 22077 18 22375 23 22673 27 22971 30 23270 33 23569 35 23867 38 24166 39 24464 42 24762 45 25060 47 25358 49 25656 51 25954 54 26251 57 26550 58 26848 59 27147 60 27445 62 27744 63 28043 64 28342 65 28641 66 28940 67 29239 67 29539 67 29838 68 30137 69 30437 68 30736 69 31036 69 31335 69 31635 69 31878 4 31934 70 32177 7 32234 70 32477 8 32534 70 32777 10 32834 70 33077 11 33133 71 33377 13 33433 71 33678 13 33733 72 33978 15 34032 73 34279 15 34332 74 34579 16 34631 76 34880 17 34931 76 35180 18 35230 79 35481 19 35529 81 35782 20 35827 85 36083 21 36125 89 36384 22 36421 95 36685 24 36717 101 36986 134 37286 136 37587 136 37888 137 38188 138 38489 138 38789 138 39090 138 39390 138 39691 137 39991 137 40291 118 40410 18 40591 114 40716 12 40891 112 41019 9 41191 111 41324 2 41490 111 41790 111 42089 111 42389 111 42688 112 42988 112 43287 113 43587 113 43886 114 44186 114 44486 114 44785 115 45085 115 45385 116 45685 116 45984 117 46284 116 46584 116 46884 116 47184 116 47484 117 47784 117 48084 117 48384 118 48684 119 48984 120 49284 123 49585 125 49885 130 50185 134 50485 136 50786 135 51086 135 51386 135 51686 135 51987 133 52287 133 52587 131 52887 129 53188 122 53488 114 53788 106 54088 96 54388 91 54688 69 54987 60 55287 54 55586 51 55886 48 56185 45 56485 40 56784 34 57084 31 57383 30 57682 29 57982 27 58281 27 58581 26 58880 25 59179 25 59479 24 59778 23 60078 21 60377 21 60676 20 60975 20 61275 18 61575 17 61875 15 62175 13 62476 10 62778 6
Persian_7,12000 1 12369 7 12742 9 13114 12 13487 14 13858 18 14230 21 14603 23 14976 25 15349 27 15721 30 16093 33 16465 36 16838 38 17210 41 17583 43 17954 47 18326 50 18695 56 19063 63 19387 5 19423 4 19430 71 19753 23 19789 87 20123 128 20495 131 20866 135 21238 138 21611 140 21983 143 22356 145 22729 147 23101 150 23474 152 23847 154 24220 156 24593 158 24966 160 25339 162 25712 164 26084 167 26457 169 26829 172 27202 174 27575 176 27949 177 28322 179 28695 181 29067 184 29439 187 29811 190 30184 192 30557 194 30931 195 31304 197 31678 198 32052 199 32425 201 32798 203 33172 204 33545 206 33918 208 34289 212 34659 217 35031 220 35404 222 35777 224 36151 225 36523 228 36897 229 37270 231 37644 232 38017 234 38391 235 38764 237 39138 238 39511 240 39885 241 40259 242 40633 243 41007 244 41381 245 41755 246 42129 247 42504 247 42878 248 43252 249 43627 249 44001 250 44376 250 44750 251 45124 252 45499 252 45873 253 46248 253 46622 254 46997 254 47371 255 47745 256 48120 256 48494 257 48868 258 49242 259 49616 260 49990 261 50364 262 50739 262 51112 264 51486 265 51860 266 52234 267 52607 269 52981 270 53354 272 53728 273 54101 275 54473 278 54846 280 55218 283 55589 287 55961 290 56330 296 56694 307 57061 315 57431 320 57804 322 58177 324 58550 326 58924 327 59298 328 59672 329 60047 329 60422 329 60797 329 61173 328 61549 327 61924 327 62300 326 62676 325 63052 324 63428 323 63804 322 64180 321 64556 320 64932 319 65308 318 65684 317 66059 317 66435 316 66811 315 67186 315 67562 314 67937 314 68312 314 68688 313 69063 313 69439 312 69814 312 70189 312 70564 312 70940 311 71315 311 71690 311 72065 311 72440 311 72815 311 73190 311 73566 310 73941 310 74316 310 74691 310 75066 310 75441 310 75816 310 76191 310 76566 310 76941 310 77316 310 77691 310 78067 309 78442 309 78817 309 79192 309 79567 309 79943 308 80318 308 80693 308 81068 308 81444 307 81819 307 82194 307 82570 306 82945 306 83320 306 83695 306 84071 305 84446 305 84821 305 85196 305 85571 305 85947 304 86322 304 86697 304 87072 304 87448 303 87823 303 88198 303 88573 303 88949 302 89324 302 89699 302 90074 302 90450 301 90825 301 91200 301 91576 300 91951 300 92326 300 92702 299 93077 299 93452 299 93827 299 94203 298 94578 298 94953 298 95329 297 95704 297 96079 297 96454 297 96829 297 97205 296 97580 296 97955 296 98330 296 98705 296 99080 296 99455 296 99831 295 100206 295 100581 295 100956 295 101331 295 101706 295 102081 295 102457 294 102832 294 103207 294 103582 294 103957 294 104332 294 104708 293 105083 293 105458 293 105833 293 106208 293 106583 293 106958 293 107333 293 107708 293 108084 292 108459 292 108834 292 109209 292 109584 292 109959 292 110334 292 110709 292 111084 292 111459 292 111834 292 112209 292 112584 292 112959 292 113334 292 113709 292 114084 292 114459 292 114834 292 115209 292 115585 291 115960 291 116335 291 116710 291 117086 290 117461 290 117836 290 118212 289 118588 288 118964 287 119339 287 119715 286 120091 285 120467 284 120843 283 121218 283 121594 282 121970 281 122345 281 122720 281 123096 280 123471 280 123846 280 124222 279 124597 279 124972 279 125347 279 125722 279 126097 279 126472 279 126847 279 127222 279 127597 279 127972 279 128347 279 128722 279 129097 45 129153 223 129472 37 129532 219 129847 32 129909 217 130222 27 130287 214 130597 24 130666 210 130972 22 131043 208 131348 18 131422 204 131723 15 131799 199 132100 10 132176 192 132553 187 132929 183 133305 173 133682 165 134059 160 134435 157 134812 153 135188 150 135565 145 135942 141 136319 136 136697 113 137074 105 137452 98 137830 94 138207 89 138588 81 138973 69 139355 59 139737 49 140117 40 140499 28 140891 7
Egyptian_Mau_139,18387 1 18625 18 18871 25 19118 29 19365 34 19612 39 19859 44 20106 51 20354 69 20602 19 20630 46 20849 20 20882 47 21096 21 21134 47 21344 21 21385 48 21592 21 21636 49 21840 18 21886 50 22088 17 22137 50 22336 15 22387 51 22584 14 22637 51 22833 12 22888 51 23081 12 23138 52 23329 12 23388 52 23577 13 23638 53 23825 13 23888 54 24073 14 24138 55 24322 13 24388 56 24570 13 24637 58 24819 12 24887 59 25068 11 25137 60 25316 11 25387 61 25565 11 25636 63 25814 10 25886 63 26062 11 26136 64 26311 11 26385 66 26561 9 26635 66 26810 9 26884 69 27059 9 27134 70 27308 8 27383 73 27557 8 27633 74 27807 7 27882 76 28056 7 28132 77 28305 8 28381 78 28555 7 28631 79 28804 7 28881 79 29053 7 29130 80 29303 6 29380 80 29552 6 29630 80 29801 5 29879 82 30050 5 30129 82 30299 5 30379 82 30549 5 30629 82 30798 5 30879 82 31048 4 31128 83 31297 4 31378 83 31547 4 31628 83 31796 4 31878 83 32046 3 32128 82 32296 2 32378 82 32628 82 32878 82 33128 82 33378 82 33628 82 33878 81 34128 81 34378 81 34628 81 34878 81 35128 81 35378 81 35628 82 35878 82 36128 82 36378 82 36629 81 36879 81 37129 81 37379 81 37629 82 37879 82 38129 82 38379 82 38629 82 38879 83 39130 82 39380 82 39630 82 39880 82 40130 82 40380 82 40630 82 40880 83 41130 83 41381 82 41631 82 41881 82 42131 83 42381 83 42632 82 42882 82 43132 82 43382 82 43633 81 43883 81 44133 81 44383 81 44633 81 44883 82 45133 82 45383 82 45634 81 45884 81 46134 81 46384 81 46634 81 46884 82 47134 82 47384 82 47634 82 47884 82 48135 81 48385 81 48636 80 48886 80 49136 81 49386 81 49636 81 49886 81 50136 81 50385 82 50635 82 50884 84 51133 85 51383 85 51562 23 51631 88 51810 47 51880 89 52059 56 52127 92 52309 161 52559 161 52810 161 53061 160 53313 158 53564 157 53816 155 54067 155 54319 153 54570 152 54822 150 55073 149 55325 147 55576 146 55827 145 56078 144 56328 144 56579 143 56829 143 57080 143 57330 143 57580 143 57831 142 58081 142 58331 142 58581 143 58831 143 59082 142 59332 142 59582 142 59832 142 60082 141 60332 141 60582 141 60832 142 61082 141 61332 141 61582 141 61832 141 62082 141 62332 141 62582 50 62637 86 62832 45 62892 81 63081 43 63147 44 63192 31 63331 40 63401 18 63450 23 63581 38 63657 5 63703 20 63830 37 63955 18 64080 35 64206 17 64329 34 64458 15 64578 32 64709 14 64828 30 64960 13 65077 28 65211 12 65327 26 65462 11 65576 25 65713 10 65826 23 65964 10 66075 23 66214 10 66325 21 66465 9 66574 20 66716 9 66823 19 66966 9 67073 17 67217 8 67322 16 67467 9 67572 14 67718 9 67822 12 67968 10 68072 9 68219 10 68469 11 68720 11 68970 12 69221 12 69471 12 69722 12 69972 13 70223 12 70473 12 70724 11 70975 10 71225 9 71476 7 71727 4
havanese_46,51740 8 52113 13 52486 15 52860 16 53233 18 53607 19 53980 21 54354 22 54727 24 55101 25 55474 27 55848 28 56221 30 56594 32 56967 34 57339 37 57712 39 58085 41 58457 44 58829 47 59201 50 59568 58 59931 70 60301 75 60670 81 61040 86 61412 89 61784 92 62156 95 62529 97 62901 100 63274 102 63647 104 64020 106 64393 108 64767 109 65141 110 65515 111 65889 112 66263 113 66637 114 67012 114 67386 115 67760 116 68134 117 68508 118 68766 7 68882 119 69135 18 69256 120 69506 24 69630 121 69878 29 70004 122 70249 36 70378 123 70621 40 70751 125 70994 43 71125 126 71367 47 71499 127 71740 50 71872 129 72114 53 72245 131 72488 56 72618 133 72861 61 72929 4 72991 135 73235 77 73364 137 73609 79 73736 140 73983 82 74110 141 74356 86 74484 142 74730 88 74858 143 75104 90 75233 143 75477 93 75607 144 75851 94 75982 144 76225 97 76357 144 76599 98 76733 143 76973 100 77108 143 77346 104 77483 143 77721 105 77858 143 78095 107 78233 143 78469 109 78609 142 78843 112 78984 142 79218 113 79359 142 79592 116 79734 142 79966 118 80110 141 80341 119 80485 141 80715 121 80860 141 81090 122 81236 140 81464 124 81611 140 81839 125 81986 140 82213 126 82362 139 82588 127 82737 139 82962 128 83113 138 83337 129 83488 138 83712 129 83863 138 84086 131 84239 137 84461 131 84614 137 84836 132 84989 137 85210 133 85364 137 85585 134 85739 137 85960 134 86115 136 86335 134 86490 136 86710 134 86865 136 87085 135 87240 136 87459 136 87615 136 87834 136 87990 136 88209 136 88365 136 88584 136 88740 136 88959 136 89115 136 89334 136 89491 135 89708 137 89866 135 90083 137 90241 135 90457 138 90616 135 90832 137 90991 135 91207 137 91366 135 91581 138 91741 135 91956 137 92116 135 92331 137 92491 135 92706 137 92866 135 93081 137 93241 135 93455 138 93616 135 93830 138 93991 135 94203 139 94366 135 94577 140 94742 134 94951 141 95117 134 95325 142 95492 134 95699 143 95867 134 96073 144 96242 134 96447 145 96617 134 96821 147 96992 134 97195 148 97367 134 97569 149 97742 134 97943 150 98117 134 98318 150 98492 134 98692 151 98868 133 99066 153 99243 133 99441 153 99619 132 99815 155 99994 132 100190 156 100370 131 100564 157 100746 130 100939 158 101122 129 101313 160 101499 127 101688 161 101875 126 102062 163 102252 124 102437 164 102628 123 102811 166 103005 121 103186 166 103382 119 103560 168 103758 118 103935 168 104134 117 104309 170 104510 116 104684 170 104885 116 105059 171 105261 115 105433 172 105637 114 105808 172 106012 114 106182 174 106388 113 106557 174 106763 113 106932 174 107138 113 107307 174 107513 113 107681 175 107889 112 108056 176 108264 112 108431 176 108639 112 108806 176 109014 112 109180 177 109389 112 109555 178 109764 112 109930 178 110138 113 110305 178 110513 113 110680 179 110887 114 111055 179 111262 114 111430 180 111636 115 111805 181 112009 117 112180 183 112382 119 112555 185 112756 120 112930 186 113130 121 113305 188 113504 122 113680 190 113877 124 114055 321 114430 321 114806 320 115181 320 115556 320 115931 320 116306 320 116682 319 117057 319 117432 319 117807 319 118183 318 118558 318 118934 317 119309 317 119684 317 120060 316 120435 316 120811 315 121186 315 121562 314 121937 314 122313 313 122689 312 123065 311 123440 311 123816 310 124192 309 124568 308 124943 308 125319 307 125695 306 126070 306 126446 305 126822 304 127199 302 127575 301 127951 300 128328 298 128704 297 129080 296 129456 295 129832 294 130208 293 130584 292 130961 290 131338 288 131715 286 132092 284 132470 281 132847 279 133224 277 133600 276 133977 274 134353 273 134729 272 135105 271 135481 270 135857 269 136233 268 136610 266 136986 265 137362 264 137738 263 138114 262 138490 261 138866 260 139243 258 139619 257 139995 256 140371 255 140748 253 141124 252 141500 251 141877 249 142254 247 142631 245 143008 243 143386 240 143763 238 144140 236 144517 234 144894 232 145272 229 145649 118 145770 106 146026 113 146147 104 146402 109 146523 103 146780 105 146899 102 147157 101 147275 101 147533 99 147650 101 147910 95 148026 100 148286 93 148401 100 148663 90 148777 99 149039 89 149152 99 149415 86 149527 99 149792 83 149903 98 150170 79 150278 98 150548 75 150653 98 150927 69 151029 97 151320 50 151404 97 151698 46 151779 97 152075 42 152155 96 152452 39 152530 96 152833 31 152905 96 153222 14 153280 96 153656 95 154031 95 154406 95 154781 95 155157 94 155532 94 155907 94 156282 94 156658 93 157033 93 157408 93 157784 92 158159 92 158534 92 158910 91 159285 91 159660 91 160036 90 160411 90 160786 90 161161 90 161537 89 161912 89 162287 89 162662 89 163038 88 163413 88 163788 88 164163 88 164538 88 164914 87 165289 87 165664 87 166039 87 166414 87 166790 86 167165 86 167540 86 167915 86 168290 86 168665 86 169040 86 169415 86 169790 86 170165 86 170540 86 170915 86 171290 86 171665 86 172040 86 172415 86 172790 86 173165 86 173540 86 173914 87 174289 87 174664 87 175039 87 175414 87 175789 87 176164 87 176539 87 176914 87 177289 87 177664 87 178038 88 178413 88 178788 88 179163 88 179537 89 179912 89 180287 89 180662 89 181036 90 181411 90 181785 91 182160 91 182534 92 182909 91 183283 91 183658 91 184033 90 184408 90 184783 90 185158 89 185533 66 185607 12 185908 61 186283 59 186658 58 187033 55 187408 53
american_bulldog_12,35466 6 35797 10 36128 12 36460 13 36792 15 37124 16 37456 17 37788 18 38121 18 38453 19 38786 19 39119 18 39451 19 39784 19 40117 19 40450 19 40783 19 41115 20 41448 19 41781 19 42114 19 42447 19 42780 19 43113 19 43447 17 43780 17 44113 17 44446 17 44779 17 45112 17 45445 17 45779 15 46112 15 46445 15 46778 15 47111 15 47444 15 47777 15 48111 13 48444 13 48777 13 49110 13 49443 13 49776 13 50109 13 50442 13 50776 12 51109 12 51442 11 51775 11 52108 11 52441 11 52774 11 53107 11 53440 11 53773 11 54106 11 54265 2 54440 10 54595 7 54773 9 54925 11 55106 9 55256 14 55439 9 55587 16 55772 9 55918 18 56105 9 56249 20 56438 9 56579 23 56771 9 56910 25 57104 9 57241 27 57437 9 57571 30 57771 8 57902 32 58104 7 58233 33 58437 7 58564 35 58770 7 58895 37 59104 5 59225 39 59437 5 59554 43 59771 3 59882 47 60104 3 60207 54 60437 3 60486 25 60517 76 60817 109 61149 109 61480 110 61812 110 62144 111 62477 110 62809 110 63141 110 63472 111 63764 1 63804 111 64095 10 64136 110 64425 17 64468 110 64756 22 64799 111 65088 25 65129 112 65420 28 65459 114 65752 153 66084 153 66416 154 66748 154 67080 154 67412 155 67743 157 68075 158 68406 160 68737 163 69069 167 69400 174 69730 180 70061 184 70385 194 70704 210 71034 214 71364 219 71695 222 72026 227 72357 233 72689 237 73020 241 73352 242 73684 243 74015 245 74347 246 74679 247 75010 249 75342 250 75674 251 76006 252 76338 253 76670 254 77002 255 77334 256 77666 257 77999 257 78331 258 78664 258 78997 258 79329 259 79662 259 79995 259 80327 260 80660 260 80993 260 81326 260 81658 261 81991 261 82324 261 82657 261 82990 261 83322 262 83655 262 83988 262 84321 262 84654 262 84986 263 85319 263 85652 263 85985 263 86318 263 86651 263 86983 264 87316 264 87649 264 87982 264 88315 264 88648 264 88981 264 89314 264 89647 264 89980 264 90313 264 90646 264 90979 264 91312 264 91645 264 91978 264 92311 264 92644 264 92977 264 93310 264 93643 264 93976 264 94309 264 94642 264 94975 264 95308 264 95641 264 95974 264 96307 264 96640 264 96973 264 97306 264 97639 264 97972 264 98305 264 98638 264 98971 264 99304 264 99637 264 99970 264 100303 264 100636 264 100969 264 101302 264 101635 264 101968 264 102301 264 102634 264 102967 264 103300 264 103633 264 103966 264 104300 263 104633 263 104966 263 105299 263 105632 263 105965 263 106298 263 106631 263 106964 263 107297 263 107631 262 107964 262 108297 262 108630 262 108963 262 109296 262 109629 262 109962 262 110295 262 110628 262 110960 263 111293 263 111626 263 111959 263 112291 264 112624 264 112957 264 113289 265 113622 265 113955 265 114287 266 114620 266 114953 266 115285 267 115618 267 115951 267 116283 268 116616 268 116949 268 117281 269 117614 269 117947 269 118280 269 118612 270 118945 270 119278 270 119611 270 119943 271 120276 271 120609 271 120942 271 121274 272 121607 272 121940 272 122273 30 122307 238 122606 29 122642 236 122939 28 122975 236 123272 28 123309 235 123605 27 123643 234 123938 27 123976 234 124271 26 124309 234 124604 26 124642 234 124938 25 124976 233 125271 25 125309 233 125604 25 125642 233 125937 25 125975 233 126270 26 126307 234 126603 26 126640 234 126937 26 126973 234 127270 26 127305 235 127603 27 127637 236 127936 58 127997 209 128270 56 128335 204 128603 56 128669 203 128936 56 129002 203 129270 56 129335 203 129603 61 129668 203 129936 62 130001 203 130270 61 130333 204 130603 61 130666 204 130937 266 131270 266 131604 265 131937 265 132270 265 132604 264 132937 264 133271 263 133604 263 133938 262 134271 262 134605 261 134939 260 135272 260 135606 259 135940 258 136273 258 136607 257 136941 256 137275 255 137608 255 137942 254 138276 253 138610 252 138944 251 139277 251 139611 249 139945 241 140279 232 140614 139 140760 75 140948 133 141098 66 141282 128 141435 59 141617 123 141774 48 141951 119 142111 40 142285 114 142452 23 142620 106 142954 101 143289 94 143625 84 143960 73 144296 51 144633 42 144969 37 145308 28 145648 16
pomeranian_2,33832 4 34331 7 34830 9 35329 10 35828 12 36328 12 36827 13 37326 15 37826 15 38325 16 38824 18 39323 19 39822 20 40322 20 40821 22 41320 23 41818 25 42317 26 42815 29 43314 30 43812 33 44310 36 44808 38 45305 42 45802 46 46300 49 46797 53 47295 56 47793 59 48290 65 48404 38 48788 70 48869 77 49286 163 49784 168 50282 171 50781 174 51279 177 51777 180 52276 182 52774 185 53273 187 53771 189 54269 192 54767 195 55265 198 55762 201 56259 205 56755 209 57252 212 57749 216 58246 219 58743 223 59240 226 59736 231 60232 236 60730 238 61227 242 61726 244 62224 247 62722 250 63220 253 63719 255 64216 259 64712 265 65206 272 65698 281 66189 291 66685 297 67183 301 67680 305 68178 309 68675 313 69172 318 69670 321 70168 325 70666 329 71164 332 71663 334 72162 336 72661 338 73160 340 73660 341 74159 342 74659 342 75159 342 75660 341 76160 341 76660 341 77161 340 77662 339 78162 339 78663 338 79164 337 79665 336 80165 336 80666 335 81167 334 81667 334 82168 333 82668 333 83169 332 83669 332 84170 331 84670 331 85171 330 85671 330 86172 329 86672 329 87173 328 87673 328 88174 327 88674 327 89175 326 89675 326 90176 325 90676 325 91177 324 91677 324 92177 324 92677 324 93178 323 93678 323 94178 323 94678 323 95179 322 95679 322 96179 322 96679 322 97179 322 97679 322 98179 322 98679 322 99179 322 99679 322 100180 321 100680 321 101180 321 101680 321 102180 321 102680 321 103180 321 103680 321 104180 321 104680 321 105180 321 105680 321 106180 321 106679 322 107179 322 107678 323 108178 323 108677 324 109176 325 109676 325 110175 326 110674 327 111173 328 111672 329 112171 330 112670 331 113170 331 113669 332 114168 333 114668 333 115167 334 115667 334 116167 334 116666 335 117166 335 117666 335 118165 336 118665 336 119165 336 119665 336 120164 337 120664 337 121163 338 121663 338 122163 338 122662 339 123162 339 123662 339 124161 340 124661 340 125160 341 125660 341 126160 337 126660 336 127159 335 127659 334 128159 333 128659 332 129159 332 129659 332 130159 331 130658 332 131158 332 131658 332 132159 331 132659 330 133159 330 133660 329 134160 329 134662 327 135163 326 135667 322 136213 275 136718 270 137222 266 137726 262 138230 257 138734 253 139238 249 139742 245 140244 243 140747 240 141249 237 141751 235 142253 233 142755 230 143257 227 143758 226 144260 223 144762 219 145263 217 145765 213 146267 209 146769 205 147271 200 147773 195 148276 189 148779 183 149282 177 149785 171 150290 163 150799 152 151334 114 151840 106 152347 95 152853 85 153361 71 153901 25 154410 9
boxer_186,32584 10 32860 18 33139 20 33418 22 33695 26 33975 27 34253 30 34531 33 34809 36 35085 41 35361 46 35638 50 35916 53 36193 57 36472 59 36751 41 36794 18 37031 35 37079 14 37310 34 37362 12 37589 33 37645 7 37868 34 37929 2 38147 35 38427 35 38706 36 38986 36 39267 35 39547 35 39828 34 40110 32 40392 30 40674 27 40956 25 41238 22 41520 19 41803 15 42085 12 42368 7 43160 4 43436 14 43714 19 43993 24 44272 28 44551 31 44830 35 45109 38 45389 40 45668 44 45948 46 46227 49 46507 51 46787 52 47067 54 47347 56 47626 59 47906 61 48186 63 48308 6 48466 64 48587 11 48746 66 48866 15 49026 67 49144 23 49306 69 49422 30 49586 70 49701 33 49866 71 49980 36 50146 73 50259 41 50426 74 50539 42 50706 75 50818 44 50986 77 51098 45 51267 77 51378 46 51547 78 51657 48 51827 79 51938 48 52108 80 52218 49 52388 81 52498 50 52668 82 52779 50 52949 83 53059 51 53229 84 53340 51 53509 85 53620 52 53790 86 53901 52 54070 87 54182 52 54350 88 54463 52 54631 88 54744 52 54911 90 55025 52 55192 90 55305 53 55472 91 55586 53 55752 92 55867 53 56033 93 56148 53 56313 94 56429 53 56594 94 56709 54 56874 96 56990 54 57154 97 57271 54 57435 97 57552 54 57715 98 57832 55 57996 99 58113 55 58276 100 58393 56 58557 100 58674 56 58837 101 58955 56 59118 102 59235 57 59398 103 59515 58 59679 103 59796 58 59959 105 60077 58 60240 105 60357 59 60520 107 60638 59 60801 107 60918 60 61081 109 61198 61 61362 110 61478 62 61643 112 61757 64 61923 179 62204 179 62484 180 62765 180 63046 180 63326 181 63607 181 63888 181 64169 181 64449 182 64730 182 65011 182 65291 183 65572 183 65853 183 66134 183 66414 184 66695 184 66976 184 67256 185 67537 185 67818 185 68099 185 68379 186 68660 186 68941 186 69222 186 69502 187 69783 187 70064 187 70345 187 70626 187 70907 187 71188 187 71469 187 71750 187 72031 187 72312 187 72593 187 72875 186 73156 186 73437 186 73719 185 74000 185 74281 185 74563 156 74722 25 74844 156 75003 25 75126 155 75285 24 75407 154 75566 24 75689 153 75847 24 75970 153 76129 23 76252 152 76410 23 76533 152 76691 23 76815 151 76972 23 77097 149 77253 23 77378 149 77534 23 77660 148 77815 23 77942 147 78097 22 78224 146 78377 23 78505 146 78658 23 78787 145 78939 23 79069 144 79220 23 79351 143 79501 23 79632 143 79782 23 79914 142 80063 23 80196 141 80344 23 80477 141 80625 23 80759 140 80907 22 81041 139 81188 22 81322 139 81469 22 81604 138 81750 22 81885 138 82031 22 82167 137 82313 21 82448 137 82594 21 82730 136 82875 21 83011 136 83156 21 83292 135 83437 21 83574 134 83718 21 83855 134 83999 21 84137 133 84280 21 84419 131 84561 21 84700 131 84842 21 84982 129 85123 21 85264 128 85404 21 85546 127 85685 21 85828 125 85966 21 86110 123 86247 21 86392 122 86528 21 86674 121 86809 21 86957 118 87090 21 87239 117 87371 21 87522 114 87652 21 87808 109 87933 21 88108 2 88111 6 88132 66 88214 21 88414 65 88495 21 88697 63 88776 21 88981 60 89057 21 89264 58 89339 20 89547 55 89621 19 89829 54 89902 19 90112 53 90184 18 90394 52 90466 17 90676 52 90748 16 90959 50 91030 15 91241 49 91311 15 91524 48 91593 14 91806 47 91875 13 92089 46 92156 13 92371 45 92438 12 92654 44 92719 12 92936 44 93001 11 93219 43 93283 10 93502 42 93564 9 93785 27 93815 12 93847 6 94068 24 94098 11 94129 3 94350 22 94380 11 94633 20 94662 11 94915 19 94944 10 95198 17 95227 9 95480 16 95512 4 95763 15 96046 15 96329 16 96613 14 96896 14 97180 12 97463 12 97746 11 98029 12 98312 11 98594 10 98876 10 99159 9 99443 6 99727 3 99734 5 100013 9 100295 10 100576 10 100858 11 101140 11 101422 11 101703 12 101985 11 102267 11 102549 11 102832 9 103115 7 103398 4
american_pit_bull_terrier_164,20927 4 21221 15 21519 21 21819 24 22118 28 22418 30 22718 32 23018 34 23318 37 23618 39 23918 41 24217 44 24516 48 24816 49 25116 51 25416 52 25715 55 26015 56 26314 58 26572 13 26614 59 26865 23 26913 61 27131 13 27159 30 27213 62 27428 63 27512 64 27726 65 27812 65 28024 68 28112 65 28322 70 28411 67 28619 74 28711 66 28913 80 29010 67 29202 92 29309 68 29496 99 29608 68 29792 104 29907 69 30088 109 30206 70 30385 114 30503 72 30683 192 30980 195 31278 197 31575 199 31872 202 32169 205 32467 207 32766 208 33064 210 33363 211 33662 211 33960 213 34259 214 34558 114 34675 97 34857 111 34978 94 35156 109 35279 92 35455 109 35579 91 35754 109 35879 91 36053 109 36178 91 36352 110 36478 90 36651 110 36777 91 36950 111 37077 91 37249 111 37376 91 37548 112 37676 91 37847 113 37975 93 38147 112 38275 93 38446 113 38574 94 38746 113 38874 95 39046 112 39174 95 39346 112 39474 68 39549 19 39646 112 39773 64 39850 18 39946 111 40073 62 40150 18 40247 110 40372 61 40449 18 40547 110 40672 60 40749 18 40848 108 40971 60 41047 20 41148 108 41271 59 41345 21 41449 106 41570 60 41643 23 41749 106 41870 59 41941 24 42049 106 42169 63 42238 27 42350 104 42468 95 42650 104 42768 93 42950 104 43067 91 43251 103 43366 89 43551 103 43666 86 43851 103 43965 84 44152 102 44264 83 44452 102 44563 82 44753 101 44861 82 45053 102 45158 84 45354 186 45654 185 45954 183 46255 181 46555 180 46856 177 47156 175 47456 174 47757 171 48057 169 48358 167 48658 165 48959 163 49259 161 49560 159 49861 156 50161 154 50462 150 50763 146 51064 142 51364 140 51665 137 51966 135 52266 133 52567 130 52867 128 53168 123 53469 109 53769 103 54070 100 54371 96 54671 94 54972 58 55035 28 55273 55 55336 26 55574 54 55634 26 55874 85 56175 82 56476 79 56777 76 57077 74 57378 71 57679 67 57979 63 58280 56 58580 52 58881 48 59181 46 59482 44 59782 42 60083 40 60383 39 60684 38 60984 37 61285 34 61587 29 61888 24 62189 18 62491 11
boxer_5,25243 9 25256 13 25572 31 25901 36 26228 42 26555 48 26878 58 27206 62 27537 63 27869 63 28200 64 28532 64 28864 65 29196 65 29528 65 29860 52 29913 12 30193 24 30230 12 30252 5 30525 22 30570 1 30858 19 31190 19 31523 17 31855 17 32188 16 32520 16 32853 16 33186 15 33518 15 33851 15 34184 14 34516 15 34849 14 35182 13 35514 13 35847 13 36180 12 36512 12 36845 12 37177 12 37510 11 37842 12 38175 11 38507 12 38840 12 39172 12 39260 8 39505 12 39590 12 39837 12 39919 17 40170 12 40250 19 40502 13 40580 22 40835 13 40911 24 41167 13 41241 26 41500 13 41570 30 41832 14 41896 37 42164 15 42226 39 42497 14 42555 42 42829 15 42885 45 43162 15 43216 45 43494 16 43546 46 43672 8 43826 17 43876 48 44001 15 44159 17 44207 48 44331 21 44491 17 44539 46 44663 24 44824 17 44870 43 44995 27 45156 18 45202 42 45327 33 45489 18 45534 39 45659 37 45821 19 45866 35 45991 41 46153 20 46198 27 46324 44 46486 20 46530 23 46656 47 46818 21 46862 22 46989 48 47120 21 47150 23 47194 21 47321 52 47448 29 47482 24 47527 19 47654 58 47776 63 47859 18 47986 64 48106 66 48192 17 48318 79 48437 67 48524 17 48651 81 48767 70 48857 15 48983 84 49096 74 49189 15 49316 85 49425 77 49522 14 49648 86 49755 80 49855 14 49981 87 50082 85 50187 14 50313 88 50412 88 50520 13 50646 88 50742 90 50852 14 50979 89 51074 91 51185 13 51311 90 51406 91 51518 12 51644 91 51739 90 51850 13 51977 90 52072 70 52146 15 52183 12 52310 90 52406 68 52480 13 52515 13 52643 90 52739 67 52814 11 52848 12 52976 90 53073 65 53149 8 53180 13 53308 91 53406 65 53485 4 53513 12 53641 91 53740 64 53845 12 53974 90 54073 63 54178 12 54307 90 54407 62 54510 12 54640 89 54740 62 54842 12 54973 88 55074 61 55175 12 55306 88 55407 61 55507 12 55639 87 55741 60 55840 11 55972 87 56075 59 56172 12 56304 88 56409 58 56505 11 56637 87 56742 59 56838 10 56970 87 57076 58 57170 10 57303 87 57410 57 57503 10 57636 87 57745 55 57835 10 57969 87 58085 49 58168 10 58302 87 58424 43 58501 9 58635 88 58759 40 58833 9 58968 88 59094 38 59166 9 59301 88 59429 36 59498 9 59634 88 59762 36 59831 9 59968 87 60096 34 60163 9 60301 87 60428 35 60496 8 60634 87 60760 36 60828 9 60967 86 61093 36 61161 8 61300 85 61424 37 61493 9 61634 83 61756 38 61826 8 61967 82 62087 40 62158 9 62300 81 62418 43 62491 8 62633 81 62750 46 62823 8 62966 80 63080 50 63155 9 63299 80 63411 53 63488 8 63632 79 63741 58 63820 9 63966 78 64070 64 64152 10 64299 78 64399 69 64484 10 64632 77 64730 73 64816 11 64965 77 65061 77 65147 12 65298 77 65393 99 65632 76 65725 100 65965 76 66057 100 66298 76 66389 101 66632 74 66721 102 66965 74 67053 102 67298 73 67386 102 67631 72 67718 103 67965 69 68050 103 68298 69 68382 104 68631 68 68714 105 68965 67 69047 104 69298 66 69379 105 69631 65 69711 106 69964 64 70044 105 70297 63 70376 106 70631 61 70709 106 70964 61 71041 106 71298 59 71373 107 71631 59 71706 106 71965 57 72038 107 72299 56 72370 107 72633 20 72664 24 72702 108 72969 9 73000 21 73034 109 73336 18 73366 109 73671 16 73698 110 74006 13 74030 110 74342 10 74361 112 74679 6 74692 114 75014 6 75024 115 75348 123 75681 123 76014 123 76347 123 76680 123 77013 122 77346 122 77679 122 78013 121 78346 121 78679 120 79012 120 79346 119 79679 119 80013 117 80346 117 80679 117 81012 117 81346 116 81679 115 82013 114 82346 114 82679 114 83013 113 83346 113 83680 111 84013 111 84347 110 84680 110 85013 110 85347 109 85680 109 86014 107 86347 107 86680 107 87013 107 87347 106 87680 106 88013 106 88346 105 88679 105 89012 105 89345 105 89679 104 90012 104 90345 104 90678 104 91011 103 91344 103 91677 103 92010 103 92343 103 92676 103 93009 103 93342 102 93675 102 94008 102 94341 102 94674 102 95007 101 95340 101 95674 100 96007 100 96340 99 96673 99 97006 98 97340 97 97673 97 98006 97 98339 97 98673 95 99006 95 99339 95 99673 95 100006 95 100339 95 100673 94 101006 95 101340 94 101673 94 102006 94 102340 93 102673 93 103006 93 103340 91 103673 91 104007 90 104340 90 104674 89 105007 90 105341 89 105674 89 106007 89 106341 88 106674 88 107008 87 107341 87 107675 86 108008 86 108342 85 108676 84 109009 84 109343 83 109676 82 110010 81 110343 81 110677 79 111010 79 111344 78 111677 78 112011 77 112345 76 112678 76 113012 75 113346 73 113679 73 114012 74 114346 73 114680 72 115013 72 115347 71 115680 71 116014 70 116347 71 116681 70 117014 70 117348 69 117681 69 118015 69 118348 69 118682 68 119016 67 119350 67 119683 67 120017 65 120351 64 120685 63 121019 62 121353 61 121687 60 122022 58 122357 56 122692 53 123028 50 123365 45 123700 41 124038 34 124378 24 124722 7
staffordshire_bull_terrier_147,4085 11 4416 16 4594 1 4596 8 4748 19 4925 14 5081 21 5256 18 5413 23 5587 23 5746 24 5919 27 6078 26 6251 30 6411 27 6583 33 6744 27 6915 36 7077 27 7247 39 7410 27 7580 41 7640 7 7743 26 7912 44 7971 10 8076 26 8244 46 8302 12 8409 25 8575 49 8634 13 8742 24 8895 3 8907 51 8967 14 9075 23 9224 68 9299 15 9408 21 9549 78 9631 16 9741 19 9881 99 10073 19 10216 79 10296 17 10406 17 10554 91 10739 15 10888 88 11072 14 11221 73 11391 6 11405 13 11556 70 11722 9 11738 12 11889 69 12054 12 12070 13 12224 66 12385 30 12558 64 12717 30 12893 61 13049 31 13228 58 13382 31 13564 53 13714 31 13900 49 14046 32 14239 26 14378 33 14575 21 14711 34 14805 9 14909 17 15043 35 15136 13 15244 13 15375 36 15465 19 15580 8 15708 37 15778 41 16040 39 16106 49 16372 41 16436 54 16705 42 16766 60 17037 45 17098 63 17370 46 17429 67 17702 49 17758 73 18035 131 18367 133 18700 135 19032 138 19365 140 19698 142 20031 143 20363 146 20696 147 21029 149 21362 150 21694 152 22027 153 22360 154 22693 155 23026 156 23359 157 23571 3 23692 158 23896 1 23898 1 23900 10 24026 158 24228 16 24359 160 24560 18 24692 161 24893 19 25025 162 25225 21 25359 162 25558 22 25692 163 25891 22 26026 163 26224 22 26359 164 26557 23 26693 164 26891 22 27027 164 27224 22 27360 165 27557 22 27694 165 27890 22 28028 165 28223 22 28361 166 28556 22 28695 166 28889 22 29029 165 29222 22 29362 166 29556 22 29696 166 29890 21 30030 166 30225 19 30363 166 30559 18 30697 166 30894 15 31030 167 31228 14 31363 168 31562 13 31697 167 31896 13 32030 168 32231 11 32363 169 32564 12 32697 169 32899 10 33030 169 33233 9 33363 170 33567 9 33696 171 33901 10 34030 171 34235 12 34363 171 34569 13 34624 1 34696 172 34904 14 34954 6 35029 173 35238 13 35285 9 35362 174 35574 11 35617 11 35695 175 35908 10 35948 13 36028 176 36242 9 36280 14 36361 177 36576 8 36611 16 36694 178 36910 7 36943 17 37027 179 37247 1 37275 18 37360 180 37607 19 37693 181 37939 19 38026 182 38271 20 38359 183 38603 21 38692 184 38936 20 39025 185 39268 21 39358 186 39601 20 39691 187 39933 21 40024 188 40266 21 40357 190 40598 21 40690 191 40931 21 41023 192 41264 20 41356 194 41596 21 41689 195 41929 20 42022 196 42262 20 42354 198 42594 21 42687 199 42927 20 43020 199 43259 21 43353 200 43592 20 43686 200 43925 20 44019 200 44257 20 44351 199 44590 20 44684 197 44922 20 45017 196 45255 20 45350 195 45588 19 45683 194 45920 19 46015 195 46253 18 46348 194 46586 17 46681 194 46919 16 47014 194 47251 16 47346 195 47584 15 47679 195 47917 12 48012 194 48250 11 48345 194 48583 7 48677 195 48916 3 49010 195 49342 196 49675 196 50007 197 50340 197 50672 198 51004 200 51336 201 51668 202 52000 203 52332 204 52664 205 52995 207 53327 208 53574 3 53658 210 53907 3 53990 211 54240 4 54322 212 54572 6 54654 214 54905 7 54986 215 55238 8 55319 215 55571 9 55651 216 55903 12 55983 217 56236 13 56316 217 56569 16 56648 218 56902 18 56981 218 57235 21 57314 218 57567 25 57646 220 57900 28 57979 220 58233 30 58312 220 58565 32 58645 220 58898 33 58978 220 59230 35 59310 221 59562 37 59643 221 59895 38 59976 222 60227 40 60309 222 60558 43 60642 27 60673 191 60890 45 60975 20 61011 186 61221 48 61308 17 61347 183 61552 51 61641 16 61683 181 61883 53 61975 14 62017 180 62214 56 62308 14 62352 178 62546 57 62641 14 62686 177 62878 59 62975 12 63020 177 63210 60 63309 11 63355 175 63543 60 63643 9 63689 174 63876 61 63978 6 64023 174 64209 61 64358 172 64542 61 64692 171 64875 61 65027 169 65208 61 65361 168 65542 60 65696 166 65875 60 66031 164 66209 59 66366 162 66543 58 66701 160 66876 58 67036 157 67210 57 67371 155 67544 56 67706 153 67877 56 68042 149 68211 55 68380 101 68500 23 68545 54 68716 90 68841 14 68879 53 69053 79 69184 3 69215 50 69388 72 69549 49 69724 66 69885 46 70060 60 70220 44 70396 53 70554 43 70735 43 70889 41 71075 33 71224 39 71414 23 71559 37 71752 16 71894 35 72229 33 72564 31 72899 28 73235 25 73571 21 73907 17 74248 8
american_bulldog_37,25169 5 25509 11 25849 16 26190 19 26531 21 26872 24 27213 26 27548 35 27889 37 28217 1 28231 38 28557 8 28572 40 28896 14 28914 41 29230 68 29569 72 29909 74 30250 76 30591 78 30933 78 31274 80 31616 80 31958 81 32300 81 32642 81 32983 83 33325 83 33667 83 34009 83 34351 83 34693 84 35035 84 35377 83 35719 83 36061 83 36403 83 36745 82 37087 82 37430 81 37772 82 38114 83 38457 84 38799 86 39142 86 39484 87 39827 87 40170 87 40512 88 40855 88 41197 90 41540 91 41882 93 42225 94 42567 96 42910 96 43253 97 43595 99 43938 100 44281 102 44624 104 44966 115 45309 124 45651 131 45994 135 46337 138 46680 143 47022 148 47365 152 47708 157 48050 161 48393 166 48736 171 49078 175 49421 179 49764 183 50107 186 50449 189 50792 192 51135 193 51478 196 51821 197 52164 199 52507 201 52849 203 53192 205 53535 206 53878 208 54221 209 54564 210 54907 211 55250 212 55593 213 55936 214 56278 216 56621 217 56964 219 57307 220 57650 221 57993 222 58336 224 58679 225 59021 228 59328 5 59364 230 59653 27 59707 232 59990 36 60050 234 60324 45 60393 236 60653 59 60735 240 60991 64 61078 320 61421 320 61764 320 62107 320 62450 320 62793 320 63135 321 63478 321 63821 321 64164 321 64507 321 64850 321 65192 322 65535 322 65878 322 66221 322 66564 322 66907 322 67249 323 67592 323 67935 323 68278 323 68621 323 68964 323 69307 323 69650 323 69992 324 70335 324 70678 324 71021 324 71364 324 71707 324 72050 324 72393 324 72735 325 73078 325 73421 325 73764 325 74107 325 74450 325 74793 325 75136 325 75479 325 75822 325 76165 325 76508 325 76851 325 77193 326 77536 326 77879 326 78222 326 78565 326 78908 326 79251 326 79594 326 79937 326 80280 326 80622 327 80965 327 81308 327 81651 327 81994 327 82337 327 82680 327 83023 327 83366 327 83709 327 84051 328 84394 328 84737 328 85080 327 85423 327 85766 328 86108 329 86451 329 86794 329 87137 329 87480 329 87823 329 88165 330 88508 330 88851 330 89194 330 89537 330 89880 330 90223 330 90566 330 90909 330 91252 330 91595 330 91938 330 92281 330 92624 330 92967 330 93310 330 93653 330 93997 329 94340 329 94683 329 95026 329 95369 329 95712 329 96055 329 96398 329 96742 328 97085 328 97428 328 97771 328 98114 328 98457 328 98800 328 99143 328 99486 327 99829 327 100172 326 100515 326 100858 326 101201 326 101544 326 101886 327 102229 326 102572 326 102915 326 103258 326 103601 325 103944 325 104287 325 104630 324 104973 325 105316 325 105659 325 106002 325 106345 326 106688 326 107031 326 107374 326 107717 327 108060 327 108403 327 108746 328 109089 329 109432 329 109775 329 110118 329 110461 329 110804 329 111147 329 111490 329 111832 330 112175 330 112518 330 112861 330 113204 330 113546 331 113889 331 114232 331 114575 331 114918 331 115261 331 115604 331 115947 331 116290 331 116633 331 116976 331 117319 331 117662 331 118005 331 118348 331 118692 330 119035 330 119379 329 119722 329 120066 328 120411 326 120755 325 121100 323 121444 322 121788 321 122132 320 122476 319 122820 318 123163 318 123507 317 123851 102 123961 206 124194 97 124307 203 124538 88 124652 201 124882 80 124998 198 125226 77 125346 193 125570 74 125692 190 125914 71 126037 188 126258 68 126381 187 126603 65 126725 186 126948 62 127069 185 127293 59 127413 184 127638 57 127756 184 127983 53 128099 184 128329 49 128443 183 128675 45 128785 184 129022 40 129128 184 129370 34 129458 2 129472 183 129718 28 129800 198 130065 22 130142 199 130411 16 130485 199 130761 1 130828 199 131170 200 131513 200 131856 200 132199 200 132542 200 132885 200 133228 27 133256 172 133571 26 133601 170 133914 26 133945 169 134257 26 134289 168 134600 26 134633 167 134944 25 134976 167 135287 25 135320 166 135630 24 135663 166 135973 24 136007 165 136316 24 136350 165 136659 25 136693 165 137002 25 137037 164 137345 25 137380 164 137688 26 137724 163 138031 26 138067 163 138374 26 138410 163 138718 26 138754 162 139061 26 139097 162 139404 26 139441 161 139747 27 139784 161 140090 27 140128 160 140433 27 140471 160 140776 28 140815 159 141119 28 141158 159 141462 28 141502 158 141805 29 141845 158 142148 29 142189 157 142491 29 142533 156 142834 30 142876 156 143178 29 143220 155 143521 29 143563 155 143864 30 143907 154 144207 30 144251 153 144550 30 144594 153 144893 30 144938 152 145236 31 145282 151 145579 31 145626 150 145922 31 145969 150 146265 32 146313 149 146608 32 146657 148 146951 33 147000 148 147293 34 147344 147 147636 34 147687 147 147979 35 148031 146 148322 35 148374 146 148665 35 148717 146 149008 36 149061 145 149351 36 149404 145 149694 36 149747 145 150036 37 150090 145 150379 38 150433 145 150722 38 150776 145 151065 38 151119 145 151408 38 151462 145 151750 39 151805 145 152093 39 152148 145 152436 39 152491 145 152779 39 152834 145 153122 39 153177 145 153465 39 153520 145 153807 40 153862 146 154150 40 154205 146 154493 39 154548 146 154836 39 154890 147 155179 39 155233 147 155522 39 155576 147 155864 40 155918 148 156207 39 156261 148 156550 39 156603 149 156893 39 156946 149 157236 38 157289 149 157579 38 157631 150 157922 38 157974 150 158265 38 158317 150 158608 37 158660 150 158951 37 159003 150 159294 36 159346 150 159637 36 159689 150 159981 35 160032 150 160324 34 160375 150 160667 34 160718 150 161010 34 161060 151 161353 33 161402 152 161697 32 161745 152 162040 32 162087 153 162383 32 162429 154 162726 31 162772 154 163069 31 163114 155 163412 31 163457 155 163756 29 163800 155 164099 29 164143 155 164442 28 164486 155 164785 28 164829 155 165128 27 165172 155 165471 27 165516 154 165814 26 165859 154 166157 26 166202 154 166500 25 166546 153 166844 24 166889 153 167187 24 167233 152 167530 23 167578 7 167588 140 167873 23 167936 135 168216 23 168281 133 168559 23 168625 132 168902 22 168970 129 169245 22 169314 127 169588 21 169659 125 169931 21 170003 123 170274 21 170346 122 170617 20 170689 122 170960 20 171031 123 171303 21 171374 123
german_shorthaired_58,32507 6 32904 11 33303 14 33701 18 34099 26 34498 30 34896 34 35294 37 35693 38 36091 41 36488 44 36886 46 37284 47 37681 49 38080 49 38478 39 38523 4 38876 39 39275 39 39674 39 40072 40 40471 40 40870 40 41268 42 41667 42 42067 40 42466 32 42864 32 43263 32 43662 32 44061 33 44461 32 44860 32 45258 33 45658 33 46057 34 46456 34 46856 33 47256 32 47656 31 48056 30 48457 24 48857 23 49259 19 49661 15 50063 13 50466 9 50867 7 51268 4 96246 9 96630 47 97028 49 97426 51 97825 52 98225 52 98624 53 99024 53 99423 54 99823 54 100222 55 100298 2 100622 55 100695 9 101022 55 101093 12 101421 56 101491 15 101821 56 101890 17 102221 57 102289 19 102620 59 102688 20 103020 61 103087 22 103420 63 103485 24 103820 90 104219 91 104619 92 105019 92 105419 92 105818 93 106218 92 106618 90 107018 81 107417 67 107817 66 108217 64 108616 65 109016 64 109416 63 109816 63 110216 62 110616 61 111015 62 111415 62 111815 61 112215 61 112615 61 113014 62 113414 62 113814 62 114214 62 114614 62 115013 63 115413 63 115813 63 116213 63 116612 64 117012 64 117412 64 117812 64 118212 64 118611 65 119011 65 119411 65 119811 65 120211 66 120611 66 121010 67 121410 67 121810 67 122209 68 122609 69 123009 69 123408 70 123808 70 124207 72 124607 72 125007 72 125406 73 125806 73 126205 75 126605 75 127004 76 127403 78 127803 78 128202 79 128601 81 129001 81 129400 82 129799 83 130198 85 130597 86 130996 87 131395 88 131794 90 132194 90 132593 91 132992 92 133392 92 133791 93 134191 93 134590 94 134990 94 135389 96 135788 97 136188 97 136587 98 136987 98 137386 99 137785 100 138185 100 138584 101 138983 102 139383 102 139782 102 140181 103 140580 103 140979 104 141379 103 141778 104 142176 105 142575 106 142974 106 143372 108 143771 109 144169 110 144568 111 144968 111 145367 112 145766 113 146165 114 146563 116 146962 117 147360 119 147759 119 148158 120 148555 122 148953 124 149318 1 149352 125 149716 4 149750 127 150115 6 150148 129 150514 8 150546 131 150914 10 150946 131 151312 13 151347 130 151711 16 151748 129 152110 20 152148 129 152510 25 152545 131 152909 167 153309 167 153708 168 154108 168 154507 169 154907 168 155306 169 155706 169 156106 170 156505 171 156905 171 157305 171 157705 171 158105 171 158504 171 158904 171 159304 168 159704 166 160104 165 160504 163 160904 162 161303 162 161703 161 162103 161 162503 161 162902 161 163302 161 163702 160 164102 160 164502 159 164902 159 165302 158 165702 157 166102 157 166502 157 166902 156 167302 156 167702 155 168102 155 168502 154 168902 56 168972 84 169303 50 169376 80 169703 47 169779 77 170104 43 170182 73 170504 38 170585 71 170905 35 170989 40 171037 19 171305 32 171395 25 171438 18 171706 30 171803 10 171839 17 172107 28 172239 17 172509 25 172639 17 172911 22 173039 17 173313 19 173439 16 173716 15 173839 16 174119 11 174240 14 174522 7 174640 14 175040 12 175440 11 175840 10 176240 10 176640 10 177040 10 177440 10 177841 10 178241 10 178641 22 179041 22 179441 22 179842 21 180243 20 180644 17 181047 13 181452 4
american_bulldog_16,43810 6 44143 10 44476 15 44810 20 45143 27 45477 33 45811 35 46145 37 46479 48 46560 10 46812 54 46892 17 47147 59 47216 3 47225 23 47481 73 47560 26 47815 73 47895 27 48149 73 48230 29 48483 73 48565 31 48610 11 48817 72 48899 33 48940 21 49151 72 49233 67 49485 73 49568 69 49819 73 49902 72 50153 74 50236 78 50487 74 50570 45 50621 31 50822 74 50904 44 50958 33 51156 74 51238 44 51295 34 51490 75 51572 44 51632 34 51824 75 51906 44 51968 35 52158 76 52240 44 52304 36 52492 76 52574 44 52641 34 52826 76 52908 44 52978 15 53002 8 53160 76 53242 44 53316 4 53494 76 53576 44 53828 76 53910 44 54162 76 54243 45 54496 76 54577 45 54830 76 54911 45 55164 76 55245 45 55498 76 55579 45 55832 76 55913 45 56166 76 56247 45 56500 75 56581 46 56834 75 56915 46 57168 74 57250 46 57502 74 57584 46 57836 74 57919 45 58170 74 58254 45 58504 74 58588 46 58839 72 58923 46 59173 72 59257 46 59507 73 59591 47 59841 73 59925 48 60175 73 60258 49 60509 73 60592 50 60843 74 60925 52 61178 76 61258 54 61512 135 61846 21 61872 110 62181 16 62211 106 62515 14 62549 103 62850 11 62886 101 63185 8 63223 99 63521 4 63559 99 63895 16 63920 74 64231 11 64255 79 64568 5 64590 80 64924 83 65258 85 65592 87 65926 89 66023 27 66260 91 66355 31 66593 129 66926 130 67258 92 67371 15 67591 86 67921 73 68251 74 68584 73 68918 71 69253 54 69316 5 69587 52 69921 49 70255 46 70590 43 70924 41 71259 38 71594 35 71929 32 72267 27 72607 19 72923 8 72943 15 73256 11 73281 8 73589 13 73923 15 74256 18 74590 20 74924 26 75258 39 75591 46 75925 63 76259 65 76593 66 76927 68 77261 69 77595 70 77929 71 78263 72 78597 73 78931 75 79265 77 79599 79 79933 83 80267 85 80601 89 80935 92 81269 94 81604 96 81938 97 82272 99 82606 100 82940 101 83274 91 83374 2 83608 79 83943 76 84277 73 84611 71 84945 70 85279 68 85613 67 85947 66 86282 63 86616 62 86950 61 87284 60 87618 59 87952 58 88286 57 88620 56 88954 55 89288 54 89622 53 89956 53 90289 54 90623 54 90957 54 91290 55 91624 55 91958 55 92291 57 92625 57 92958 59 93292 59 93625 8 93639 47 93959 5 93976 44 94293 4 94311 44 94627 2 94648 42 94983 42 95319 41 95654 41 95989 41 96325 40 96660 40 96995 40 97331 40 97667 39 98002 39 98338 38 98673 39 99008 39 99345 38 99682 36 100018 36 100355 35 100691 34 101029 32 101367 30 101703 29 102043 25 102382 23 102718 24 103055 23 103391 23 103727 24 104065 21 104402 19 104739 17 105079 11
pug_188,24143 5 24356 10 24569 15 24783 17 24997 20 25212 21 25426 23 25641 24 25855 26 26070 27 26284 30 26499 31 26713 34 26783 15 26927 37 26968 6 26997 21 27142 49 27213 24 27356 51 27428 28 27570 53 27645 29 27784 55 27861 33 27998 57 28076 35 28212 60 28292 37 28427 61 28508 37 28641 63 28724 38 28856 64 28939 39 29070 67 29155 40 29285 68 29370 42 29499 70 29586 43 29714 71 29801 59 29870 7 29929 72 30017 79 30144 73 30232 81 30359 73 30448 82 30574 74 30663 83 30788 76 30878 83 31003 77 31094 82 31218 78 31309 82 31433 79 31524 82 31647 80 31740 81 31862 81 31955 81 32077 82 32170 81 32292 82 32385 81 32506 84 32601 80 32721 84 32816 80 32936 85 33031 80 33151 85 33246 80 33366 86 33461 80 33580 87 33676 80 33795 88 33891 80 34010 89 34106 80 34225 89 34321 80 34439 91 34536 80 34654 92 34751 80 34869 93 34965 81 35084 94 35179 82 35299 177 35514 177 35728 178 35943 178 36158 178 36373 178 36588 178 36803 178 37018 178 37232 179 37447 179 37662 179 37877 179 38092 179 38307 179 38522 179 38736 180 38951 180 39166 180 39381 180 39596 180 39810 181 40025 181 40240 181 40454 182 40669 182 40884 182 41098 183 41313 183 41528 183 41743 183 41958 183 42174 182 42389 182 42604 182 42819 182 43034 182 43249 182 43464 182 43679 182 43894 182 44109 182 44325 181 44540 181 44755 181 44970 181 45186 180 45401 180 45616 180 45832 179 46047 28 46081 145 46263 18 46300 17 46318 123 46479 15 46517 13 46538 118 46697 10 46733 10 46755 116 46949 8 46973 113 47166 5 47191 110 47409 107 47627 104 47846 100 48068 93 48288 88 48506 85 48724 82 48942 79 49159 77 49375 76 49591 75 49806 75 50022 74 50238 73 50453 73 50668 73 50884 72 51099 72 51314 72 51529 72 51745 71 51960 71 52175 71 52391 70 52606 70 52822 69 53037 69 53253 68 53470 66 53686 65 53903 63 54119 62 54335 61 54552 59 54768 58 54984 57 55201 34 55247 9 55418 28 55466 5 55637 18 55857 6
Egyptian_Mau_117,50797 1 51295 3 51794 4 52293 4 52792 5 53291 6 53789 8 54288 8 54787 9 55286 9 55784 10 56283 11 56782 11 57280 13 57779 14 58278 14 58776 16 59186 43 59274 17 59680 57 59772 19 60175 65 60270 21 60671 72 60767 23 61168 82 61261 29 61666 124 62164 126 62663 127 63161 129 63659 131 64157 134 64656 135 65154 137 65653 139 66152 140 66651 141 67150 142 67649 144 68148 146 68648 146 69147 147 69647 148 70146 149 70646 150 71145 152 71645 152 72145 153 72644 155 73144 155 73644 156 74143 158 74643 159 75143 160 75642 162 76142 162 76642 163 77142 164 77641 166 78141 166 78640 168 79140 169 79640 170 80139 173 80639 174 81139 174 81638 176 82138 177 82638 179 83138 180 83637 182 84137 183 84637 184 85137 185 85636 187 86136 189 86636 190 87136 191 87635 193 88135 195 88635 196 89135 198 89634 200 90134 201 90633 204 91133 205 91632 208 92132 209 92631 212 93131 214 93630 217 94129 220 94628 223 95127 226 95626 228 96126 230 96625 233 97124 236 97623 238 98123 240 98622 242 99121 244 99620 246 100120 247 100619 248 101118 250 101617 252 102116 254 102615 174 102803 67 103114 172 103306 65 103613 169 103812 59 104111 168 104317 55 104609 167 104825 47 105107 168 105332 41 105604 169 105842 3 105862 11 106100 172 106369 4 106584 188 107082 189 107581 189 108081 189 108581 189 109082 188 109582 188 110082 188 110583 149 110734 36 111083 141 111239 32 111584 136 111743 28 112084 132 112247 25 112585 127 112751 22 113085 125 113254 19 113586 122 113758 16 114086 120 114261 13 114586 118 114764 10 115086 116 115267 7 115586 114 116087 111 116587 110 117087 108 117587 106 118087 105 118587 103 119087 102 119587 100 120087 98 120587 96 121088 93 121588 92 122088 90 122588 88 123088 86 123588 84 124089 80 124589 78 125089 74 125589 64 125654 1 126089 54 126590 47 127090 42 127590 39 128090 34 128591 29 129092 24 129593 17 130094 11
staffordshire_bull_terrier_31,37379 5 37876 13 37891 4 38374 27 38873 31 39372 34 39871 38 40370 42 40699 7 40871 43 41197 12 41374 41 41695 16 41882 35 42194 20 42388 30 42464 5 42694 22 42891 28 42959 16 43193 26 43393 26 43456 20 43692 29 43895 25 43954 23 44192 31 44397 23 44452 25 44692 34 44809 19 44898 24 44949 29 45192 36 45305 31 45398 28 45446 32 45692 40 45802 38 45893 39 45944 34 46191 45 46299 45 46386 92 46691 73 46796 52 46875 102 47191 163 47361 116 47691 286 48190 287 48690 287 49189 288 49689 287 50189 287 50689 286 51189 286 51689 286 52189 286 52688 287 53188 287 53688 287 54188 287 54688 287 55188 286 55688 286 56187 287 56687 286 57186 287 57685 287 58184 288 58683 288 59182 288 59680 289 60178 289 60674 292 61167 298 61643 321 62139 323 62635 326 63132 327 63629 328 64126 329 64623 330 65120 331 65618 331 66115 331 66614 330 67112 330 67610 331 68109 330 68608 329 69106 330 69605 330 70104 330 70603 330 71102 330 71601 331 72100 331 72599 332 73098 332 73598 332 74097 333 74596 334 75095 334 75594 335 76093 336 76593 336 77092 337 77591 338 78090 339 78590 339 79090 338 79589 339 80089 339 80588 340 81088 340 81531 3 81587 341 82031 5 82087 340 82531 7 82587 340 83031 8 83087 340 83532 9 83586 341 84033 10 84086 340 84533 12 84586 340 85034 12 85085 341 85535 12 85585 341 86036 12 86084 342 86537 12 86583 343 87037 12 87082 344 87538 11 87581 344 88040 9 88081 344 88541 8 88581 344 89043 6 89081 344 89545 3 89581 344 90081 344 90581 344 91081 344 91581 344 92081 344 92581 344 93081 344 93581 344 94081 344 94581 344 95081 344 95582 343 96083 341 96584 340 97085 339 97585 339 98085 339 98586 338 99086 338 99586 337 100087 336 100587 336 101087 336 101587 336 102088 335 102588 335 103089 334 103589 334 104090 333 104590 333 105091 332 105592 331 106092 331 106593 330 107094 329 107594 329 108095 293 108392 31 108596 290 108896 28 109096 289 109398 26 109597 288 109901 23 110098 287 110402 23 110599 287 110905 20 111099 287 111407 18 111600 286 111909 16 112101 285 112411 14 112602 285 112913 13 113103 285 113414 11 113604 285 113916 10 114104 287 114417 8 114606 286 114919 6 115106 288 115421 3 115607 289 116108 291 116609 291 117110 292 117612 291 118113 290 118614 292 119115 293 119616 294 120117 306 120618 307 121120 307 121621 309 122123 309 122624 312 123126 315 123628 320 124130 333 124632 341 125134 359 125636 361 126140 359 126644 357 127150 196 127368 133 127668 171 127874 127 128175 159 128379 122 128679 151 128883 118 129182 143 129387 114 129685 136 129894 107 130188 127 130430 71 130691 109 130942 59 131194 83 131448 53 131697 78 131953 48 132200 75 132456 45 132703 73 132959 42 133206 72 133463 38 133709 77 133965 36 134213 76 134468 33 134718 26 134746 46 134970 31 135254 41 135473 28 135758 40 135975 26 136262 39 136478 23 136766 38 136981 20 137269 37 137484 17 137772 35 137988 7 138274 35 138777 32 139281 29 139784 27 140288 24 140790 23 141293 20 141795 19 142297 18 142799 16 143301 14 143802 14 144304 12 144806 10 145307 9 145809 7 146311 4
american_bulldog_72,50874 6 51326 58 51768 23 51815 70 52261 125 52756 129 53251 134 53747 138 54243 141 54739 145 55236 147 55733 149 56229 152 56726 154 57224 155 57721 157 58219 158 58717 160 59215 161 59713 163 60212 163 60712 163 61212 163 61712 163 62214 161 62716 158 63218 156 63721 152 64172 12 64223 97 64343 29 64611 2 64664 25 64725 91 64850 19 65108 8 65160 31 65227 86 65606 12 65655 38 65728 82 66105 16 66147 47 66230 79 66604 22 66641 54 66731 76 67104 92 67233 73 67604 93 67734 71 68104 94 68235 69 68603 96 68737 66 69103 97 69238 65 69603 98 69739 63 70103 99 70241 61 70603 101 70742 59 71102 103 71243 58 71602 104 71744 57 72102 105 72245 56 72602 106 72747 54 73101 108 73248 53 73601 110 73750 51 74101 111 74251 50 74602 111 74753 48 75101 113 75256 45 75601 114 75759 42 76101 115 76262 39 76601 116 76764 37 77101 117 77267 34 77601 118 77768 33 78101 119 78269 32 78601 120 78771 30 79101 121 79271 30 79601 122 79772 29 80101 123 80273 28 80601 123 80773 28 81101 124 81273 27 81601 124 81773 27 82101 124 82273 27 82601 124 82773 27 83101 123 83273 27 83601 123 83773 27 84101 122 84272 28 84601 121 84771 29 85100 121 85270 30 85600 120 85769 31 86100 119 86267 33 86600 118 86765 35 87100 117 87264 36 87600 116 87762 38 88101 114 88260 40 88601 113 88758 42 89101 112 89256 44 89601 111 89755 45 90101 110 90253 47 90601 109 90751 49 91101 108 91250 50 91601 107 91749 51 92101 106 92247 53 92601 105 92745 55 93101 104 93244 56 93601 102 93743 57 94101 101 94241 59 94601 100 94739 61 95101 99 95238 62 95601 99 95736 64 96101 98 96234 67 96601 97 96732 70 97100 97 97230 72 97600 97 97727 76 98100 97 98224 81 98601 97 98721 85 99101 98 99217 92 99601 100 99709 103 100101 220 100601 240 101101 254 101601 299 102101 302 102602 303 103102 303 103602 304 104103 303 104603 303 105104 302 105604 301 106105 299 106605 297 107106 20 107161 237 107608 15 107666 221 108109 10 108169 205 108672 193 109174 184 109676 176 110178 168 110680 162 111183 156 111685 152 112188 147 112691 142 113194 137 113696 133 114198 130 114701 125 115203 121 115705 117 116208 111 116711 105 117215 97 117722 30 117790 15 118235 7
leonberger_193,28788 4 29162 5 29536 6 29910 7 30285 8 30659 9 31033 10 31408 10 31782 11 32157 11 32531 12 32905 13 33279 14 33653 16 34027 17 34399 20 34773 21 35147 22 35520 24 35894 25 36268 26 36643 26 37017 26 37392 26 37766 27 38141 27 38516 27 38891 27 39266 27 39641 27 40015 28 40390 28 40765 28 41140 28 41515 28 41890 28 42265 28 42544 9 42640 28 42913 17 43015 29 43284 23 43390 29 43653 30 43765 29 44022 38 44141 28 44395 43 44516 28 44763 52 44891 28 45135 57 45266 28 45507 62 45640 29 45879 68 46015 29 46252 72 46390 29 46624 77 46765 29 46997 82 47140 29 47370 85 47515 29 47744 88 47890 29 48119 89 48265 29 48493 92 48640 29 48868 93 49014 30 49242 95 49389 30 49617 97 49764 30 49992 98 50138 31 50367 100 50513 31 50742 101 50887 32 51116 103 51261 33 51491 105 51635 34 51866 107 52009 35 52241 109 52382 37 52616 110 52756 38 52991 113 53128 41 53366 116 53500 44 53741 120 53870 49 54116 178 54491 179 54866 179 55241 179 55616 179 55991 179 56367 178 56742 178 57117 178 57492 178 57867 178 58242 178 58618 177 58993 177 59368 177 59743 177 60118 177 60493 177 60869 176 61244 176 61619 176 61994 176 62369 176 62745 175 63120 175 63495 175 63870 175 64246 174 64621 174 64996 174 65371 174 65746 174 66121 174 66497 173 66872 173 67247 173 67622 173 67997 172 68372 172 68747 172 69122 172 69498 171 69873 171 70248 171 70623 171 70998 171 71373 171 71748 171 72123 171 72498 171 72873 171 73248 170 73624 169 73999 169 74374 169 74749 169 75124 169 75500 168 75875 167 76250 167 76626 166 77001 166 77377 165 77752 164 78128 163 78504 162 78879 162 79255 160 79630 160 80006 159 80382 158 80757 157 81133 156 81509 155 81884 155 82260 153 82636 152 83011 152 83387 151 83763 150 84138 149 84514 148 84890 147 85265 147 85641 146 86016 146 86392 145 86768 144 87143 143 87519 142 87894 142 88270 141 88645 141 89021 140 89396 140 89772 139 90147 139 90522 139 90898 137 91273 137 91649 136 92024 136 92400 135 92775 135 93150 135 93526 134 93901 134 94276 134 94652 132 95027 132 95402 132 95777 132 96153 131 96528 131 96903 131 97278 131 97653 131 98028 130 98404 129 98779 129 99154 129 99529 129 99904 129 100279 129 100654 129 101029 128 101404 128 101779 128 102154 128 102529 128 102904 128 103279 128 103654 128 104029 128 104404 128 104779 128 105154 128 105529 128 105904 128 106279 127 106654 127 107029 127 107404 127 107779 127 108154 127 108529 127 108904 127 109278 128 109653 128 110028 128 110403 128 110778 128 111153 128 111528 127 111903 127 112278 127 112653 127 113027 128 113402 128 113777 128 114152 128 114527 128 114902 127 115277 127 115652 127 116027 127 116402 127 116777 127 117152 127 117527 127 117902 126 118276 127 118651 127 119026 127 119401 127 119776 127 120151 127 120526 127 120901 127 121276 126 121651 126 122026 126 122401 126 122776 126 123151 126 123526 126 123901 126 124277 124 124652 124 125027 124 125402 124 125777 124 126152 123 126527 123 126903 122 127278 121 127653 121 128028 121 128404 119 128779 119 129154 119 129529 118 129905 117 130280 116 130655 116 131031 115 131406 114 131782 113 132157 112 132533 111 132908 111 133284 109 133659 109 134035 108 134411 106 134787 105 135163 104 135539 102 135915 101 136291 100 136667 98 137044 96 137420 95 137796 93 138172 92 138549 90 138926 87 139303 85 139681 82 140060 77 140438 74 140818 68 141196 65 141576 59 141959 50 142338 45 142717 40 143097 32 143475 26 143859 7
american_pit_bull_terrier_193,11135 1 11433 4 11732 6 11912 30 12031 7 12205 41 12330 9 12500 50 12575 11 12630 9 12795 99 12929 10 13092 106 13229 10 13390 111 13528 11 13688 113 13828 12 13986 115 14127 13 14284 117 14427 14 14582 119 14727 14 14880 121 15026 16 15178 123 15326 17 15477 124 15626 17 15775 126 15925 19 16073 128 16225 20 16371 130 16525 21 16670 131 16825 21 16968 133 17125 22 17267 13 17286 112 17425 23 17565 13 17589 105 17725 24 17864 12 17891 97 18025 25 18163 12 18192 90 18325 27 18462 12 18493 85 18625 28 18761 13 18794 79 18925 29 19060 13 19095 75 19225 30 19361 11 19396 72 19526 30 19662 9 19697 69 19826 31 19965 4 19999 66 20126 32 20300 64 20426 33 20604 59 20726 34 20908 55 21026 36 21212 50 21326 37 21515 47 21626 40 21817 45 21925 44 22119 43 22225 50 22288 22 22420 42 22525 90 22721 40 22824 94 23022 40 23124 97 23322 40 23424 102 23540 1 23622 40 23725 124 23922 40 24025 128 24222 40 24325 131 24522 40 24626 132 24822 41 24927 133 25121 42 25227 135 25421 43 25528 135 25720 44 25829 136 26019 45 26130 136 26318 47 26431 137 26617 48 26731 139 26916 50 27032 140 27215 51 27332 142 27513 54 27633 143 27812 55 27933 145 28110 57 28233 147 28409 59 28533 149 28708 60 28833 150 29007 61 29133 151 29307 61 29433 152 29606 63 29733 152 29906 63 30033 153 30206 63 30333 154 30506 63 30633 155 30806 63 30933 155 31106 63 31233 156 31406 63 31533 156 31706 64 31832 157 32006 64 32132 158 32307 63 32432 158 32607 63 32732 158 32907 64 33032 159 33208 63 33332 159 33508 63 33632 159 33808 63 33932 160 34109 63 34232 160 34409 63 34532 160 34709 64 34832 160 35009 64 35132 160 35309 65 35432 160 35609 67 35732 161 35909 68 36033 160 36209 70 36333 160 36509 72 36633 160 36810 72 36933 160 37110 73 37233 160 37410 74 37534 159 37710 75 37834 159 38010 75 38134 159 38310 76 38434 159 38610 76 38734 159 38910 76 39034 159 39210 76 39334 158 39510 76 39635 157 39809 78 39934 158 40109 78 40234 157 40409 79 40534 157 40708 83 40834 156 41008 93 41134 156 41307 94 41434 155 41607 94 41734 155 41907 94 42034 154 42207 94 42333 155 42507 94 42633 154 42806 95 42933 153 43106 95 43233 152 43406 95 43533 151 43706 95 43833 150 44005 94 44133 149 44304 90 44434 147 44604 87 44734 146 44903 84 45034 145 45202 82 45334 145 45501 81 45634 144 45800 79 45934 143 46099 78 46234 142 46398 77 46535 141 46698 75 46835 140 46997 75 47135 139 47296 74 47435 138 47595 74 47735 138 47894 74 48035 137 48193 73 48335 136 48492 73 48635 136 48790 73 48935 135 49089 73 49235 135 49387 72 49535 135 49686 71 49834 137 49984 70 50134 138 50282 69 50434 139 50580 68 50733 213 51033 111 51162 82 51332 107 51465 78 51631 102 51768 73 51930 100 52070 70 52229 99 52371 68 52528 98 52673 65 52828 97 52974 63 53127 96 53276 59 53427 95 53578 56 53726 94 53880 52 54026 93 54182 48 54326 91 54484 44 54625 90 54787 39 54925 87 55092 30 55225 84 55396 21 55525 42 55579 27 55704 6 55825 38 55893 7 56125 36 56425 35 56724 35 57024 34 57324 33 57624 31 57924 30 58223 30 58523 29 58823 28 59123 26 59423 24 59723 23 60023 22 60323 20 60623 19 60924 17 61224 16 61525 14 61825 14 62126 12 62426 12 62727 10 63028 9 63329 8 63630 8 63931 7 64232 6 64533 6 64835 4 65137 1
newfoundland_136,48436 14 48933 26 49431 32 49929 36 50427 40 50926 43 51426 44 51925 45 52424 47 52923 48 53423 49 53922 50 54421 51 54920 53 55420 53 55919 54 56418 55 56916 57 57414 59 57912 61 58410 63 58906 68 59400 74 59895 79 60391 84 60888 87 61386 90 61884 92 62382 95 62880 97 63377 101 63873 105 64275 14 64369 110 64769 24 64864 115 65266 30 65359 121 65665 3 65763 35 65854 126 66164 5 66261 40 66348 132 66663 7 66758 46 66844 137 67162 9 67256 53 67339 142 67661 11 67753 61 67829 152 68160 14 68197 31 68249 232 68659 17 68692 289 69158 324 69657 325 70156 326 70655 327 71154 328 71654 328 72153 329 72653 329 73152 331 73652 331 74152 331 74652 332 75152 332 75652 333 76152 334 76652 335 77153 334 77653 335 78153 336 78653 337 79153 338 79653 340 80153 341 80652 343 81152 343 81652 344 82151 345 82651 345 83151 345 83651 345 84151 345 84651 344 85151 343 85650 343 86150 342 86650 341 87150 340 87650 339 88150 337 88650 336 89150 334 89650 333 90150 332 90650 331 91150 330 91650 330 92151 328 92651 328 93151 328 93651 327 94151 327 94651 327 95152 326 95652 327 96152 327 96652 327 97152 327 97652 327 98152 327 98652 327 99153 326 99653 326 100153 326 100653 327 101154 326 101654 326 102154 325 102654 325 103155 324 103655 325 104155 325 104656 324 105156 324 105656 324 106156 325 106656 325 107156 326 107656 327 108156 328 108656 329 109156 331 109656 332 110156 333 110656 335 111156 337 111656 339 112156 340 112656 341 113156 342 113656 343 114157 342 114657 342 115157 343 115658 342 116158 342 116659 341 117159 340 117660 339 118160 338 118661 335 119162 333 119663 30 119708 284 120164 24 120212 276 120665 19 120715 270 121167 15 121217 265 121668 11 121719 262 122170 7 122221 259 122723 256 123226 252 123728 250 124231 246 124733 244 125235 242 125738 239 126240 237 126742 235 127244 233 127746 231 128249 228 128752 224 129255 221 129758 218 130261 215 130764 212 131267 208 131772 25 131814 161 132277 14 132318 157 132822 153 133325 149 133829 145 134333 140 134837 136 135341 131 135845 126 136350 119 136855 113 137360 105 137864 95 138369 74 138876 60 139381 50 139884 43 140387 36 140890 30 141392 24 141895 18
Birman_75,45250 8 45686 14 46124 18 46562 22 47001 24 47439 27 47878 29 48317 31 48756 34 49195 36 49634 40 50074 42 50513 44 50952 47 51392 49 51831 50 52271 52 52710 54 53150 55 53589 57 54029 58 54468 60 54908 61 55348 61 55787 62 56227 63 56667 63 57107 63 57547 64 57986 66 58426 66 58866 67 59306 68 59745 70 60185 71 60625 72 61065 73 61504 76 61944 76 62384 78 62823 80 63263 80 63703 81 64143 82 64583 83 65022 85 65462 86 65902 87 66341 89 66781 90 67221 90 67660 92 68100 92 68540 93 68979 95 69419 96 69858 97 69999 9 70298 98 70435 15 70737 101 70872 22 71176 103 71304 35 71616 108 71735 47 72055 167 72494 169 72934 169 73373 171 73812 172 74251 174 74690 187 75129 189 75568 191 76007 193 76446 195 76885 198 77324 202 77763 205 78202 206 78641 208 79080 209 79519 211 79958 213 80397 214 80836 216 81275 217 81714 219 82153 220 82592 222 83031 224 83470 226 83909 229 84348 231 84787 234 85226 236 85665 238 86104 241 86543 243 86982 247 87421 250 87860 253 88300 256 88739 260 89178 265 89617 269 90056 272 90495 276 90934 279 91373 281 91812 284 92251 286 92690 289 93129 292 93568 295 94007 298 94446 300 94885 302 95324 305 95763 307 96202 311 96641 315 97080 323 97519 328 97958 332 98397 335 98836 338 99275 341 99714 343 100153 345 100592 347 101030 351 101469 352 101908 354 102347 356 102786 358 103225 360 103664 361 104103 362 104541 365 104980 366 105419 366 105858 367 106297 367 106736 368 107175 368 107613 369 108052 370 108491 371 108930 371 109369 372 109808 373 110247 373 110687 373 111126 373 111565 373 112004 375 112443 375 112882 375 113321 375 113760 376 114199 376 114638 376 115077 377 115516 377 115954 378 116393 378 116832 378 117271 378 117710 378 118148 380 118587 379 119026 379 119465 379 119903 380 120342 380 120780 381 121219 381 121657 382 122096 382 122534 383 122973 383 123411 384 123849 385 124287 385 124726 385 125164 386 125602 387 126040 388 126478 389 126916 389 127355 389 127793 390 128231 391 128669 392 129107 392 129545 392 129983 393 130421 394 130860 394 131298 394 131736 395 132174 395 132612 395 133050 396 133489 395 133927 395 134365 395 134803 379 135188 10 135242 377 135631 2 135680 376 136118 375 136557 373 136995 372 137434 371 137872 372 138311 372 138749 374 139187 375 139626 376 140065 376 140503 378 140942 379 141381 60 141453 308 141820 55 141896 304 142259 51 142336 304 142698 47 142777 302 143137 45 143217 302 143576 42 143657 301 144015 37 144097 300 144455 33 144536 300 144895 29 144976 300 145335 23 145416 300 145775 19 145855 301 146218 9 146295 301 146734 302 147173 303 147612 304 148052 305 148491 306 148930 307 149369 307 149808 307 150247 307 150687 307 151126 308 151565 311 152004 312 152443 313 152882 313 153321 313 153760 313 154199 313 154638 313 155077 313 155516 313 155955 311 156395 307 156834 306 157273 304 157712 304 158151 303 158590 302 159029 302 159468 301 159907 300 160346 300 160785 300 161224 299 161663 298 162102 298 162541 297 162979 298 163418 298 163857 298 164296 298 164735 298 165174 298 165613 298 166052 298 166491 298 166930 299 167368 300 167807 300 168246 300 168685 299 169124 299 169563 299 170002 299 170440 300 170879 299 171318 300 171757 300 172195 302 172634 302 173073 303 173512 304 173951 306 174390 308 174828 321 175267 324 175706 326 176145 327 176584 328 177023 329 177462 329 177901 329 178340 330 178778 331 179217 331 179656 331 180095 331 180534 331 180973 331 181412 331 181851 332 182290 332 182729 331 183169 330 183608 330 184047 330 184486 330 184925 330 185364 330 185803 330 186242 330 186681 330 187120 330 187559 330 187998 329 188437 329 188876 329 189315 329 189754 328 190192 329 190631 328 191070 328 191509 328 191948 328 192387 327 192826 327 193265 327 193704 326 194143 326 194582 326 195021 325 195460 325 195899 324 196338 324 196777 324 197216 305 197526 13 197655 304 197967 11 198094 302 198407 9 198533 287 198847 8 198972 286 199287 6 199411 285 199728 2 199850 284 200288 285 200727 284 201166 283 201605 283 202044 283 202483 282 202922 282 203361 282 203800 282 204239 282 204678 282 205117 282 205555 284 205994 284 206433 284 206872 285 207311 286 207750 287 208189 287 208627 288 209066 288 209505 288 209944 288 210382 289 210821 289 211259 290 211698 290 212136 291 212575 291 213013 293 213452 293 213890 294 214328 296 214766 298 215204 299 215642 302 216080 304 216518 305 216956 305 217395 303 217833 302 218271 215 218522 52 218710 205 218976 26 219149 198 219426 4
chihuahua_39,36568 13 36884 36 37215 40 37546 45 37877 50 38209 52 38541 56 38873 59 39205 61 39537 63 39869 65 40201 66 40534 66 40866 67 41198 68 41531 68 41863 69 42196 69 42528 71 42861 71 43193 73 43526 74 43858 76 44191 77 44524 79 44856 81 45189 82 45522 82 45855 83 46187 84 46520 84 46853 84 47186 84 47518 84 47851 84 48184 84 48517 84 48850 83 49183 83 49515 84 49848 84 50181 83 50514 83 50847 83 51180 82 51513 82 51846 82 52179 82 52512 82 52845 82 53178 82 53335 18 53511 83 53636 59 53845 82 53962 70 54178 83 54290 77 54511 84 54618 84 54845 85 54946 90 55178 192 55512 191 55845 192 56179 192 56513 191 56847 191 57181 190 57514 191 57848 191 58181 193 58513 194 58846 195 59179 196 59511 199 59843 201 60176 202 60508 205 60840 209 61173 212 61505 214 61837 216 62169 219 62501 220 62833 222 63166 222 63498 223 63830 224 64161 227 64493 233 64825 237 65157 239 65489 240 65821 240 66153 241 66484 242 66816 243 67148 243 67480 243 67812 243 68143 243 68475 243 68807 243 69139 243 69470 244 69801 244 70124 2 70132 245 70454 6 70464 246 70784 233 71021 21 71115 232 71356 18 71446 231 71690 16 71777 231 72023 16 72108 232 72356 15 72439 232 72689 15 72769 234 73021 16 73100 235 73354 15 73431 236 73686 16 73762 237 74018 16 74093 239 74351 15 74424 240 74683 16 74755 242 75015 16 75086 243 75347 16 75364 1 75418 244 75679 18 75749 245 76011 18 76081 22 76105 222 76343 18 76413 21 76437 223 76676 17 76745 21 76769 223 77008 17 77077 21 77101 223 77340 17 77408 249 77672 17 77740 249 78004 17 78072 250 78336 17 78404 250 78669 16 78736 251 79001 16 79068 251 79333 16 79400 252 79665 16 79732 252 79997 16 80064 21 80087 230 80329 16 80396 20 80419 230 80662 15 80728 20 80751 230 80994 15 81060 21 81083 231 81326 15 81392 22 81415 231 81658 15 81723 255 81989 16 82055 255 82321 16 82387 255 82653 16 82719 255 82985 16 83051 255 83317 16 83383 255 83649 16 83714 256 83981 16 84046 256 84313 14 84328 1 84378 255 84645 14 84660 1 84687 1 84710 255 84977 14 85019 1 85042 255 85310 12 85351 1 85374 255 85642 12 85682 3 85705 255 85974 12 86013 3 86037 255 86306 12 86345 3 86369 255 86638 12 86678 2 86701 254 86971 10 87033 254 87303 9 87341 1 87365 253 87635 9 87672 2 87696 203 87910 40 87967 8 88003 4 88028 199 88245 37 88299 8 88334 5 88360 197 88580 33 88632 7 88666 4 88692 194 88914 31 88964 7 88998 4 89024 190 89249 27 89296 6 89329 4 89355 187 89582 26 89628 6 89661 4 89687 186 89916 24 89960 6 89993 4 90019 185 90250 21 90292 5 90325 3 90351 184 90585 18 90623 6 90683 183 90923 12 90956 4 91014 183 91257 10 91288 4 91346 183 91590 8 91620 3 91677 184 91923 7 92008 184 92255 6 92340 184 92587 7 92672 184 92920 6 93004 183 93252 6 93336 183 93584 6 93667 184 93915 7 93999 184 94247 7 94331 184 94578 9 94664 183 94909 10 94996 183 95241 10 95328 183 95572 11 95661 182 95903 13 95993 183 96234 14 96326 182 96565 15 96658 182 96896 17 96991 181 97227 18 97323 182 97558 20 97656 1 97658 179 97889 21 97992 178 98220 23 98325 177 98551 25 98658 177 98882 26 98925 3 98984 1 98990 177 99213 28 99251 15 99324 176 99544 32 99578 22 99658 175 99875 58 99991 174 100206 59 100324 174 100538 59 100657 173 100869 60 100991 172 101200 61 101324 172 101531 62 101658 171 101861 64 101991 171 102192 65 102324 171 102523 66 102657 172 102852 69 102989 173 103182 71 103322 175 103512 73 103654 180 103835 82 103986 263 104318 263 104650 263 104982 263 105313 264 105645 264 105976 265 106308 265 106639 266 106971 266 107302 267 107633 268 107965 268 108296 219 108530 35 108627 215 108866 31 108958 213 109202 27 109289 211 109536 25 109620 208 109871 19 109892 1 109951 206 110209 9 110282 203 110613 202 110944 201 111275 200 111607 199 111938 199 112269 198 112601 197 112932 197 113263 197 113595 197 113926 197 114257 199 114588 200 114920 200 115251 201 115583 202 115914 203 116245 204 116577 204 116908 205 117240 79 117324 120 117571 77 117657 119 117903 69 117990 119 118234 66 118322 118 118566 63 118655 117 118897 63 118987 117 119229 62 119319 116 119560 63 119652 115 119892 62 119984 115 120223 62 120317 114 120555 61 120651 112 120886 62 120985 4 120995 99 121218 61 121331 96 121550 60 121666 93 121881 61 122001 90 122213 60 122340 83 122544 61 122673 82 122876 60 123006 81 123208 59 123339 81 123539 59 123671 81 123853 2 123871 59 124003 82 124184 3 124203 58 124333 85 124516 4 124534 58 124653 98 124848 4 124866 57 124980 104 125180 5 125198 55 125308 109 125512 5 125530 54 125636 115 125844 5 125861 36 125905 10 125965 120 126176 5 126193 31 126295 126 126509 4 126525 27 126594 11 126620 147 126841 4 126857 24 126911 192 127174 3 127189 23 127242 197 127507 2 127520 23 127571 202 127852 22 127902 205 128183 23 128233 207 128515 22 128564 209 128847 22 128895 211 129178 24 129225 213 129510 24 129555 216 129841 26 129884 219 130173 29 130208 152 130393 42 130506 178 130730 38 130838 171 131069 31 131171 168 131405 27 131504 165 131739 25 131838 161 132075 20 132172 157 132409 18 132505 154 132744 14 132841 147 133080 8 133176 141 133511 63 133614 31 133848 49 134185 28
basset_hound_84,23125 5 23498 6 23869 9 24241 11 24613 13 24985 13 25357 14 25729 15 26099 17 26471 18 26845 17 27218 16 27592 14 27966 13 28340 8 28714 5 29828 6 30201 8 30570 14 30941 17 31312 21 31685 23 32059 24 32432 26 32806 27 33180 28 33554 29 33928 31 34302 33 34676 34 35050 36 35424 37 35798 39 36173 39 36547 41 36921 42 37296 43 37670 44 38045 45 38420 45 38794 46 39169 47 39543 49 39918 49 40293 51 40668 52 41042 55 41417 59 41792 63 42167 66 42541 69 42916 72 43291 75 43666 98 44041 100 44416 101 44790 103 45165 104 45540 105 45915 106 46290 107 46665 107 47040 108 47415 109 47790 86 47877 23 48165 79 48257 19 48540 78 48633 19 48915 75 49010 18 49290 74 49387 17 49665 72 49764 16 50040 70 50140 16 50415 69 50516 16 50790 67 50892 16 51165 65 51268 16 51540 64 51644 16 51915 63 52020 15 52290 62 52397 14 52665 61 52773 13 53040 60 53149 12 53416 58 53526 11 53791 57 53902 9 54166 57 54278 8 54541 58 54655 6 54916 59 55291 60 55666 61 56041 62 56417 62 56792 63 57167 63 57542 64 57917 65 58292 65 58667 65 59042 65 59417 65 59792 65 60167 64 60543 63 60918 63 61293 62 61668 62 62043 61 62418 61 62793 60 63168 60 63543 59 63918 59 64293 59 64668 59 65044 58 65419 58 65794 58 66169 58 66544 58 66919 58 67294 58 67669 58 68044 58 68419 58 68794 58 69170 57 69545 57 69920 57 70295 57 70670 57 71046 57 71421 57 71796 57 72172 56 72547 56 72922 56 73298 55 73673 55 74049 54 74424 54 74800 53 75175 53 75550 53 75926 52 76301 52 76677 51 77052 51 77427 51 77803 50 78178 50 78553 50 78929 49 79304 49 79679 49 80054 49 80429 49 80804 49 81179 49 81555 48 81930 49 82305 49 82680 49 83055 49 83430 49 83805 49 84180 49 84555 49 84930 49 85305 49 85679 50 86054 50 86429 49 86804 49 87179 49 87554 49 87928 51 88303 51 88678 51 89052 52 89427 53 89801 55 90176 55 90550 57 90925 58 91299 60 91674 62 92048 66 92137 4 92423 67 92508 10 92797 70 92878 18 93172 74 93249 23 93546 103 93921 104 94296 105 94670 107 95045 108 95420 108 95795 109 96169 111 96544 112 96919 112 97294 112 97668 111 98043 93 98417 90 98792 87 99166 81 99541 79 99915 77 100289 77 100663 77 101037 77 101411 77 101784 78 102158 78 102532 79 102905 80 103279 81 103652 82 104026 83 104400 84 104774 84 105148 85 105522 85 105897 85 106271 86 106645 86 107019 86 107393 87 107767 87 108142 87 108516 87 108890 87 109264 88 109638 88 110013 87 110387 87 110762 85 111136 84 111511 82 111886 79 112261 76 112635 74 113010 72 113385 71 113760 70 114135 69 114510 68 114885 68 115260 67 115635 67 116010 67 116385 67 116760 67 117135 67 117510 67 117885 68 118261 68 118636 69 119011 70 119082 4 119386 76 119762 76 120137 77 120512 78 120887 78 121263 78 121638 80 122014 80 122391 7 122402 68 122781 64 123159 62 123537 60 123917 55 124311 6 124320 27 124700 22 125077 20 125454 18 125830 16 126206 15 126583 12 126960 7
Ragdoll_115,19203 5 19535 8 19867 10 20200 11 20532 13 20864 15 21197 16 21529 17 21862 17 22195 18 22527 19 22860 19 23192 21 23525 21 23858 21 24190 23 24523 23 24856 23 25188 25 25521 25 25854 25 26186 27 26519 27 26852 27 27184 29 27517 29 27850 29 28183 30 28515 31 28848 32 29181 32 29513 33 29846 34 30179 34 30511 35 30844 36 31176 37 31509 38 31841 39 32174 40 32506 41 32839 41 33172 42 33504 43 33837 44 34169 46 34502 46 34834 48 35167 49 35499 50 35832 51 36164 53 36497 54 36830 55 37162 57 37495 58 37827 61 38160 64 38492 78 38825 81 39157 83 39490 84 39822 86 40155 87 40487 88 40820 89 41153 89 41486 90 41819 90 42151 91 42484 91 42817 91 43149 92 43482 92 43814 94 44147 94 44479 95 44811 96 45144 96 45476 97 45797 5 45803 103 46125 114 46456 116 46787 118 47117 121 47447 124 47779 125 48110 127 48441 129 48772 131 49104 132 49435 134 49767 135 50099 136 50430 137 50762 138 51094 139 51426 140 51758 141 52091 141 52423 142 52755 143 53087 144 53419 145 53751 146 54084 146 54416 147 54748 148 55081 148 55412 150 55744 151 56075 153 56406 155 56737 157 57068 159 57400 160 57732 161 58064 162 58394 165 58725 167 59056 169 59388 171 59670 12 59718 174 60002 20 60046 179 60335 223 60669 223 61002 223 61336 222 61670 221 62003 222 62337 221 62671 220 63005 220 63338 220 63672 219 64007 218 64341 217 64675 216 65010 215 65344 214 65679 212 66013 211 66347 211 66682 209 67016 208 67350 207 67684 206 68018 205 68351 205 68685 204 69019 203 69352 203 69686 202 70019 202 70353 201 70686 200 71020 199 71353 199 71687 197 72020 197 72353 197 72686 196 73019 196 73352 196 73685 195 74018 195 74351 194 74684 194 75017 194 75350 193 75683 193 76016 192 76348 193 76681 192 77014 192 77347 191 77680 191 78013 190 78345 190 78678 189 79011 189 79344 188 79677 187 80010 187 80344 185 80677 184 81010 183 81343 183 81677 181 82010 181 82343 180 82676 180 83010 178 83343 178 83677 176 84010 176 84343 175 84677 174 85010 174 85344 172 85677 172 86011 171 86344 170 86677 170 87011 169 87344 169 87678 167 88011 167 88344 167 88678 166 89011 166 89344 165 89678 164 90011 164 90345 163 90678 163 91012 162 91345 162 91678 162 92012 161 92345 161 92679 160 93012 160 93345 160 93679 159 94012 159 94345 158 94679 157 95012 157 95345 157 95678 157 96011 157 96344 157 96677 157 97010 157 97343 157 97676 157 98009 157 98342 157 98675 157 99008 158 99341 158 99674 158 100007 158 100339 159 100672 159 101005 159 101338 160 101671 160 102004 160 102337 160 102670 160 103003 160 103336 160 103669 160 104003 159 104336 160 104670 159 105003 159 105337 158 105670 158 106004 157 106337 157 106671 156 107004 157 107338 156 107671 156 108005 155 108338 155 108671 155 109004 155 109338 154 109671 154 110004 154 110338 153 110671 153 111004 153 111337 153 111670 153 112004 152 112337 152 112670 153 113003 153 113337 152 113670 152 114003 152 114336 152 114669 152 115002 152 115335 152 115668 152 116001 152 116334 152 116667 152 117000 152 117333 152 117666 152 117999 152 118332 152 118665 152 118998 152 119331 152 119664 152 119996 154 120329 154 120662 154 120995 154 121328 154 121661 154 121994 154 122327 154 122660 154 122993 154 123326 154 123659 154 123992 154 124325 154 124658 155 124991 155 125324 155 125657 155 125991 154 126324 155 126657 155 126990 155 127323 155 127656 156 127989 156 128323 155 128656 155 128989 155 129323 155 129657 154 129990 154 130324 153 130657 153 130991 152 131324 153 131658 152 131991 152 132324 152 132657 152 132991 151 133324 151 133657 151 133991 150 134324 150 134657 150 134990 151 135324 150 135657 150 135990 150 136324 149 136657 150 136990 150 137324 149 137657 149 137990 149 138323 150 138657 149 138990 149 139323 149 139656 150 139989 150 140322 150 140655 150 140988 150 141321 150 141654 150 141987 150 142320 151 142653 151 142986 151 143319 151 143652 151 143985 151 144318 151 144650 152 144983 153 145316 153 145649 153 145982 153 146314 154 146647 154 146980 154 147313 154 147645 156 147978 156 148311 156 148644 156 148977 156 149310 156 149643 156 149975 157 150308 157 150641 157 150974 157 151307 157 151640 158 151973 158 152306 158 152639 158 152972 158 153305 158 153638 158 153971 158 154304 158 154637 158 154970 159 155303 159 155636 159 155969 159 156302 159 156635 159 156968 159 157301 159 157634 159 157967 159 158300 159 158632 160 158965 160 159298 160 159631 160 159964 160 160297 160 160630 160 160963 160 161295 161 161628 161 161961 161 162294 161 162627 161 162960 161 163293 161 163626 161 163959 161 164292 161 164625 161 164958 160 165291 160 165624 160 165956 161 166289 161
newfoundland_183,19925 27 19995 1 20408 52 20492 5 20881 94 20988 10 21375 126 21871 130 22365 136 22854 147 23346 155 23842 159 24338 163 24836 165 25197 15 25334 167 25695 20 25832 169 26193 24 26329 172 26691 28 26821 180 27190 30 27318 183 27688 33 27817 184 28187 35 28315 186 28686 37 28815 186 29184 40 29313 188 29683 42 29812 189 30181 45 30309 192 30679 48 30807 194 31176 52 31304 197 31675 54 31801 200 32173 57 32299 202 32671 60 32797 204 33169 64 33295 206 33667 67 33794 207 34165 71 34293 208 34664 74 34792 209 35162 79 35290 211 35661 85 35788 213 36159 94 36284 217 36658 107 36778 223 37156 345 37655 346 38154 347 38652 349 39151 350 39649 352 40148 353 40646 355 41145 356 41644 357 42142 359 42641 360 43140 361 43639 362 44138 363 44637 364 45136 365 45635 366 46134 367 46634 367 47133 368 47632 369 48132 369 48631 370 49130 371 49630 371 50129 372 50628 373 51127 374 51627 374 52126 375 52625 376 53124 377 53623 378 54122 379 54621 380 55121 380 55620 381 56119 382 56618 383 57117 384 57616 385 58115 386 58615 386 59114 387 59613 388 60112 389 60612 389 61111 390 61610 391 62109 392 62608 393 63107 394 63607 394 64106 395 64605 396 65104 397 65603 398 66103 398 66602 399 67101 400 67601 400 68100 401 68600 401 69099 402 69598 403 70098 403 70597 404 71097 404 71596 405 72095 406 72594 407 73094 407 73593 408 74093 408 74592 409 75091 410 75591 410 76090 411 76590 411 77090 411 77589 412 78088 413 78588 413 79088 413 79587 414 80087 414 80586 415 81085 416 81584 417 82084 417 82583 418 83083 418 83582 419 84082 419 84581 420 85080 421 85580 421 86078 423 86577 424 87076 425 87576 425 88075 426 88574 427 89074 427 89573 428 90073 428 90572 429 91072 429 91571 430 92071 430 92570 431 93070 431 93569 432 94069 432 94569 432 95068 433 95568 433 96068 433 96567 434 97067 434 97567 434 98066 435 98566 435 99065 436 99565 436 100065 436 100565 436 101064 437 101564 437 102064 437 102563 438 103063 438 103563 438 104063 438 104562 439 105062 439 105562 439 106062 439 106562 439 107062 439 107562 439 108061 440 108561 440 109061 440 109561 440 110061 440 110561 440 111060 441 111560 441 112060 441 112560 441 113059 442 113559 442 114059 442 114559 442 115059 442 115559 442 116059 442 116559 441 117059 440 117559 440 118059 440 118559 440 119059 440 119559 439 120059 439 120559 439 121059 438 121559 438 122059 438 122559 438 123059 438 123559 438 124059 438 124559 437 125059 437 125559 437 126059 437 126559 437 127059 437 127559 437 128059 437 128559 437 129059 437 129559 437 130059 437 130559 437 131059 437 131559 437 132059 437 132559 437 133058 438 133558 438 134058 438 134558 438 135058 438 135558 439 136058 439 136558 439 137058 439 137558 439 138058 440 138558 440 139058 440 139558 440 140058 441 140558 441 141058 441 141558 441 142058 441 142558 441 143058 441 143558 441 144058 441 144558 441 145058 441 145558 441 146058 441 146558 441 147058 442 147558 442 148059 441 148559 441 149059 442 149560 441 150060 441 150560 441 151061 440 151561 440 152062 439 152562 439 153062 439 153563 438 154063 438 154564 437 155064 437 155564 437 156065 436 156565 436 157066 435 157566 435 158067 434 158567 434 159068 433 159568 433 160069 432 160569 432 161070 431 161570 431 162071 430 162571 430 163072 429 163572 429 164073 428 164574 427 165074 427 165575 426 166076 425 166576 425 167077 424 167577 424 168078 423 168579 422 169079 422 169580 421 170081 420 170581 420 171082 419 171582 419 172083 418 172584 417 173084 417 173585 416 174086 415 174586 415 175087 414 175588 413 176089 412 176589 412 177090 411 177591 410 178092 409 178593 408 179094 407 179595 406 180097 404 180598 403 181099 402 181601 400 182102 399 182604 397 183105 396 183607 394 184108 393 184610 391 185111 390 185613 388 186114 387 186616 385 187118 383 187619 382 188121 380 188622 379 189124 377 189625 376 190127 374 190628 373 191129 372 191631 370 192132 369 192634 367 193135 366 193636 365 194137 364 194639 362 195141 360 195643 358 196145 136 196284 217 196646 126 196789 212 197149 110 197294 207 197652 101 197800 201 198156 92 198305 196 198660 80 198812 189 199163 68 199319 182 199668 56 199822 179 200172 46 200326 175 200679 30 200830 171 201186 14 201333 168 201837 164 202340 161 202842 159 203345 156 203848 153 204351 150 204854 147 205357 144 205859 142 206361 140 206863 138 207364 137 207866 135 208368 133 208869 132 209371 130 209872 129 210374 127 210875 126 211376 125 211877 124 212378 123 212880 121 213381 120 213883 118 214384 117 214886 115 215388 113 215891 110 216393 108 216896 105 217400 100 217905 94 218411 87 218938 58 219459 31 219969 13
saint_bernard_132,14178 9 14206 6 14551 16 14576 13 14925 41 15299 43 15672 46 16046 47 16418 51 16789 56 17161 59 17534 62 17907 64 18282 64 18656 65 19030 67 19403 69 19777 70 20138 7 20149 73 20511 86 20885 88 21258 90 21632 91 22006 92 22380 93 22754 94 23128 94 23502 95 23876 96 24250 97 24624 98 24998 99 25371 101 25745 102 26119 103 26493 104 26866 106 27241 106 27615 107 27989 108 28363 109 28737 110 29110 112 29484 113 29858 114 30231 116 30605 117 30979 118 31352 120 31726 121 32101 121 32475 122 32849 122 33223 123 33597 124 33971 125 34345 126 34720 126 35094 127 35468 128 35843 128 36217 129 36592 129 36966 130 37340 131 37715 130 38089 131 38464 130 38838 131 39213 130 39587 130 39962 130 40336 130 40711 130 41086 129 41460 129 41835 129 42209 129 42584 128 42958 129 43333 128 43708 127 44082 127 44457 126 44832 125 45206 125 45581 124 45956 124 46330 124 46705 123 47080 122 47455 121 47829 121 48204 120 48579 120 48953 120 49328 120 49703 119 50078 119 50453 118 50827 119 51202 118 51577 118 51952 117 52326 118 52701 117 53076 117 53451 117 53826 116 54200 117 54575 117 54950 116 55325 116 55699 117 56074 116 56449 116 56824 116 57199 116 57574 115 57949 115 58324 115 58699 114 59074 114 59449 114 59824 114 60199 114 60575 113 60950 113 61326 112 61701 112 62077 111 62453 110 62828 111 63204 110 63580 109 63955 109 64331 108 64706 109 65082 108 65457 108 65833 107 66208 107 66583 107 66959 106 67334 106 67709 106 68084 106 68459 106 68835 105 69210 105 69585 105 69960 105 70335 105 70710 105 71085 105 71460 105 71835 106 72209 107 72584 107 72959 107 73334 107 73708 108 74083 108 74458 107 74832 108 75207 108 75581 109 75955 110 76329 111 76703 112 77077 113 77449 116 77820 120 78191 124 78564 126 78938 127 79312 128 79686 129 80060 130 80434 131 80809 131 81183 132 81558 132 81932 133 82307 133 82681 134 83056 133 83431 133 83805 134 84180 134 84555 133 84929 134 85304 134 85679 134 86053 134 86428 134 86803 134 87178 133 87552 134 87927 134 88302 133 88676 134 89051 134 89425 135 89800 135 90174 135 90549 135 90923 136 91298 136 91672 137 92046 138 92420 139 92794 140 93168 141 93542 142 93916 143 94290 144 94664 144 95038 145 95412 146 95786 147 96160 148 96534 148 96908 149 97282 150 97656 151 98029 152 98401 155 98774 157 99147 158 99521 159 99895 158 100269 157 100643 157 101017 157 101390 158 101764 158 102138 158 102512 158 102886 157 103260 157 103635 155 104009 153 104383 152 104758 150 105132 149 105506 148 105880 148 106255 147 106629 147 107003 148 107378 146 107752 146 108126 147 108501 146 108875 147 109249 148 109624 147 109998 147 110372 148 110746 148 111121 148 111296 2 111495 149 111670 4 111869 150 112045 4 112244 150 112419 6 112618 151 112794 6 112992 152 113169 6 113367 152 113544 6 113741 153 113919 6 114116 154 114294 6 114490 155 114669 6 114865 155 115044 6 115240 156 115419 6 115615 157 115793 7 115990 157 116169 6 116365 158 116544 6 116739 160 116919 6 117114 160 117294 6 117489 161 117670 5 117864 161 118045 5 118239 161 118420 5 118614 161 118795 5 118989 161 119170 5 119364 161 119545 5 119739 161 119920 5 120114 161 120295 6 120489 160 120670 6 120864 160 121045 7 121239 159 121419 8 121614 159 121795 7 121989 159 122170 7 122364 159 122546 6 122739 158 122921 5 123114 158 123297 3 123490 157 123865 157 124241 156 124617 156 124994 154 125372 151 125749 149 126126 147 126501 148 126877 147 127253 146 127628 147 128003 147 128379 146 128754 147 129129 147 129303 4 129504 147 129678 4 129879 147 130053 5 130254 147 130427 7 130629 146 130802 8 131004 146 131177 8 131379 146 131552 9 131754 146 131926 11 132129 145 132301 11 132504 145 132675 13 132879 145 133050 13 133254 145 133425 14 133629 145 133800 14 134004 144 134174 16 134379 144 134549 16 134754 144 134923 18 135130 144 135298 18 135506 143 135672 19 135881 143 136047 20 136257 143 136421 21 136633 142 136796 22 137010 141 137171 22 137386 140 137546 22 137763 139 137920 23 138139 138 138295 23 138516 137 138670 24 138892 136 139045 24 139268 136 139419 25 139645 134 139794 25 140021 133 140169 25 140397 133 140544 25 140774 131 140919 25 141150 131 141294 25 141527 129 141669 26 141904 128 142044 26 142280 127 142419 26 142657 125 142794 26 143033 125 143169 26 143410 123 143544 26 143787 121 143920 26 144164 14 144186 97 144295 26 144541 9 144563 94 144670 26 144940 92 145046 25 145316 91 145421 25 145692 89 145797 24 146069 86 146172 24 146445 84 146548 24 146821 83 146923 24 147198 79 147298 24 147576 75 147674 23 147963 60 148049 23 148371 25 148425 22 148749 20 148800 22 149127 15 149175 23 149504 12 149551 22 149880 9 149926 22 150258 4 150302 21 150677 22 151053 21 151428 21 151804 21 152179 21 152555 20 152930 21 153306 20 153681 20 154057 20 154432 20 154807 20 155183 19 155558 20 155933 20 156309 19 156684 19 157059 20 157435 19 157810 19 158185 19 158560 19 158936 18 159311 18 159687 17 160062 17 160438 16 160814 15 161189 15 161565 14 161941 13 162317 12 162693 11 163068 11 163444 10 163820 9 164195 10 164570 10 164946 9 165321 9 165696 9 166072 8 166447 9 166822 9 167197 9 167572 9 167948 8 168323 8 168698 8 169074 7 169449 7 169824 7 170200 6 170575 6 170951 4 171327 3
saint_bernard_17,33242 2 33616 3 33990 4 34365 4 34740 3 35116 1 56369 7 56742 13 57116 23 57309 5 57490 31 57681 11 57864 36 58054 15 58239 43 58427 18 58613 52 58801 20 58988 55 59175 22 59362 58 59548 24 59737 62 59922 26 60112 64 60296 28 60487 68 60669 30 60861 72 61043 32 61236 75 61416 34 61611 78 61789 37 61986 80 62163 38 62360 83 62536 41 62735 85 62908 44 63110 87 63281 47 63485 89 63654 49 63859 93 64027 51 64234 95 64401 53 64609 98 64773 56 64983 100 65146 59 65358 102 65519 61 65733 103 65891 65 66108 104 66264 67 66482 106 66637 70 66857 106 67011 71 67232 107 67385 73 67606 109 67759 74 67981 109 68132 77 68356 110 68506 78 68730 112 68880 80 69105 112 69253 82 69479 113 69627 84 69854 114 70001 85 70228 116 70374 88 70603 117 70748 90 70977 118 71122 91 71351 120 71495 94 71725 122 71869 95 72099 124 72242 98 72474 125 72614 101 72847 128 72987 104 73220 133 73358 108 73594 248 73965 252 74333 259 74700 268 75069 274 75441 278 75813 281 76184 286 76557 288 76930 291 77303 293 77677 295 78050 297 78424 299 78798 300 79172 302 79546 303 79919 306 80293 307 80668 308 81042 309 81416 311 81790 312 82165 313 82539 314 82913 316 83288 316 83662 318 84037 318 84411 320 84786 320 85161 321 85535 323 85910 323 86285 324 86660 325 87034 326 87409 327 87784 327 88159 328 88534 328 88909 329 89284 329 89659 329 90034 330 90408 331 90783 332 91158 332 91533 333 91908 334 92283 334 92658 335 93033 335 93407 263 93674 70 93782 260 94051 69 94157 259 94428 69 94532 258 94804 69 94907 257 95180 68 95282 257 95555 69 95657 256 95931 69 96032 256 96307 69 96407 255 96683 68 96782 255 97058 68 97157 255 97434 67 97532 254 97810 66 97907 254 98185 66 98282 254 98561 65 98657 253 98936 65 99032 253 99312 64 99407 253 99688 63 99782 253 100063 63 100157 252 100439 62 100532 252 100814 62 100907 252 101190 61 101282 252 101565 61 101657 252 101940 61 102032 252 102316 60 102407 252 102691 60 102782 252 103067 59 103157 252 103442 59 103532 252 103818 58 103907 252 104193 58 104282 252 104569 57 104657 252 104944 57 105032 253 105320 56 105407 253 105695 56 105782 253 106070 56 106157 253 106446 55 106532 253 106821 55 106907 253 107197 54 107282 253 107572 54 107657 253 107948 53 108032 253 108323 53 108407 253 108699 52 108782 253 109074 52 109157 253 109449 52 109532 253 109825 51 109907 253 110200 51 110282 253 110576 50 110657 253 110951 50 111033 252 111327 49 111408 252 111702 49 111783 252 112078 48 112158 252 112453 48 112534 251 112829 47 112909 251 113205 46 113284 251 113581 45 113660 250 113957 44 114035 250 114332 44 114410 250 114708 43 114786 249 115085 41 115161 249 115461 40 115537 248 115837 39 115912 248 116214 37 116287 247 116590 36 116662 247 116966 35 117038 246 117343 33 117413 246 117719 32 117789 245 118095 31 118164 245 118472 29 118539 245 118848 28 118915 244 119224 27 119290 243 119600 26 119666 242 119976 25 120041 242 120353 23 120417 241 120729 22 120792 241 121105 21 121168 240 121481 20 121543 239 121857 19 121919 238 122233 18 122295 237 122609 17 122671 236 122986 15 123046 236 123362 14 123422 235 123738 13 123798 233 124115 11 124174 232 124491 10 124550 231 124868 8 124926 229 125245 6 125302 228 125625 1 125678 227 126054 226 126429 225 126805 224 127181 222 127557 221 127933 219 128309 218 128685 216 129061 215 129437 214 129813 212 130189 211 130565 210 130941 208 131317 207 131693 206 132068 205 132444 204 132820 203 133196 202 133572 201 133948 200 134323 200 134699 199 135075 198 135451 197 135827 196 136203 196 136579 195 136955 194 137331 193 137707 192 138083 192 138459 191 138835 190 139211 189 139588 188 139964 187 140340 186 140717 185 141094 183 141472 180 141850 178 142229 174 142608 171 142994 161 143374 156 143756 150 144153 129 144531 127 144909 124 145286 123 145663 122 146040 121 146417 120 146793 120 147170 119 147547 118 147924 117 148301 116 148678 115 149056 114 149434 112 149813 24 149838 86 150196 5 150221 89 150599 89 150976 89 151353 90 151730 90 152106 91 152483 92 152860 91 153237 91 153614 91 153990 92 154368 91 154744 92 155121 92 155498 92 155874 92 156250 92 156626 92 157003 91 157379 91 157755 91 158131 91 158507 91 158883 91 159259 90 159635 90 160011 90 160387 90 160764 89 161140 89 161516 90 161893 90 162269 90 162646 90 163022 91 163398 92 163775 92 164151 93 164528 94 164904 97 165281 95 165657 94 166034 92 166411 90 166787 89 167164 87 167541 85 167918 83 168295 81 168672 79 169050 76 169428 73 169807 69 170186 65 170563 63 170941 60 171321 55 171698 53 172077 49 172455 46 172832 44 173210 41 173587 39 173964 37 174341 35 174717 34 175094 32 175471 30 175847 29 176224 27 176601 25 176977 24 177354 22 177731 20 178108 18 178485 16 178862 14 179240 11 179618 8
pug_185,7872 4 8094 7 8317 9 8540 11 8763 13 8986 15 9209 17 9431 20 9653 23 9875 26 10098 28 10322 29 10545 31 10769 32 10993 33 11217 34 11441 35 11666 35 11890 36 12114 37 12338 38 12562 39 12786 40 13010 41 13235 41 13459 42 13682 44 13906 45 14129 47 14343 58 14564 62 14786 65 15006 70 15229 72 15451 75 15675 76 15898 78 16121 80 16344 82 16568 83 16792 84 17016 85 17240 86 17464 87 17688 88 17912 89 18136 90 18360 91 18584 92 18748 10 18808 93 18971 18 19033 93 19194 24 19257 94 19418 28 19481 95 19642 31 19705 96 19866 35 19930 96 20090 37 20154 97 20315 39 20378 98 20539 42 20601 100 20764 44 20825 101 20988 47 21048 103 21213 50 21270 106 21438 163 21662 164 21887 164 22112 164 22336 165 22561 165 22786 165 23011 165 23235 166 23460 166 23685 166 23909 167 24134 167 24359 167 24583 168 24808 168 25032 169 25257 169 25481 170 25705 171 25929 172 26154 172 26378 173 26603 173 26827 174 27052 174 27276 175 27501 175 27726 175 27951 175 28175 176 28400 176 28625 176 28851 175 29076 175 29301 175 29526 175 29751 175 29977 174 30202 174 30427 174 30652 174 30877 174 31103 173 31328 173 31553 173 31778 173 32003 173 32229 172 32454 172 32679 172 32904 172 33129 172 33354 172 33579 172 33803 173 34028 173 34253 173 34478 173 34703 173 34928 173 35153 173 35378 173 35603 173 35828 173 36052 174 36277 174 36502 174 36727 174 36952 174 37177 174 37402 174 37627 174 37852 174 38077 174 38302 174 38527 174 38752 174 38977 174 39202 174 39427 174 39651 175 39876 175 40101 175 40326 175 40551 175 40775 176 41000 176 41225 176 41449 177 41674 177 41899 177 42123 178 42348 178 42573 178 42798 178 43023 178 43248 178 43473 178 43698 178 43923 178 44148 178 44374 177 44599 177 44824 177 45049 177 45275 176 45500 176 45725 176 45950 176 46176 175 46401 175 46626 175 46852 174 47077 174 47302 174 47528 173 47753 173 47978 173 48203 173 48429 172 48654 172 48879 172 49104 172 49330 58 49394 107 49555 54 49622 104 49780 53 49852 99 50006 50 50080 96 50231 49 50308 93 50456 49 50535 91 50682 47 50762 89 50907 46 50988 88 51133 44 51215 86 51358 43 51441 85 51584 41 51667 84 51810 39 51894 80 52035 37 52123 72 52261 33 52354 40 52487 30 52587 21 52714 24 52817 10 52942 13
pomeranian_122,24002 7 24290 17 24582 21 24874 25 25166 29 25457 33 25748 38 26040 43 26331 48 26622 52 26914 56 27206 59 27497 63 27789 66 28080 70 28371 74 28663 77 28955 80 29247 84 29538 88 29827 94 30116 101 30407 105 30697 111 30985 118 31273 126 31561 133 31852 137 32145 139 32438 141 32731 143 33025 144 33319 145 33613 146 33907 147 34201 149 34496 149 34790 151 35085 151 35379 153 35673 154 35967 155 36262 156 36556 157 36851 157 37145 158 37440 158 37734 160 38029 160 38323 161 38618 161 38912 163 39207 164 39501 167 39795 169 40089 170 40383 170 40677 170 40971 110 41091 50 41265 108 41387 48 41559 106 41682 47 41853 105 41978 45 42147 104 42273 45 42441 103 42567 45 42735 102 42862 44 43029 101 43157 43 43323 101 43451 43 43616 101 43746 42 43910 101 44040 42 44204 101 44334 43 44497 102 44628 43 44791 102 44922 43 45084 104 45216 44 45377 105 45509 45 45670 107 45802 47 45963 109 46095 48 46256 111 46388 50 46549 114 46680 52 46842 118 46972 55 47134 122 47263 58 47427 188 47720 189 48013 189 48305 190 48598 190 48891 174 49073 7 49184 170 49478 168 49771 167 50065 165 50359 163 50652 163 50947 160 51241 158 51535 157 51830 155 52126 152 52421 150 52718 146 53015 143 53311 140 53607 138 53903 135 54199 133 54494 131 54789 130 55084 128 55379 126 55674 124 55968 123 56263 121 56558 118 56852 117 57146 116 57440 115 57734 114 58029 112 58323 112 58617 111 58911 111 59206 109 59500 109 59794 108 60088 108 60383 107 60677 106 60971 106 61265 105 61559 105 61853 104 62147 103 62442 102 62736 101 63030 101 63324 100 63618 100 63912 99 64207 98 64501 97 64795 97 65089 96 65383 96 65677 96 65972 94 66266 94 66560 94 66854 93 67148 93 67442 93 67736 93 68030 93 68324 92 68618 92 68912 92 69206 92 69500 91 69794 91 70088 91 70382 91 70676 90 70970 90 71264 89 71559 88 71853 87 72148 85 72442 85 72737 83 73031 81 73326 79 73620 77 73915 75 74209 73 74504 71 74798 70 75093 67 75387 66 75681 66 75976 64 76271 62 76566 60 76861 58 77156 56 77451 53 77746 51 78042 48 78337 46 78633 43 78928 41 79224 38 79520 34 79817 29 80115 18
havanese_108,26764 8 27134 24 27163 11 27485 68 27857 74 28229 78 28602 82 28975 86 29348 90 29721 93 30095 96 30468 99 30842 101 31216 104 31341 28 31589 108 31710 39 31963 113 32079 48 32167 5 32337 173 32533 19 32710 220 33084 224 33458 228 33832 232 34206 235 34580 240 34954 244 35328 249 35702 253 36076 256 36450 260 36824 263 37198 266 37572 269 37946 271 38321 273 38695 277 39069 280 39443 284 39817 287 40191 290 40565 177 40748 110 40939 171 41128 107 41313 170 41505 107 41687 168 41882 110 42061 168 42258 114 42435 168 42634 117 42809 168 43010 116 43183 168 43385 116 43557 168 43761 115 43931 169 44137 114 44305 170 44512 114 44680 169 44887 114 45054 170 45263 113 45429 170 45638 113 45803 171 46013 113 46177 172 46388 113 46552 172 46763 113 46926 174 47138 113 47301 174 47513 113 47675 175 47888 113 48050 176 48263 113 48424 178 48638 113 48799 178 49012 114 49173 180 49387 114 49548 181 49761 115 49922 183 50136 115 50297 183 50510 116 50672 184 50885 116 51046 186 51259 117 51421 187 51633 118 51795 189 52006 120 52170 191 52380 121 52545 193 52753 123 52919 197 53126 125 53294 332 53669 332 54044 332 54419 332 54794 332 55169 332 55544 332 55919 332 56294 332 56668 333 57043 333 57418 333 57793 333 58168 333 58544 332 58919 332 59294 332 59669 332 60044 332 60419 332 60794 332 61169 332 61544 332 61919 332 62294 332 62670 331 63045 331 63420 331 63795 331 64171 330 64546 330 64921 330 65297 329 65672 329 66047 328 66423 327 66798 326 67173 326 67549 325 67924 324 68299 324 68675 323 69050 323 69425 322 69800 322 70176 320 70551 320 70926 319 71301 319 71677 318 72052 317 72427 317 72802 316 73177 316 73552 316 73927 316 74303 314 74678 314 75053 314 75428 313 75803 313 76178 313 76553 313 76929 312 77304 311 77679 311 78054 310 78429 310 78804 309 79179 309 79555 308 79930 308 80305 307 80680 307 81055 307 81430 306 81805 306 82180 306 82556 305 82931 304 83306 304 83681 304 84056 304 84431 304 84806 303 85181 303 85557 301 85932 301 86307 300 86682 299 87057 298 87432 297 87807 297 88183 295 88558 294 88933 294 89308 293 89683 292 90058 292 90433 291 90807 292 91182 292 91557 291 91931 292 92306 291 92681 291 93056 291 93430 291 93805 291 94180 291 94554 291 94929 291 95304 291 95679 166 95851 8 95868 101 96053 162 96247 97 96428 160 96624 95 96803 158 97000 93 97178 156 97376 92 97553 155 97752 91 97928 155 98128 89 98303 155 98504 88 98678 155 98880 87 99053 155 99256 85 99428 155 99632 84 99803 155 100007 84 100178 155 100383 82 100552 156 100758 82 100927 157 101134 80 101302 158 101509 80 101677 159 101884 80 102052 162 102260 78 102427 168 102635 78 102801 180 103010 77 103176 182 103385 77 103551 183 103760 76 103926 184 104134 76 104301 185 104509 76 104676 185 104883 76 105051 186 105258 75 105426 188 105631 75 105801 190 106005 75 106176 196 106377 76 106551 276 106926 275 107301 273 107676 272 108051 271 108426 270 108802 267 109177 266 109552 264 109927 263 110302 258 110677 254 111052 251 111427 249 111803 247 112178 245 112553 244 112928 243 113302 243 113677 242 114052 240 114427 239 114802 238 115177 236 115552 234 115927 232 116301 231 116676 227 117051 224 117425 223 117800 221 118175 219 118549 219 118924 218 119298 217 119673 216 120047 216 120421 216 120796 215 121170 215 121545 214 121920 213 122294 213 122669 212 123044 211 123419 211 123794 210 124169 209 124544 209 124919 208 125294 208 125670 206 126045 205 126420 205 126796 203 127171 203 127546 202 127922 201 128297 200 128672 199 129048 197 129423 197 129798 196 130173 196 130548 195 130923 194 131299 193 131674 192 132049 192 132424 191 132799 191 133174 190 133549 190 133924 189 134299 189 134674 188 135049 187 135424 187 135799 186 136174 186 136549 185 136924 184 137299 184 137674 183 138049 182 138424 181 138798 182 139173 181 139548 180 139923 179 140298 178 140673 177 141048 177 141423 175 141798 174 142173 173 142548 172 142923 171 143299 169 143673 169 144049 167 144424 167 144799 166 145174 165 145549 164 145924 164 146300 162 146675 162 147050 161 147425 160 147801 159 148176 158 148551 158 148927 156 149302 156 149678 154 150053 154 150429 152 150804 152 151180 151 151555 150 151931 149 152307 147 152682 147 153058 146 153434 144 153809 144 154185 143 154560 143 154936 141 155311 141 155687 139 156062 139 156438 138 156813 137 157188 137 157564 135 157939 135 158314 135 158689 134 159064 134 159439 133 159814 133 160189 133 160564 132 160939 132 161313 132 161688 132 162063 132 162438 131 162813 131 163188 130 163563 129 163937 130 164312 129 164687 129 165062 128 165437 128 165811 128 166186 127 166560 128 166935 127 167310 126 167684 126 168059 126 168434 125 168809 124 169184 122 169559 121 169934 118 170309 116 170684 66 170758 40 171059 57 171139 30 171435 50 171811 46 172186 43 172562 39 172937 36 173312 31 173688 26 174064 23 174439 22 174815 20 175191 18 175566 17 175942 15 176318 13 176695 11 177071 9 177448 6 177825 3
shiba_inu_105,121 25 496 25 871 26 1246 26 1621 26 1996 27 2370 29 2745 29 3120 30 3495 31 3870 31 4246 31 4425 23 4621 32 4799 22 4996 32 5174 21 5371 33 5550 16 5747 33 6122 34 6497 34 6873 34 7248 36 7623 37 7735 7 7999 36 8109 10 8374 37 8483 12 8749 38 8856 17 9125 38 9230 20 9500 39 9604 32 9876 39 9979 36 10251 40 10353 38 10626 41 10727 41 11002 41 11102 43 11377 42 11476 45 11752 43 11850 47 12127 44 12225 49 12503 44 12599 51 12878 45 12973 53 13253 46 13347 56 13628 48 13721 58 13853 16 14004 49 14095 61 14226 22 14379 51 14469 63 14599 27 14754 55 14843 65 14972 29 15129 61 15216 68 15346 30 15504 69 15589 71 15699 5 15719 32 15879 76 15956 80 16072 54 16254 158 16447 54 16629 159 16821 55 17004 160 17196 55 17379 160 17570 56 17754 161 17945 56 18129 162 18320 56 18504 162 18695 56 18879 162 19071 55 19254 163 19446 55 19629 163 19821 55 20003 164 20196 55 20378 164 20571 55 20753 165 20946 55 21128 165 21321 55 21503 165 21696 55 21877 166 22072 54 22252 166 22447 54 22627 167 22822 54 23002 167 23197 54 23376 168 23572 54 23751 168 23947 54 24126 169 24322 54 24501 169 24697 54 24875 170 25072 54 25250 170 25447 54 25625 170 25823 53 25999 171 26198 53 26374 172 26573 53 26749 172 26948 53 27123 173 27323 53 27498 173 27698 53 27872 174 28073 53 28247 174 28448 53 28621 175 28823 53 28995 176 29198 53 29370 177 29573 53 29744 178 29948 53 30118 179 30323 53 30493 179 30698 53 30867 180 31074 52 31241 181 31449 52 31615 182 31824 52 31990 182 32199 52 32364 183 32574 52 32738 184 32949 52 33112 185 33324 52 33486 186 33699 52 33861 187 34074 52 34194 14 34235 188 34449 52 34568 19 34609 189 34824 52 34942 22 34983 190 35199 52 35317 27 35357 191 35574 52 35691 33 35730 193 35950 51 36066 232 36325 51 36441 232 36700 51 36817 231 37075 51 37192 231 37450 51 37567 231 37825 51 37943 230 38200 51 38319 229 38575 51 38695 228 38950 51 39071 227 39325 51 39447 226 39701 50 39823 225 40076 50 40200 223 40451 50 40576 222 40826 50 40953 220 41201 50 41329 219 41577 49 41706 217 41952 49 42083 215 42327 49 42459 214 42702 49 42836 212 43077 49 43213 210 43452 48 43590 208 43827 47 43966 207 44202 46 44343 205 44577 33 44615 4 44719 204 44952 30 45096 202 45326 30 45472 201 45701 28 45848 199 46076 27 46225 197 46451 26 46601 196 46825 26 46978 194 47200 24 47355 192 47575 23 47732 189 47949 23 48109 187 48324 22 48486 185 48698 22 48863 183 49073 21 49239 182 49448 20 49615 180 49822 20 49992 178 50197 19 50367 178 50572 17 50743 176 50946 17 51119 175 51321 16 51495 174 51696 15 51871 172 52071 14 52247 171 52446 12 52623 170 52821 11 52999 169 53196 10 53375 168 53571 9 53752 165 53946 8 54128 164 54321 6 54505 162 54697 3 54881 161 55259 158 55636 155 56013 153 56390 150 56767 148 57144 145 57521 143 57898 140 58275 137 58653 132 59030 129 59409 120 59788 112 60167 104 60549 90 60929 80 61319 61 61702 44 62087 4
great_pyrenees_152,254 57 334 25 420 62 754 56 835 24 920 62 1255 55 1335 24 1420 62 1754 56 1834 25 1919 63 2254 56 2332 27 2418 64 2753 58 2831 28 2917 65 3253 58 3330 29 3416 65 3752 59 3829 30 3915 66 4252 58 4328 30 4414 66 4752 58 4828 29 4913 67 5251 59 5327 28 5412 67 5751 58 5827 25 5911 68 6251 58 6326 24 6410 69 6751 57 6826 22 6909 69 7250 56 7326 21 7408 70 7750 55 7825 20 7907 71 8249 54 8324 20 8406 72 8749 52 8824 19 8904 73 9249 51 9323 19 9404 73 9748 51 9822 19 9903 73 10248 49 10321 19 10402 73 10747 49 10820 20 10901 72 11246 48 11319 21 11400 72 11745 48 11818 22 11900 71 12244 49 12317 23 12399 70 12743 49 12816 24 12898 70 13242 50 13315 25 13397 69 13740 52 13814 26 13896 69 14239 53 14313 27 14395 69 14738 55 14812 29 14893 69 15237 56 15311 31 15392 68 15736 58 15810 32 15890 69 16235 61 16308 35 16389 68 16734 63 16806 37 16887 69 17233 67 17302 42 17384 70 17733 112 17881 71 18232 114 18377 72 18731 116 18874 73 19231 118 19371 74 19730 121 19867 75 20230 125 20361 79 20729 209 21229 207 21728 205 22228 203 22727 201 23227 197 23726 194 24226 190 24726 171 25225 165 25725 156 26224 147 26724 144 27223 142 27723 140 28222 139 28722 137 29221 137 29721 135 30220 135 30720 134 31219 134 31719 134 32218 134 32718 133 33217 134 33716 135 34215 135 34644 4 34715 135 35141 10 35214 136 35639 14 35713 136 36137 18 36212 137 36636 21 36711 138 37135 24 37210 138 37634 26 37708 140 38132 30 38207 141 38631 32 38706 142 39130 35 39204 143 39629 37 39702 145 40128 40 40201 146 40627 43 40699 148 41126 46 41196 150 41626 49 41693 153 42125 54 42188 158 42624 222 43124 222 43623 133 43760 85 44122 129 44266 79 44622 126 44769 77 45121 125 45272 74 45620 124 45775 71 46120 124 46277 69 46619 124 46778 67 47118 125 47280 65 47618 124 47781 64 48117 125 48282 63 48616 126 48783 62 49116 127 49284 61 49615 128 49785 59 50115 128 50286 58 50614 130 50787 57 51113 132 51287 56 51613 133 51788 54 52112 135 52289 52 52612 136 52789 51 53111 138 53290 50 53610 139 53791 48 54110 140 54291 47 54609 142 54792 45 55109 142 55293 43 55609 142 55793 42 56109 143 56294 41 56608 144 56795 39 57107 146 57295 39 57607 146 57796 37 58107 147 58296 37 58606 148 58797 35 59106 149 59297 35 59605 150 59798 34 60105 150 60298 34 60604 152 60799 33 61104 152 61299 34 61604 153 61800 33 62103 154 62301 32 62603 155 62801 33 63102 157 63301 33 63602 157 63802 32 64101 159 64302 33 64601 159 64803 32 65101 160 65303 33 65601 160 65803 33 66100 161 66304 33 66600 162 66804 33 67100 162 67304 33 67599 164 67804 33 68099 164 68304 33 68599 164 68805 32 69099 165 69305 32 69598 166 69805 32 70098 166 70305 32 70598 167 70806 30 71098 167 71306 30 71598 168 71806 30 72098 168 72306 29 72598 169 72807 28 73098 169 73307 27 73598 169 73807 27 74098 170 74307 27 74598 170 74808 25 75098 170 75309 24 75598 171 75809 24 76098 171 76310 22 76598 171 76810 22 77098 172 77311 21 77598 172 77811 21 78098 173 78312 19 78598 173 78812 19 79098 174 79313 17 79598 174 79813 16 80098 175 80314 15 80598 175 80814 15 81098 176 81315 14 81598 176 81817 11 82098 176 82319 9 82598 177 82823 4 83098 177 83599 176 84099 176 84599 177 85099 177 85599 177 86100 176 86600 177 87100 177 87601 176 88101 176 88601 177 89101 177 89601 177 90102 176 90602 177 91102 177 91603 177 92103 177 92603 177 93103 176 93604 175 94104 174 94604 173 95104 173 95605 171 96105 170 96605 169 97106 167 97606 166 98106 165 98326 5 98607 163 98824 7 99107 163 99323 8 99608 161 99821 11 100109 160 100319 13 100609 159 100818 14 101110 158 101317 15 101610 158 101815 17 102111 157 102313 19 102612 156 102811 21 103113 155 103309 24 103614 154 103806 27 104115 153 104304 30 104616 154 104801 33 105117 154 105298 37 105618 155 105794 41 106119 162 106282 54 106620 217 107121 216 107623 215 108124 81 108213 125 108626 73 108720 119 109127 68 109226 114 109629 63 109732 13 109768 72 110131 58 110276 65 110633 53 110783 60 111134 50 111287 57 111636 45 111791 54 112138 41 112295 20 112326 20 112640 37 112830 17 113142 33 113332 16 113644 29 113834 15 114146 25 114335 15 114648 21 114837 14 115150 18 115338 15 115653 13 115839 15 116156 8 116339 17 116839 18 117340 19 117840 20 118340 22 118840 23 119340 25 119840 26 120340 28 120840 29 121340 30 121840 32 122340 33 122840 35 123340 36 123841 36 124341 38 124842 38 125342 39 125843 39 126344 40 126845 40 127346 40 127847 40 128348 40 128850 39 129351 39 129853 39 130354 39 130855 39 131356 39 131857 39 132359 37 132860 38 133361 37 133862 37 134363 37 134864 37 135365 37 135867 35 136368 35 136869 34 137370 34 137871 33 138372 33 138873 32 139374 31 139875 30 140376 29 140876 29 141377 28 141878 27 142379 26 142880 25 143381 24 143882 23 144382 23 144884 22 145385 21 145886 20 146387 20 146887 20 147388 19 147889 18 148390 17 148891 16 149392 14 149893 13 150394 11 150895 9 151398 5
Abyssinian_110,6307 4 6624 8 6942 11 7260 13 7579 13 7897 15 8216 16 8535 16 8854 16 9172 18 9491 18 9810 18 10129 18 10448 19 10569 11 10767 19 10887 16 11087 18 11205 22 11406 18 11523 27 11725 18 11842 29 12044 18 12161 32 12363 18 12480 34 12683 17 12800 35 13002 16 13119 36 13321 16 13439 37 13640 16 13758 38 13960 15 14078 39 14279 15 14397 42 14598 15 14717 44 14917 15 15036 46 15236 14 15356 47 15555 14 15675 49 15874 14 15995 50 16193 14 16315 50 16511 15 16635 51 16830 15 16954 53 17149 15 17274 54 17467 16 17594 55 17786 16 17914 57 18104 17 18234 58 18422 18 18554 60 18741 18 18874 61 19059 19 19194 63 19324 11 19377 20 19514 65 19636 25 19695 21 19834 67 19950 35 20013 22 20154 70 20264 45 20331 23 20474 76 20579 53 20649 25 20794 161 20967 26 21114 161 21285 27 21434 163 21603 28 21753 197 22073 197 22393 196 22713 195 23032 196 23352 195 23671 195 23991 194 24310 194 24630 193 24949 194 25268 163 25433 29 25587 163 25752 29 25906 163 26071 28 26225 163 26391 27 26544 163 26711 26 26863 162 27030 26 27182 163 27350 24 27501 163 27669 24 27820 163 27988 23 28139 163 28307 22 28457 164 28626 21 28776 165 28945 20 29095 165 29263 20 29413 188 29732 187 30051 186 30370 185 30689 183 31007 184 31326 183 31645 182 31964 181 32282 182 32601 182 32920 182 33239 181 33558 181 33877 181 34196 181 34515 181 34834 181 35153 182 35471 183 35790 183 36109 183 36428 184 36747 184 37066 185 37385 185 37704 185 38023 185 38342 185 38661 185 38980 185 39299 185 39618 185 39936 185 40255 184 40574 183 40892 184 41211 183 41529 183 41848 181 42166 181 42484 181 42802 181 43119 181 43437 181 43755 181 44072 182 44389 182 44706 183 45023 183 45340 184 45657 185 45974 186 46291 187 46609 187 46926 188 47244 188 47561 190 47879 190 48196 191 48514 191 48832 191 49150 192 49468 192 49786 192 50104 105 50218 78 50422 101 50538 76 50741 94 50858 75 51059 86 51178 73 51377 79 51497 72 51696 69 51817 70 52014 67 52136 69 52333 64 52455 69 52652 60 52775 67 52971 56 53094 66 53291 49 53413 66 53610 45 53732 65 53931 39 54051 64 54251 33 54370 64 54571 27 54689 63 54892 17 55008 63 55216 4 55327 62 55646 61 55965 61 56284 60 56603 60 56921 60 57240 59 57559 59 57878 58 58197 57 58516 57 58835 56 59154 55 59473 55 59792 54 60111 53 60429 54 60748 53 61067 52 61386 52 61705 51 62024 51 62342 51 62661 51 62980 51 63299 50 63618 50 63937 50 64256 49 64574 50 64893 50 65212 49 65531 49 65850 49 66169 48 66487 48 66806 48 67125 47 67444 46 67763 46 68082 45 68400 46 68719 46 69038 46 69357 46 69676 46 69995 47 70314 47 70633 47 70951 48 71270 49 71589 49 71908 49 72227 49 72546 49 72865 50 73185 49 73504 49 73823 49 74142 49 74461 49 74780 49 75099 49 75418 49 75737 49 76056 49 76375 49 76694 49 77013 49 77332 49 77651 49 77970 50 78289 50 78608 50 78927 50 79246 50 79565 50 79884 50 80203 50 80522 50 80842 50 81161 50 81480 50 81799 50 82118 50 82437 50 82756 51 83075 51 83394 51 83713 52 84032 52 84352 51 84671 51 84990 52 85309 52 85628 52 85947 52 86267 51 86586 51 86905 52 87224 52 87544 51 87863 51 88182 52 88501 52 88821 52 89140 53 89459 54 89779 54 90098 55 90417 56 90737 55 91056 56 91375 57 91695 56 92014 57 92334 57 92653 57 92972 58 93292 59 93611 60 93930 62 94250 62 94569 64 94889 64 95208 66 95527 67 95847 68 96167 70 96486 74 96806 75 97125 79 97445 98 97765 106 98084 111 98404 117 98724 119 99044 120 99364 120 99684 120 100004 119 100325 118 100645 117 100965 116 101285 115 101605 114 101925 113 102244 113 102564 112 102883 111 103203 110 103522 110 103842 109 104162 109 104481 110 104801 110 105120 110 105440 110 105760 110 106080 110 106399 111 106719 111 107039 110 107359 109 107678 110 107998 109 108318 109 108638 109 108957 110 109277 109 109597 109 109917 110 110237 110 110557 111 110877 112 111197 111 111517 111 111837 110 112158 109 112478 107 112799 105 113119 105 113440 103 113761 101 114082 99 114402 98 114722 97 115043 95 115364 93 115685 91 116006 89 116327 87 116648 85 116969 82 117290 80 117612 77 117934 73 118255 71 118577 67 118898 64 119220 60 119542 56 119868 48 120190 43 120512 38 120834 33 121159 9
chihuahua_74,70042 3 70370 8 70700 11 71030 14 71359 18 71689 20 72015 27 72340 34 72669 36 72996 41 73323 45 73651 48 73978 52 74306 55 74634 58 74964 57 75294 57 75625 45 75955 44 76286 44 76616 44 76946 45 77275 47 77602 51 77915 69 78244 72 78572 75 78902 77 79232 78 79561 81 79891 82 80221 84 80551 86 80882 87 81213 88 81543 90 81794 2 81874 91 82124 16 82204 93 82454 20 82535 94 82786 22 82865 96 83117 25 83196 97 83448 28 83527 99 83779 35 83857 101 84110 40 84187 103 84442 41 84518 104 84774 43 84847 107 85106 45 85175 111 85438 47 85503 115 85770 52 85830 120 86103 179 86435 179 86768 178 87100 178 87432 178 87764 178 88096 178 88428 178 88760 178 89091 179 89423 179 89754 180 90086 180 90418 180 90750 180 91082 180 91413 181 91745 182 92077 182 92409 182 92740 183 93072 183 93404 183 93736 183 94068 184 94399 185 94731 185 95063 185 95395 185 95726 186 96058 187 96390 187 96722 187 97054 187 97386 188 97717 190 97933 4 98049 191 98259 14 98381 192 98587 18 98713 192 98916 21 99045 194 99243 26 99377 224 99709 224 100041 224 100373 224 100704 225 101036 225 101368 225 101700 225 102032 225 102363 226 102695 226 103027 226 103358 227 103690 224 104021 222 104353 220 104684 215 105015 210 105347 208 105678 206 106009 205 106340 205 106671 205 107001 207 107332 207 107662 209 107993 65 108064 139 108323 66 108400 135 108653 66 108733 134 108982 68 109066 134 109312 69 109399 133 109542 4 109641 71 109732 133 109872 8 109971 73 110066 132 110202 10 110301 74 110399 12 110418 127 110632 74 110764 113 110963 75 111098 111 111294 75 111432 109 111625 57 111683 18 111765 108 111956 57 112024 8 112098 107 112287 57 112359 4 112431 106 112618 58 112764 105 112950 57 113097 104 113281 58 113430 103 113613 24 113645 25 113763 102 113945 20 113979 22 114096 101 114277 16 114314 17 114428 101 114609 14 114649 5 114761 100 114941 12 115094 99 115274 7 115427 97 115760 96 116093 95 116426 94 116759 93 117092 92 117425 91 117758 90 118091 88 118424 87 118757 86 119091 83 119424 82 119757 81 120091 78 120424 77 120757 75 121091 73 121424 71 121757 70 122091 67 122424 65 122758 63 123091 61 123425 58 123759 54 124092 52 124425 49 124759 44 125092 19 125426 10
pug_104,20666 6 21059 8 21452 11 21845 13 22238 15 22632 16 23026 17 23419 19 23813 19 24207 20 24601 21 24995 21 25389 22 25783 23 26177 24 26571 25 26966 25 27360 27 27754 28 28149 29 28543 30 28937 32 29332 32 29726 35 30121 35 30515 37 30910 38 31304 39 31699 40 32093 42 32487 43 32882 43 33276 44 33670 45 34064 46 34458 47 34853 47 35247 47 35641 48 36035 49 36429 50 36823 51 37217 52 37287 20 37611 53 37678 28 38005 56 38070 32 38399 58 38462 35 38793 99 39187 100 39581 101 39975 101 40369 102 40763 102 41157 102 41551 103 41945 103 42339 104 42733 104 43127 104 43521 105 43914 106 44308 106 44702 107 45096 107 45489 109 45883 109 46276 110 46670 111 47064 111 47457 112 47851 112 48244 114 48637 115 49031 115 49424 117 49817 118 50211 118 50604 119 50997 121 51390 122 51783 123 52176 124 52569 126 52962 127 53295 7 53355 128 53688 10 53748 129 54081 12 54141 130 54474 15 54534 131 54867 17 54927 132 55260 18 55320 134 55653 20 55714 134 56046 21 56107 135 56440 21 56500 136 56833 22 56893 137 57226 22 57286 138 57620 22 57680 138 58013 23 58073 139 58406 24 58466 140 58800 23 58860 140 59193 24 59253 142 59586 25 59646 143 59979 26 60039 144 60373 25 60433 144 60766 25 60826 145 61159 25 61219 147 61552 25 61612 148 61946 24 62005 149 62339 25 62398 150 62732 28 62791 152 63125 33 63184 153 63518 38 63577 154 63912 43 63959 1 63967 159 64305 215 64698 216 65091 218 65485 218 65878 220 66271 222 66665 222 67058 224 67452 224 67845 226 68239 226 68633 227 69026 229 69420 229 69813 231 70207 231 70600 233 70994 233 71387 235 71781 235 72175 236 72568 237 72962 237 73355 239 73748 240 74142 240 74535 242 74929 242 75322 243 75715 244 76108 245 76502 246 76895 247 77288 248 77682 248 78075 249 78469 249 78862 250 79256 250 79650 250 80044 250 80437 251 80831 251 81225 251 81619 251 82013 251 82406 252 82800 252 83194 252 83588 252 83982 252 84376 252 84770 252 85164 252 85558 253 85952 253 86346 253 86740 253 87134 254 87528 254 87922 254 88316 255 88710 255 89104 255 89498 256 89892 256 90286 256 90680 256 91074 256 91468 257 91862 257 92256 257 92650 257 93044 257 93438 257 93832 258 94226 258 94620 258 95014 259 95408 259 95802 260 96196 260 96590 260 96984 261 97377 262 97771 263 98165 263 98559 264 98953 266 99348 265 99742 266 100136 267 100530 267 100924 268 101318 268 101712 269 102106 269 102500 269 102894 270 103288 270 103682 271 104076 271 104470 271 104864 272 105258 272 105652 272 106046 273 106440 273 106834 273 107229 272 107623 273 108017 273 108411 273 108805 274 109199 274 109593 274 109987 275 110381 275 110775 275 111169 276 111563 276 111957 276 112351 277 112745 277 113140 276 113534 277 113928 277 114323 277 114717 277 115112 276 115507 276 115901 276 116296 275 116691 274 117086 274 117480 274 117875 273 118270 273 118664 273 119059 272 119453 273 119848 272 120242 272 120637 272 121031 272 121425 272 121820 272 122214 272 122608 272 123003 272 123397 272 123791 273 124186 272 124580 272 124974 273 125368 273 125763 272 126157 273 126551 273 126945 273 127340 272 127734 273 128128 273 128522 273 128917 272 129311 273 129705 72 129780 198 130099 68 130179 193 130494 64 130576 191 130888 63 130972 189 131282 62 131368 187 131676 60 131764 185 132071 58 132159 185 132465 57 132554 184 132859 56 132949 183 133254 54 133344 183 133648 53 133739 182 134042 52 134134 181 134437 49 134529 180 134831 48 134924 180 135226 45 135319 179 135621 41 135714 178 136015 39 136109 177 136410 34 136504 177 136805 28 136900 175 137200 23 137295 174 137595 17 137690 174 137993 4 138085 173 138480 172 138876 170 139272 168 139667 168 140063 166 140459 164 140854 163 141251 160 141647 159 142043 157 142440 154 142837 151 143234 148 143634 142 144031 138 144428 135 144825 132 145221 130 145618 127 146014 125 146410 123 146808 119 147206 114 147604 110 148033 75 148434 67 148835 60 149234 55 149631 52 150029 48 150427 44 150824 41 151223 36 151622 31 152018 29 152416 25 152812 24 153208 22 153604 20 153999 19 154395 17 154790 17 155185 16 155580 15 155975 15 156370 14 156765 13 157160 12 157555 11 157951 9 158346 8 158741 7 159136 5 159532 2
Bengal_66,11937 4 12309 8 12681 11 13054 14 13428 15 13803 15 14177 16 14551 17 14926 17 15300 19 15674 20 16049 20 16423 21 16797 22 17171 23 17545 25 17918 27 18292 28 18665 30 19038 32 19412 34 19785 36 20157 39 20529 42 20903 44 21277 45 21650 47 22024 48 22398 50 22772 51 23147 51 23520 53 23895 53 24269 54 24643 56 25018 56 25392 57 25767 57 26142 57 26516 59 26891 59 27266 59 27640 60 28015 60 28389 61 28763 62 29138 62 29512 63 29887 63 30261 64 30635 65 31008 67 31382 68 31756 69 32129 71 32501 74 32867 83 33232 93 33603 97 33975 100 34345 105 34716 109 35088 112 35456 119 35824 126 36196 129 36568 132 36940 135 37314 136 37686 139 38060 140 38433 142 38807 143 39180 145 39554 146 39927 148 40301 149 40675 150 41049 151 41423 152 41797 153 42171 154 42545 155 42919 156 43294 156 43668 157 44042 158 44417 158 44791 159 45166 159 45540 160 45915 160 46289 161 46664 161 47038 162 47413 162 47787 163 48161 164 48536 164 48910 165 49284 166 49658 167 50032 168 50406 169 50780 170 51154 171 51528 172 51902 173 52275 175 52649 176 53023 177 53397 178 53771 179 54144 181 54518 182 54892 184 55266 185 55640 186 56014 187 56388 188 56762 189 57137 189 57510 191 57884 192 58258 193 58632 194 59006 195 59380 196 59754 197 60128 199 60502 200 60876 201 61250 202 61624 203 61998 204 62372 205 62746 206 63120 207 63493 209 63867 210 64241 211 64614 213 64988 214 65362 215 65735 217 66109 218 66483 219 66857 220 67231 221 67605 222 67978 224 68353 224 68726 226 69100 227 69474 228 69848 228 70222 229 70596 230 70969 232 71343 233 71717 234 72091 235 72465 236 72839 237 73213 204 73431 20 73587 198 73808 18 73961 142 74121 30 74185 16 74336 136 74561 16 74710 130 74937 15 75084 125 75313 14 75458 123 75688 14 75832 121 76064 13 76207 117 76439 13 76581 114 76815 12 76955 109 77190 12 77330 99 77566 11 77704 90 77941 11 78078 87 78316 11 78453 86 78692 10 78827 86 79067 10 79201 86 79442 10 79576 85 79817 10 79950 85 80193 9 80324 86 80568 9 80699 86 80943 9 81073 86 81318 9 81447 87 81693 9 81821 88 82068 9 82195 89 82443 9 82570 88 82818 8 82944 89 83193 8 83318 90 83568 8 83693 90 83943 7 84068 90 84319 6 84442 91 84695 4 84818 90 85193 90 85572 86 85949 84 86327 81 86705 78 87082 76 87462 71 87844 64 88224 59 88602 56 88979 54 89356 52 89733 50 90110 47 90487 45 90864 42 91240 41 91618 37 91995 34 92372 31 92751 25 93135 14
Siamese_194,15740 15 15773 13 16071 52 16403 65 16735 73 17068 75 17401 78 17734 80 18067 82 18400 84 18733 87 19066 88 19400 90 19733 92 20067 93 20401 95 20734 97 21068 98 21402 98 21736 98 22070 99 22404 99 22738 99 23072 99 23406 99 23740 99 24074 99 24409 98 24743 97 25077 97 25412 96 25746 96 26080 96 26414 96 26748 96 27082 97 27415 98 27749 99 28082 102 28415 105 28749 107 29081 110 29414 112 29747 114 30080 117 30413 121 30746 132 30891 16 31079 162 31412 164 31745 166 32078 167 32411 169 32744 170 33077 171 33410 172 33742 174 34075 175 34408 176 34741 176 35074 177 35407 178 35740 178 36073 179 36406 179 36739 180 37072 180 37405 180 37738 181 38071 181 38404 181 38737 181 39070 182 39403 182 39736 182 40069 182 40402 183 40735 183 41068 183 41401 183 41734 183 42067 183 42400 183 42733 183 43066 183 43399 184 43732 184 44065 184 44397 185 44730 185 45063 185 45396 185 45730 184 46063 184 46396 184 46729 184 47062 184 47395 184 47728 184 48061 184 48395 183 48728 183 49061 183 49394 183 49726 184 50059 184 50391 185 50724 186 51056 187 51388 188 51721 188 52053 189 52385 190 52717 191 53049 192 53381 193 53713 194 54045 195 54377 196 54709 197 55041 198 55373 199 55705 200 56037 201 56369 202 56701 203 57033 204 57366 204 57698 205 58030 206 58363 206 58695 207 59028 207 59361 207 59695 25 59721 180 60029 15 60059 175 60395 172 60731 169 61066 167 61400 166 61734 165 62068 163 62401 163 62735 162 63068 162 63401 162 63734 162 64067 162 64400 161 64734 160 65067 160 65400 160 65733 160 66066 160 66399 160 66731 161 67064 160 67397 160 67730 160 68062 161 68395 161 68728 161 69061 161 69393 162 69726 162 70059 162 70392 162 70724 163 71057 163 71390 163 71723 163 72055 164 72388 163 72721 163 73054 163 73387 163 73719 164 74052 164 74385 164 74718 164 75051 164 75383 165 75716 164 76049 164 76382 164 76714 165 77047 165 77380 165 77712 166 78045 166 78377 167 78710 167 79043 167 79375 168 79708 168 80041 167 80373 168 80706 168 81039 168 81371 169 81704 169 82037 168 82370 168 82703 168 83035 169 83368 169 83701 169 84034 168 84367 168 84700 168 85033 168 85366 168 85698 168 86031 168 86364 168 86697 168 87030 168 87363 167 87696 167 88029 167 88362 166 88695 166 89028 166 89360 167 89693 166 90026 166 90359 166 90692 166 91025 166 91358 166 91691 166 92024 166 92357 166 92689 167 93022 167 93355 167 93688 167 94021 167 94354 167 94687 167 95020 166 95353 166 95686 166 96019 166 96353 165 96686 165 97019 165 97353 164 97686 164 98019 164 98352 164 98686 163 99019 163 99352 163 99686 162 100019 162 100352 162 100686 161 101019 161 101352 161 101686 160 102019 159 102353 158 102686 158 103019 158 103352 158 103686 157 104019 157 104352 157 104686 156 105019 156 105352 156 105685 156 106019 154 106352 154 106686 153 107019 153 107352 153 107686 152 108019 152 108353 151 108686 151 109020 150 109353 151 109687 150 110020 150 110354 149 110688 148 111021 148 111355 147 111689 146 112023 145 112357 144 112691 143 113024 143 113358 142 113692 141 114025 141 114359 140 114693 139 115027 138 115360 138 115694 137 116028 136 116362 135 116696 134 117030 133 117364 132 117698 131 118032 129 118366 128 118700 127 119034 126 119368 125 119701 125 120035 124 120369 123 120703 121 121037 120 121371 119 121705 118 122038 118 122372 116 122706 115 123040 114 123374 112 123708 111 124042 109 124376 107 124710 105 125044 103 125378 100 125712 98 126047 94 126381 91 126715 88 127050 84 127384 81 127719 77 128053 74 128388 71 128723 67 129058 64 129394 59 129731 53 130070 45 130411 34 130749 26 131087 18
Persian_56,113 283 522 283 932 282 1342 281 1751 282 2160 283 2569 283 2978 284 3387 284 3797 284 4206 284 4616 284 5025 284 5434 285 5843 286 6252 287 6660 289 7069 290 7478 290 7887 290 8296 290 8705 290 9114 291 9523 291 9932 291 10341 290 10750 290 11160 289 11570 288 11980 286 12389 285 12799 284 13208 284 13617 284 14026 284 14434 284 14842 285 15251 284 15659 285 16068 285 16476 286 16884 287 17293 288 17702 288 18110 290 18519 290 18928 290 19337 291 19746 292 20155 292 20563 294 20972 297 21381 297 21789 298 22197 299 22605 300 23013 301 23421 302 23829 303 24238 303 24645 305 25053 306 25460 308 25868 309 26275 311 26682 313 27090 314 27498 315 27905 317 28312 319 28718 322 29126 323 29534 324 29941 326 30349 327 30756 329 31163 331 31572 331 31980 332 32388 333 32796 334 33204 335 33612 336 34021 336 34429 337 34837 338 35246 338 35654 339 36061 341 36469 342 36876 344 37284 345 37690 348 38097 350 38503 353 38892 12 38906 357 39298 373 39705 375 40113 375 40521 376 40929 377 41338 376 41746 377 42155 376 42563 376 42972 376 43380 377 43788 378 44196 379 44605 379 45013 380 45420 383 45828 384 46235 386 46643 388 47051 389 47460 389 47868 390 48276 391 48685 391 49093 392 49502 391 49910 392 50319 391 50728 390 51136 391 51545 391 51953 392 52362 392 52771 392 53179 393 53588 393 53997 393 54406 394 54815 394 55224 394 55633 394 56042 395 56451 395 56860 395 57269 395 57678 395 58087 395 58496 395 58906 395 59315 395 59724 395 60133 396 60542 396 60951 396 61360 396 61769 396 62178 396 62587 396 62996 396 63405 396 63815 395 64224 395 64633 396 65042 396 65452 395 65861 394 66271 394 66680 394 67090 393 67499 393 67909 392 68318 391 68728 390 69137 390 69546 390 69956 389 70365 389 70774 389 71183 389 71592 390 72002 390 72411 391 72821 391 73230 391 73640 390 74049 390 74459 389 74868 389 75278 388 75688 387 76097 387 76507 386 76916 386 77326 385 77735 385 78144 385 78553 385 78962 385 79372 384 79781 384 80190 384 80599 384 81008 384 81417 384 81827 383 82236 383 82645 383 83054 383 83463 383 83872 383 84281 383 84690 383 85099 383 85508 383 85918 382 86327 382 86736 382 87145 382 87554 382 87963 382 88372 382 88781 382 89190 382 89599 382 90008 382 90417 382 90827 381 91236 381 91645 381 92054 381 92463 381 92872 381 93281 381 93690 381 94099 381 94508 381 94917 381 95327 380 95736 380 96145 380 96554 380 96963 380 97372 380 97781 378 98190 377 98599 377 99008 377 99417 377 99826 376 100235 376 100644 376 101053 376 101462 376 101871 375 102280 375 102689 375 103098 374 103506 375 103915 375 104324 375 104733 375 105142 375 105551 375 105960 375 106369 375 106778 375 107186 376 107595 376 108004 376 108413 377 108822 377 109231 377 109640 377 110049 377 110458 377 110867 377 111276 377 111685 377 112094 377 112503 377 112912 377 113321 377 113730 377 114139 377 114548 377 114957 377 115366 377 115775 377 116184 377 116593 377 117002 377 117411 377 117820 376 118229 376 118638 375 119047 375 119455 375 119864 375 120273 375 120682 375 121091 374 121500 374 121909 374 122318 374 122727 374 123136 374 123535 1 123545 374 123942 4 123954 375 124351 4 124363 375 124759 5 124771 376 125168 5 125181 375 125577 6 125589 376 125986 6 125998 377 126395 6 126408 376 126805 4 126817 376 127214 4 127226 376 127624 3 127635 376 128034 1 128044 376 128452 378 128861 379 129270 379 129671 1 129679 380 130079 6 130086 382 130488 389 130896 391 131304 392 131713 393 132107 1 132121 396 132530 396 132939 396 133347 397 133756 395 134152 1 134165 395 134561 1 134574 394 134982 395 135391 395 135800 395 136209 395 136618 394 137027 394 137436 394 137845 394 138254 395 138663 395 139072 395 139481 395 139878 1 139890 396 140287 1 140299 398 140708 398 141117 398 141526 398 141935 398 142344 398 142753 398 143162 398 143571 398 143980 396 144377 1 144389 396 144786 1 144798 396 145195 1 145207 396 145604 1 145616 396 146025 396 146422 1 146434 396 146831 1 146844 397 147253 397 147662 397 148072 396 148482 393 148876 1 148891 392 149301 391 149711 390 150121 388 150531 387 150942 385 151352 383 151761 382 152171 380 152581 379 152991 377 153401 376 153811 375 154220 375 154630 374 155040 373 155449 373 155859 372 156269 371 156678 371 157088 370 157497 370 157907 369 158316 369 158726 368 159135 367 159545 366 159954 366 160364 365 160773 364 161183 363 161592 363 162001 363 162411 362 162820 362 163229 362 163638 363 164047 363 164456 363 164865 363 165274 363 165683 364 166092 364 166500 365 166909 365 167318 365 167727 366 168136 366 168545 367 168954 368 169363 369 169773 368 170182 369 170591 370 171000 372 171409 372 171818 372 172228 371 172637 371 173047 370 173457 369 173867 368 174277 367 174687 366 175098 364 175509 362 175920 360 176333 356 176746 352 177159 348 177570 346 177982 343 178392 342 178804 339 179214 338 179624 337 180034 336 180444 335 180854 29 180895 293 181264 23 181311 286 181675 14 181724 282 182137 278 182549 275 182960 273 183373 269 183787 264 184201 259 184617 252 185031 247 185444 243 185856 240 186271 234 186686 29 186727 187 187142 181 187555 177 187966 175 188377 173 188789 170 189200 168 189612 165 190024 162 190436 159 190847 157 191259 154 191671 151 192084 147 192502 138 192921 128 193336 122 193749 118 194163 113 194575 110 194987 107 195399 104 195809 103 196220 101 196631 99 197042 97 197453 95 197864 93 198275 91 198685 90 199096 88 199506 87 199916 86 200326 85 200735 85 201144 85 201554 84 201965 82 202375 81 202785 80 203196 78 203605 78 204013 79 204421 79
japanese_chin_3,40346 4 40693 7 41040 10 41388 11 41736 12 42084 14 42432 15 42780 16 43129 17 43478 17 43828 16 44177 15 44527 14 44877 12 45227 10 45577 8 45927 6 46278 3 54014 6 54361 12 54709 16 55058 18 55406 22 55755 25 56104 28 56453 32 56802 38 56946 2 57151 43 57293 8 57499 48 57641 12 57847 54 57988 16 58195 58 58336 19 58542 66 58682 25 58889 80 59029 29 59236 85 59374 36 59569 4 59582 90 59720 41 59918 105 60067 45 60267 107 60416 48 60617 107 60765 50 60967 108 61115 52 61316 110 61465 53 61666 111 61815 54 62016 112 62166 54 62366 112 62516 55 62716 113 62867 55 63066 114 63218 55 63416 114 63570 54 63766 115 63922 53 64116 115 64275 51 64466 115 64628 48 64816 116 64980 47 65166 116 65332 46 65516 117 65683 45 65866 117 66034 45 66216 117 66385 45 66566 117 66736 45 66916 118 67087 44 67266 118 67438 44 67615 119 67788 45 67965 120 68139 45 68315 120 68489 45 68665 120 68840 45 69015 120 69190 46 69364 122 69541 46 69714 122 69891 46 70064 122 70241 47 70414 122 70591 47 70763 124 70942 47 71113 124 71292 47 71463 124 71642 48 71812 125 71993 47 72162 126 72343 48 72511 127 72693 48 72861 127 73043 48 73211 127 73393 49 73560 128 73743 49 73910 128 74094 48 74259 129 74444 48 74609 129 74794 49 74958 130 75144 49 75308 130 75494 49 75657 131 75844 49 76007 131 76195 48 76356 132 76545 48 76706 132 76895 48 77055 133 77245 49 77405 133 77595 49 77754 134 77945 49 78104 134 78296 48 78454 134 78646 48 78803 135 78996 49 79153 135 79347 48 79503 135 79697 48 79852 136 80048 48 80202 136 80399 47 80552 136 80750 46 80901 137 81101 46 81251 137 81453 44 81601 137 81805 43 81950 138 82156 43 82300 138 82508 41 82650 138 82859 41 83000 138 83210 41 83350 138 83561 41 83699 139 83912 41 84049 139 84263 40 84399 139 84614 40 84748 140 84965 40 85098 140 85316 39 85448 140 85667 39 85798 140 86018 39 86147 140 86370 37 86497 140 86721 37 86847 140 87072 37 87197 139 87423 36 87547 138 87774 36 87896 139 88126 34 88246 138 88477 34 88596 137 88828 33 88946 136 89179 33 89296 135 89530 32 89646 135 89881 32 89995 135 90232 31 90345 134 90583 31 90695 134 90934 30 91045 133 91285 29 91395 133 91636 29 91745 132 91986 29 92095 132 92337 29 92445 132 92688 28 92795 131 93039 27 93145 131 93389 27 93495 131 93740 27 93844 131 94090 27 94194 131 94441 27 94544 131 94791 27 94894 130 95142 26 95244 130 95493 25 95594 130 95843 25 95944 129 96194 25 96294 129 96545 24 96644 129 96896 23 96994 128 97247 22 97344 128 97597 22 97694 128 97948 21 98044 128 98299 21 98394 128 98650 20 98744 128 99001 18 99094 127 99352 17 99444 127 99703 16 99794 127 100054 15 100144 127 100407 11 100494 127 100759 8 100844 127 101113 2 101194 127 101544 127 101894 127 102244 127 102594 127 102944 127 103294 127 103644 127 103994 127 104344 128 104694 128 105043 129 105393 130 105743 130 106093 130 106443 131 106793 131 107143 131 107493 131 107844 130 108194 130 108544 130 108894 130 109245 129 109437 2 109595 128 109785 6 109945 128 110134 8 110296 127 110484 9 110646 127 110833 11 110997 126 111182 13 111348 124 111531 16 111699 123 111881 17 112049 123 112230 19 112400 121 112578 22 112751 119 112927 24 113102 118 113275 27 113453 116 113623 31 113803 115 113971 34 114154 112 114319 37 114506 108 114666 41 114857 105 115012 46 115208 101 115360 49 115559 97 115707 53 115911 93 116057 54 116262 90 116406 56 116613 85 116757 56 116964 81 117108 56 117315 77 117459 56 117666 65 117811 55 118017 60 118164 54 118368 56 118516 53 118720 51 118869 52 119071 47 119222 50 119424 17 119457 7 119574 50 119927 49 120280 48 120632 48 120984 47 121337 46 121689 45 122042 43 122395 41 122747 40 123099 39 123451 38 123803 37 124154 36 124505 36 124857 34 125209 33 125560 32 125911 31 126262 31 126613 30 126964 29 127315 28 127666 28 128018 26 128369 25 128720 24 129071 23 129422 22 129773 21 130125 18 130476 17 130827 15 131179 12 131532 8
beagle_59,40828 5 41327 9 41826 11 42324 15 42823 17 43322 20 43821 22 44320 25 44818 28 45315 32 45794 54 46289 60 46783 67 47280 71 47776 76 48273 80 48770 85 49267 89 49764 93 50263 94 50761 95 51260 96 51758 97 52257 97 52756 98 53255 98 53754 98 54254 97 54753 98 55252 98 55752 97 56252 97 56751 97 57251 96 57751 95 58251 94 58751 93 59251 93 59751 92 60251 91 60751 90 61251 89 61751 88 62251 87 62751 86 63251 85 63751 84 64251 83 64751 82 65251 81 65751 81 66251 80 66751 79 67251 77 67751 76 68251 74 68751 73 69250 72 69750 71 70250 70 70750 69 71250 68 71749 69 72249 68 72749 68 73249 68 73748 69 74248 69 74748 70 75248 70 75747 72 76247 73 76746 75 77246 78 77745 80 78245 82 78745 84 79244 86 79743 88 80243 89 80742 90 81242 90 81741 91 82240 92 82740 91 83239 92 83739 91 84238 91 84738 91 85238 90 85737 90 86237 89 86388 4 86737 88 86886 7 87236 88 87384 9 87736 87 87882 10 88235 87 88380 12 88735 87 88878 14 89235 86 89376 16 89735 86 89874 17 90235 86 90372 19 90735 85 90870 20 91234 86 91369 20 91734 86 91867 21 92233 87 92365 20 92733 87 92864 18 93233 87 93363 16 93733 88 93862 15 94232 89 94361 14 94732 89 94860 13 95231 91 95359 13 95730 92 95858 12 96230 93 96357 11 96729 94 96856 11 97229 95 97355 11 97728 97 97853 11 98228 98 98352 11 98727 100 98850 12 99226 102 99348 12 99722 107 99845 14 100220 111 100341 16 100719 137 101218 137 101716 138 102215 137 102715 136 103215 135 103715 134 104215 133 104716 131 105217 129 105717 128 106218 126 106718 125 107218 124 107697 2 107719 121 108195 6 108218 121 108693 8 108718 120 109191 11 109218 118 109690 12 109718 117 110188 14 110218 115 110686 16 110717 113 111184 18 111216 111 111683 19 111715 94 111815 6 112181 22 112214 90 112679 25 112713 88 113177 29 113210 88 113675 121 114174 120 114672 121 115171 120 115670 119 116169 119 116667 119 117167 118 117666 118 118165 118 118664 118 119163 118 119662 119 120162 118 120661 118 121161 118 121660 118 122160 118 122659 118 123159 117 123658 117 124158 116 124657 116 125157 115 125657 114 126157 113 126656 113 127156 112 127656 111 128155 110 128655 109 129155 108 129654 108 130154 106 130654 105 131154 103 131653 103 132153 101 132652 101 133151 100 133651 98 134151 96 134650 95 135150 92 135650 90 136149 89 136649 86 137149 83 137649 81 138150 77 138650 75 139151 73 139652 71 140154 68 140655 67 141156 67 141657 67 142158 67 142659 68 143159 72 143660 74 143767 16 144161 77 144262 24 144662 80 144757 30 145163 123 145664 108 146165 91 146666 88 147167 84 147668 81 148169 78 148671 73 149172 68 149674 50 150176 39 150679 30 151182 22 151685 16 152193 3
British_Shorthair_45,31951 12 32275 27 32605 30 32936 32 33266 35 33597 37 33927 40 34258 42 34589 44 34920 46 35250 49 35580 52 35912 53 36243 55 36573 58 36905 59 37236 61 37567 63 37899 64 38230 66 38561 68 38892 70 39223 72 39553 75 39885 76 40215 79 40547 80 40878 82 41207 86 41537 89 41865 94 42189 103 42516 109 42837 121 43166 125 43488 136 43812 145 44137 153 44465 158 44793 163 45123 166 45453 169 45784 171 46115 173 46447 174 46778 176 47110 177 47441 179 47773 180 48104 182 48436 183 48768 184 49099 186 49431 187 49763 188 50094 190 50425 192 50756 194 51087 196 51418 198 51749 200 52081 201 52337 14 52412 203 52666 33 52743 205 52997 41 53075 206 53329 47 53406 208 53661 51 53738 209 53994 54 54069 211 54328 57 54400 213 54661 63 54729 217 54995 284 55329 283 55662 283 55996 282 56330 281 56664 280 56998 279 57332 278 57666 277 57999 277 58333 276 58667 275 59001 274 59335 273 59669 272 60003 271 60337 270 60671 269 61005 268 61339 267 61673 266 62007 265 62341 264 62675 263 63009 262 63343 261 63677 260 64010 260 64344 259 64678 258 65012 257 65345 257 65679 256 66013 255 66346 255 66680 254 67013 254 67346 254 67680 253 68013 253 68346 253 68679 253 69013 252 69346 252 69679 252 70012 252 70345 252 70678 252 71011 252 71345 251 71678 251 72011 251 72344 251 72677 251 73010 251 73343 251 73676 251 74009 251 74342 251 74674 252 75007 252 75340 252 75673 252 76006 252 76339 252 76672 252 77005 252 77338 252 77671 252 78004 252 78338 251 78671 251 79004 251 79337 251 79670 251 80003 251 80336 251 80670 250 81003 250 81336 250 81670 249 82003 249 82336 249 82669 249 83003 248 83336 248 83669 248 84002 248 84336 247 84669 247 85002 247 85335 247 85668 247 86002 246 86335 246 86668 246 87001 246 87334 246 87667 246 88000 246 88333 246 88666 246 89000 245 89333 245 89666 245 89999 245 90332 245 90665 245 90998 245 91331 245 91664 245 91997 245 92331 244 92664 244 92997 244 93330 244 93663 244 93996 244 94329 244 94662 244 94995 244 95328 244 95662 243 95995 243 96328 243 96661 243 96994 243 97327 243 97660 243 97993 243 98326 243 98659 243 98992 243 99325 243 99659 242 99992 242 100325 242 100657 243 100990 243 101323 243 101656 243 101989 243 102322 243 102655 243 102988 243 103321 243 103653 243 103986 242 104319 241 104652 238 104985 236 105318 233 105651 230 105983 228 106316 225 106649 223 106982 220 107315 217 107648 215 107982 212 108315 209 108648 207 108981 205 109314 202 109648 199 109981 197 110314 193 110647 191 110980 188 111314 184 111647 182 111980 180 112313 177 112646 175 112980 171 113313 169 113646 167 113979 164 114312 162 114645 159 114978 156 115311 155 115644 151 115978 148 116311 147 116644 143 116977 141 117310 139 117643 136 117975 136 118308 133 118641 130 118974 129 119307 127 119640 124 119973 123 120306 121 120639 119 120972 117 121304 116 121637 115 121970 113 122303 110 122635 110 122968 108 123300 107 123633 105 123966 103 124298 102 124630 101 124963 99 125295 98 125628 96 125960 95 126293 93 126626 91 126958 90 127290 89 127622 88 127955 86 128287 85 128619 84 128952 82 129284 81 129616 80 129949 78 130281 77 130613 76 130945 76 131278 73 131610 73 131943 71 132275 70 132607 70 132940 68 133272 67 133605 66 133937 65 134270 63 134602 63 134935 61 135267 59 135600 58 135933 56 136265 55 136598 53 136931 51 137264 49 137597 47 137930 46 138264 43 138597 41 138931 39 139265 36 139599 33 139934 28 140270 23
german_shorthaired_9,45286 7 45659 10 46033 10 46407 11 46781 11 47154 12 47528 10 47902 9 48277 2 54517 8 54890 14 55262 18 55635 21 56008 25 56381 28 56755 30 57129 31 57502 34 57876 36 58249 39 58622 42 58996 44 59369 47 59743 50 60116 53 60490 56 60863 59 61237 61 61610 64 61983 67 62355 70 62700 13 62725 76 63072 105 63444 109 63817 112 64190 115 64563 118 64936 122 65309 126 65682 129 66055 151 66428 153 66800 156 67174 157 67547 159 67921 160 68295 161 68668 163 69042 163 69417 163 69791 164 70165 165 70540 164 70914 165 71288 166 71663 166 72037 166 72412 166 72787 166 73161 167 73536 167 73910 168 74285 168 74660 168 75034 169 75409 169 75784 169 76158 171 76533 171 76908 171 77283 171 77657 172 78032 173 78407 173 78782 173 79157 173 79532 174 79906 175 80281 175 80656 176 81031 176 81406 176 81781 177 82156 177 82531 178 82906 178 83281 179 83656 151 83809 26 84032 145 84189 22 84407 143 84567 19 84782 140 84943 19 85157 139 85319 18 85532 139 85695 17 85907 138 86070 18 86283 137 86446 17 86658 136 86821 17 87033 136 87196 18 87408 136 87571 18 87783 135 87946 18 88159 134 88320 19 88534 133 88695 20 88909 133 89070 20 89285 131 89445 20 89660 131 89819 22 90035 130 90194 22 90411 128 90568 23 90786 127 90943 23 91162 126 91317 25 91537 125 91691 27 91912 125 92066 27 92288 123 92440 29 92663 122 92814 30 93038 121 93188 32 93414 120 93563 33 93789 119 93937 35 94164 118 94311 37 94540 115 94685 39 94915 114 95058 43 95290 113 95432 45 95665 112 95805 50 96041 110 96179 53 96416 109 96553 59 96791 108 96926 73 97166 107 97300 76 97542 106 97674 78 97917 105 98048 79 98292 104 98421 80 98667 103 98795 80 99043 101 99169 80 99418 101 99543 79 99793 100 99917 79 100169 99 100290 80 100544 99 100664 80 100919 99 101038 79 101295 98 101411 79 101670 98 101784 80 102046 98 102157 80 102421 99 102530 80 102796 102 102902 81 103171 186 103547 184 103922 183 104297 182 104672 182 105047 181 105422 181 105797 180 106173 179 106548 179 106923 178 107298 178 107673 178 108048 177 108423 177 108798 177 109173 176 109548 176 109923 175 110298 175 110673 175 111048 174 111423 173 111798 173 112173 172 112548 171 112923 171 113298 170 113673 169 114048 168 114422 169 114797 168 115172 167 115547 166 115922 165 116297 165 116672 164 117047 163 117422 162 117797 161 118172 161 118547 160 118922 159 119297 158 119672 157 120047 156 120422 156 120797 155 121172 154 121547 153 121922 153 122297 152 122672 152 123047 151 123422 151 123797 151 124172 150 124547 150 124922 149 125297 149 125671 149 126046 149 126421 149 126796 148 127171 148 127546 147 127921 147 128296 146 128671 146 129046 146 129421 146 129796 145 130171 145 130547 144 130922 144 131297 144 131672 143 132048 142 132423 142 132798 142 133174 141 133549 141 133924 140 134300 139 134675 139 135050 139 135425 139 135800 138 136175 138 136549 139 136924 139 137299 139 137674 139 138049 138 138424 138 138798 139 139173 139 139548 139 139923 139 140298 138 140673 138 141048 137 141423 137 141797 138 142172 137 142546 137 142920 138 143294 138 143669 137 144043 137 144418 136 144792 136 145160 2 145165 137 145534 141 145908 141 146283 139 146658 138 147033 137 147408 136 147783 135 148158 134 148532 134 148907 133 149282 132 149657 131 150032 130 150407 130 150783 128 151158 128 151533 127 151908 126 152285 123 152660 123 153035 122 153411 121 153786 120 154161 120 154536 120 154911 119 155286 119 155661 119 156036 118 156410 119 156785 119 157160 119 157535 119 157910 118 158285 118 158660 118 159035 118 159410 118 159785 118 160160 118 160535 118 160909 119 161284 119 161659 119 162034 119 162409 119 162784 119 163159 119 163534 119 163909 119 164285 118 164660 118 165035 118 165410 118 165785 117 166160 117 166535 117 166910 117 167285 117 167660 117 168036 116 168411 116 168787 115 169162 115 169537 115 169913 114 170288 114 170664 113 171039 113 171414 113 171790 112 172165 112 172540 112 172915 112 173290 112 173666 111 174041 111 174416 111 174791 111 175167 110 175542 110 175918 109 176293 109 176669 107 177044 107 177420 106 177796 105 178172 104 178548 103 178925 101 179302 99 179678 98 180056 95 180433 93 180810 91 181188 88 181564 87 181940 86 182315 86 182691 85 183067 83 183443 82 183819 81 184195 80 184572 78 184949 75 185328 70 185710 62 186089 57 186466 54 186842 49 187217 46
keeshond_69,109 14 218 113 440 14 548 115 770 16 879 115 1101 16 1208 117 1431 17 1538 118 1762 18 1868 119 2093 19 2199 119 2423 22 2529 120 2754 23 2859 121 3085 24 3190 121 3416 25 3521 121 3747 26 3851 122 4078 28 4181 123 4409 30 4512 123 4739 33 4842 124 5070 35 5172 125 5401 37 5502 126 5732 40 5832 127 6063 42 6161 129 6393 45 6490 131 6724 47 6817 135 7055 49 7145 138 7385 52 7473 141 7716 55 7801 144 8047 59 8129 147 8378 65 8457 150 8708 71 8785 153 9039 230 9370 230 9701 230 10031 231 10362 231 10693 231 11024 231 11355 231 11686 231 12017 231 12349 230 12680 230 13012 229 13343 229 13675 228 14006 228 14338 227 14670 226 15002 225 15333 225 15665 224 15997 223 16328 223 16660 222 16992 221 17323 221 17655 220 17986 220 18317 220 18649 219 18980 219 19311 219 19642 219 19973 219 20305 218 20636 218 20967 218 21298 218 21629 218 21960 218 22291 218 22621 219 22952 219 23283 219 23614 219 23945 219 24276 219 24607 219 24938 219 25268 220 25599 220 25930 220 26261 220 26592 220 26923 220 27253 221 27584 221 27915 221 28246 221 28576 222 28907 222 29238 222 29569 222 29899 223 30230 223 30561 223 30892 223 31223 223 31553 224 31884 224 32215 224 32546 224 32877 224 33208 224 33538 225 33869 225 34200 225 34531 225 34861 226 35192 226 35523 226 35853 227 36184 227 36515 227 36845 228 37176 228 37507 228 37837 229 38168 229 38499 229 38829 230 39160 230 39490 231 39821 231 40151 232 40482 232 40812 233 41143 233 41473 234 41803 235 42134 235 42464 236 42794 237 43125 237 43455 238 43785 239 44116 239 44446 240 44777 240 45107 241 45438 241 45768 242 46099 242 46430 242 46760 243 47091 243 47422 243 47753 243 48084 243 48414 244 48745 244 49076 244 49407 244 49738 244 50068 245 50399 245 50730 245 51061 245 51391 246 51722 246 52053 246 52384 246 52714 247 53045 247 53376 247 53707 247 54037 248 54368 248 54699 248 55029 249 55360 249 55691 249 56021 250 56352 250 56682 251 57013 251 57343 252 57674 252 58004 253 58334 254 58664 255 58994 256 59324 257 59655 257 59984 259 60315 259 60645 260 60975 261 61305 262 61635 263 61965 264 62295 265 62625 266 62955 267 63285 268 63615 269 63945 270 64275 271 64605 272 64935 273 65266 273 65596 274 65926 275 66257 275 66587 276 66917 277 67248 277 67578 278 67909 278 68239 279 68569 280 68900 280 69230 281 69561 281 69891 282 70222 282 70552 283 70883 283 71214 283 71544 284 71875 284 72206 284 72537 284 72867 285 73198 285 73529 285 73860 285 74191 285 74522 285 74853 285 75184 285 75515 285 75846 285 76177 285 76508 284 76839 283 77170 282 77501 282 77832 282 78163 280 78494 279 78826 277 79157 277 79488 276 79819 275 80150 274 80481 273 80812 249 81066 18 81143 238 81399 15 81474 235 81730 15 81805 232 82062 13 82136 230 82398 6 82467 227 82798 224 83129 222 83460 98 83569 111 83791 94 83903 105 84122 94 84237 100 84453 91 84571 94 84784 89 84904 89 85115 87 85238 84 85446 86 85570 80 85776 86 85902 76 86107 83 86234 71 86438 80 86566 66 86769 78 86898 48 87099 78 87230 41 87430 77 87562 34 87761 76 87894 29 88092 76 88225 26 88422 76 88558 22 88753 76 88891 4 89084 75 89415 75 89746 75 90077 75 90408 75 90739 75 91069 76 91400 76 91731 75 92062 75 92393 74 92724 74 93055 74 93386 73 93717 73 94048 72 94379 72 94710 71 95041 71 95372 70 95704 68 96035 66 96366 64 96697 62 97028 60 97360 58 97691 56 98022 55 98353 55 98684 54 99015 53 99346 53 99676 53 100007 52 100338 51 100669 51 101000 50 101331 48 101662 47 101993 46 102324 44 102656 42 102987 41 103318 39 103649 38 103980 37 104311 35 104642 34 104973 33 105304 31 105635 30 105966 29 106297 28 106628 27 106959 26 107290 25 107621 24 107952 22 108283 21 108615 18 108946 16 109278 13 109610 9 109943 2
chihuahua_76,39797 5 40295 8 40794 9 41293 10 41792 11 42292 10 42791 11 43290 12 43790 11 44289 12 44789 11 45288 12 45788 11 46288 11 46787 11 47286 12 47786 11 48285 11 48784 11 49283 10 49782 10 50282 9 50781 9 51279 10 51778 10 52277 10 52775 11 53273 12 53771 13 54268 15 54765 18 55260 22 55755 26 56250 30 56744 35 57241 36 57739 37 58236 37 58734 37 59232 37 59730 37 60098 11 60229 37 60591 22 60727 37 61084 32 61226 37 61579 39 61724 39 62075 46 62223 39 62570 53 62722 39 63068 57 63221 40 63566 60 63720 41 64065 63 64219 42 64564 65 64718 43 65064 67 65217 44 65563 69 65717 44 66063 70 66217 44 66563 71 66716 45 67064 71 67216 46 67564 71 67715 47 68064 72 68215 47 68565 72 68715 47 69065 72 69215 47 69566 72 69714 49 70066 73 70214 49 70567 72 70713 50 70862 7 71068 71 71213 51 71359 13 71568 72 71713 51 71857 16 72069 71 72212 52 72356 18 72570 71 72712 53 72854 21 73071 71 73211 55 73353 23 73572 70 73711 56 73851 25 74073 69 74210 58 74350 26 74574 69 74710 59 74848 28 75075 69 75209 62 75347 29 75576 68 75709 63 75845 31 76077 68 76208 65 76342 34 76579 66 76707 72 76839 37 77080 66 77207 74 77331 45 77581 66 77706 81 77798 78 78082 66 78206 170 78583 66 78705 171 79085 65 79204 171 79586 65 79704 171 80087 65 80203 171 80588 65 80702 172 81090 65 81201 172 81591 66 81701 172 82092 67 82200 172 82594 68 82699 172 83095 69 83197 173 83597 70 83695 173 84098 72 84193 173 84599 78 84691 170 85101 244 85602 232 86104 222 86605 212 87106 206 87608 200 88110 195 88612 190 89113 186 89615 182 90116 180 90617 177 91118 175 91618 175 92119 174 92620 174 93120 174 93621 172 94121 173 94621 173 95122 173 95622 173 96122 173 96622 174 97121 176 97621 177 98121 178 98621 179 99120 181 99620 181 100120 182 100620 182 100905 5 101120 182 101401 13 101619 183 101897 19 102119 183 102394 24 102619 182 102892 28 103119 181 103390 31 103619 180 103888 34 104119 179 104387 36 104619 179 104886 37 105119 178 105384 40 105619 177 105883 41 106120 175 106382 43 106620 175 106880 45 107120 174 107379 46 107620 174 107877 49 108120 173 108375 51 108620 172 108873 53 109120 172 109370 56 109620 171 109868 58 110120 171 110365 61 110620 170 110862 64 111119 171 111359 67 111619 171 111857 69 112119 170 112356 69 112619 170 112854 71 113119 170 113352 72 113618 171 113851 72 114118 171 114350 72 114618 171 114849 72 115118 172 115347 74 115617 173 115846 73 116117 173 116345 73 116616 175 116843 73 117116 176 117342 71 117616 177 117840 71 118116 178 118338 69 118616 180 118837 66 119116 182 119334 60 119616 184 119831 50 120115 189 120327 49 120615 194 120821 50 121115 253 121614 251 122113 249 122612 248 123111 247 123610 246 124109 245 124607 246 125106 245 125605 245 126103 245 126602 244 127101 94 127207 138 127600 88 127716 34 127760 83 128099 84 128266 75 128598 80 128771 68 129096 72 129276 60 129595 57 129780 54 130094 52 130285 47 130593 51 130790 39 131092 50 131295 31 131591 50 131799 23 132090 50 132306 11 132588 50 133087 51 133586 51 134085 51 134584 51 135083 52 135582 53 136080 54 136579 55 137078 56 137577 56 138076 57 138575 57 139074 58 139573 58 140072 59 140571 59 141070 59 141570 58 142069 58 142568 58 143067 58 143566 58 144065 58 144565 57 145064 56 145563 56 146063 55 146562 54 147062 53 147561 53 148060 52 148560 51 149059 51 149559 50 150058 49 150558 47 151058 45 151557 43 152058 39 152558 36 153059 31 153560 25 154064 10
wheaten_terrier_104,49042 5 49130 22 49391 36 49483 36 49739 58 49837 44 50091 70 50190 50 50445 155 50737 10 50800 158 51091 16 51155 162 51444 22 51510 166 51799 26 51865 169 52154 30 52221 171 52510 33 52576 173 52867 36 52931 176 53224 38 53286 179 53582 39 53641 181 53944 37 53995 184 54305 232 54666 228 55025 226 55384 224 55744 221 56102 220 56461 218 56819 217 57177 216 57535 215 57893 213 58251 211 58609 209 58967 180 59158 15 59325 177 59519 8 59682 175 60040 172 60398 169 60755 168 61113 165 61470 163 61828 161 62185 160 62542 158 62899 156 63257 151 63614 146 63971 143 64328 139 64685 135 65042 132 65400 127 65757 125 66114 123 66471 121 66828 119 67185 118 67542 116 67900 114 68257 113 68614 112 68971 110 69328 108 69686 106 70043 105 70400 104 70758 103 71115 103 71473 102 71830 103 72187 103 72545 102 72902 103 73260 102 73617 103 73975 103 74332 104 74690 104 75047 105 75404 106 75762 106 76119 107 76477 108 76834 109 77192 109 77549 110 77907 110 78264 111 78621 112 78979 112 79336 113 79694 113 80051 114 80409 114 80766 115 81124 115 81481 116 81839 116 82196 116 82554 117 82911 118 83269 118 83457 16 83626 119 83784 54 83984 120 84134 68 84341 121 84486 78 84699 123 84840 83 85056 226 85414 227 85772 227 86129 229 86487 229 86845 229 87202 231 87560 231 87917 232 88275 233 88633 233 88990 233 89348 233 89705 234 90063 234 90420 235 90778 234 91135 235 91493 234 91850 235 92207 235 92565 235 92922 235 93279 235 93636 235 93993 235 94350 235 94707 235 95064 235 95421 234 95778 234 96135 233 96492 232 96848 232 97205 229 97562 225 97919 221 98275 216 98632 201 98988 192 99345 185 99701 184 100058 183 100414 184 100771 185 101128 185 101484 187 101841 189 102197 193 102554 196 102911 198 103267 201 103624 203 103981 205 104337 208 104694 210 105051 212 105408 213 105764 216 106121 217 106478 219 106835 220 107191 223 107548 224 107905 225 108262 226 108619 227 108976 228 109333 229 109690 229 110047 230 110404 230 110760 232 111117 232 111474 233 111831 233 112188 234 112545 234 112902 234 113259 234 113616 234 113973 234 114330 234 114687 233 115045 232 115402 231 115759 230 116116 229 116473 227 116830 222 117187 206 117544 197 117901 191 118258 166 118615 164 118972 161 119329 158 119686 155 120043 152 120400 150 120757 148 121114 147 121471 146 121828 145 122185 56 122255 74 122543 51 122617 68 122900 48 122979 7 123005 36 123257 44 123365 32 123615 41 123725 28 123972 36 124084 25 124330 32 124442 23 124688 28 124801 20 125046 24 125160 17 125404 22 125519 15 125763 18 125878 12 126121 14 126237 9 126480 10 126596 6
scottish_terrier_137,252 167 750 170 1250 170 1749 172 2248 173 2748 174 3248 174 3748 174 4249 173 4750 171 5251 170 5752 169 6253 167 6754 166 7255 165 7756 163 8257 162 8758 160 9259 159 9760 157 10261 156 10762 154 11263 153 11764 151 12265 150 12766 148 13267 147 13768 145 14269 144 14770 143 15271 141 15772 140 16198 5 16273 139 16695 11 16774 138 17193 16 17275 137 17691 21 17775 137 18189 26 18276 136 18688 28 18777 134 19186 32 19277 134 19684 35 19778 133 20183 37 20279 132 20681 40 20780 130 21180 42 21281 129 21678 44 21781 129 22177 46 22282 128 22675 49 22783 126 23174 50 23284 125 23672 53 23784 125 24171 54 24285 123 24669 57 24786 122 25168 58 25286 122 25667 60 25787 120 26166 61 26287 120 26664 64 26788 119 27163 66 27288 119 27662 67 27789 117 28160 70 28289 117 28659 72 28790 116 29158 73 29290 116 29657 75 29791 115 30156 77 30291 114 30655 79 30792 113 31153 82 31293 112 31652 83 31793 112 32151 85 32294 111 32650 87 32795 110 33148 89 33295 109 33647 91 33796 108 34146 92 34297 107 34645 94 34798 106 35144 95 35298 105 35643 96 35798 105 36142 98 36299 104 36641 99 36800 102 37139 101 37300 102 37638 103 37800 102 38137 104 38301 100 38636 105 38801 100 39134 108 39302 99 39633 109 39802 99 40132 110 40303 98 40631 111 40803 97 41130 113 41303 97 41629 114 41804 96 42128 115 42304 96 42627 117 42804 96 43126 118 43305 95 43625 120 43805 95 44124 121 44305 95 44624 121 44806 94 45123 123 45306 94 45622 124 45806 94 46121 126 46307 93 46621 126 46807 93 47120 128 47307 93 47619 129 47807 93 48118 130 48307 93 48618 130 48808 92 49117 132 49308 92 49616 133 49808 92 50115 135 50308 92 50614 136 50809 91 51113 138 51309 91 51612 139 51810 90 52111 140 52310 90 52610 141 52810 89 53109 143 53310 89 53608 144 53810 89 54107 146 54311 88 54606 147 54811 88 55105 148 55311 88 55604 149 55811 87 56103 151 56311 87 56602 152 56811 87 57101 153 57312 86 57600 155 57812 86 58099 156 58312 86 58598 157 58813 84 59097 158 59313 84 59596 160 59813 84 60095 161 60313 84 60594 162 60813 84 61093 164 61314 83 61592 165 61814 83 62091 166 62314 83 62590 168 62814 83 63089 170 63314 83 63588 171 63814 83 64087 173 64314 83 64585 176 64814 83 65084 177 65314 83 65583 179 65814 83 66082 181 66314 83 66581 183 66814 83 67079 186 67314 83 67578 189 67814 83 68077 191 68314 83 68575 195 68814 83 69074 197 69314 83 69572 201 69814 83 70070 204 70314 83 70568 208 70814 83 71066 211 71314 83 71563 215 71814 82 72060 218 72314 82 72557 222 72814 82 73054 225 73314 82 73551 229 73814 82 74049 232 74314 82 74548 233 74813 83 75046 235 75313 83 75546 236 75813 83 76046 236 76312 84 76547 236 76812 84 77049 234 77311 85 77551 233 77810 86 78052 233 78309 87 78554 232 78808 88 79055 233 79306 90 79556 234 79803 93 80057 339 80558 337 81059 336 81559 336 82060 334 82560 333 83060 331 83560 329 84060 326 84560 323 85060 319 85561 313 86062 282 86601 239 87108 227 87611 219 88112 213 88614 208 89116 204 89617 201 90118 198 90619 196 91120 194 91621 192 92121 192 92622 191 93123 189 93623 189 94123 189 94624 188 95124 189 95624 189 96125 188 96625 189 97125 190 97625 190 98126 190 98626 190 99126 191 99626 192 100127 191 100627 192 101127 193 101627 193 102128 193 102628 193 103128 193 103628 193 104128 193 104628 194 105128 194 105628 194 106128 194 106629 193 107129 193 107629 193 108129 193 108629 193 109129 194 109629 194 110130 193 110630 193 111131 192 111631 192 112131 192 112632 192 113133 191 113634 190 114135 189 114635 189 115136 188 115636 188 116137 187 116637 188 117137 188 117638 187 118138 187 118638 187 119138 187 119638 188 120138 188 120638 188 121138 188 121637 189 122137 27 122179 147 122637 22 122683 143 123137 18 123186 140 123637 16 123688 138 124137 12 124190 136 124637 9 124692 134 125138 5 125194 132 125696 130 126197 128 126699 126 127200 125 127701 124 128203 122 128704 120 129206 118 129707 117 130208 116 130709 115 131210 113 131711 112 132212 110 132713 108 133214 107 133715 105 134216 103 134717 102 135217 101 135718 99 136219 98 136720 96 137221 94 137722 93 138223 91 138724 90 139225 88 139726 87 140227 85 140728 84 141228 83 141729 82 142230 80 142731 78 143231 78 143732 76 144233 74 144733 73 145234 71 145735 69 146236 67 146737 65 147237 64 147738 62 148240 59 148741 57 149242 55 149743 53 150244 50 150746 47 151247 44 151749 41 152251 37 152753 34 153255 30 153757 27 154260 23 154763 19 155268 11
pug_7,52814 10 53214 7 53309 16 53703 31 53806 18 54197 51 54301 23 54693 65 54795 27 55190 131 55688 131 56186 132 56685 132 57183 133 57682 134 58180 135 58679 135 59178 136 59676 138 60175 138 60674 139 61173 140 61671 142 62170 143 62669 143 63167 145 63666 146 64164 148 64662 149 65160 151 65657 154 66154 157 66651 159 67149 161 67648 162 68146 163 68645 164 69144 165 69643 165 70142 166 70642 165 71141 166 71641 166 72141 166 72640 167 73140 167 73640 78 73720 87 74140 76 74221 86 74640 75 74721 86 75140 74 75221 87 75640 73 75721 87 76140 72 76221 88 76640 72 76720 89 77140 71 77220 90 77640 71 77719 91 78140 70 78219 92 78641 69 78719 92 79141 69 79219 93 79641 68 79719 94 80141 68 80218 95 80641 68 80718 96 81141 70 81217 97 81642 70 81714 100 82142 173 82642 173 83142 173 83642 174 84142 174 84643 173 85143 173 85643 173 86143 174 86644 173 87144 173 87644 173 88145 171 88645 170 89145 170 89645 169 90145 168 90646 166 91146 166 91647 9 91659 153 92148 7 92160 152 92649 4 92660 152 93161 151 93662 150 94163 149 94664 148 95165 147 95666 145 96168 143 96669 142 97170 140 97672 138 98173 136 98675 134 99177 131 99679 129 100181 126 100683 124 101185 122 101688 118 102191 115 102694 112 103197 108 103701 104 104206 98 104710 94 105215 89 105719 84 106222 81 106725 78 107228 75 107731 72 108234 69 108736 67 109239 64 109741 62 110244 59 110746 58 111249 55 111752 52 112255 49 112758 46 113263 41 113766 38 114269 35 114772 32 115275 29 115778 26 116281 23 116783 21 117286 17 117789 14 118292 11 118794 9 119298 4
basset_hound_127,37449 10 37820 16 38191 22 38563 26 38936 30 39309 33 39681 38 40047 48 40399 73 40767 81 41122 103 41493 108 41865 113 42238 116 42612 118 42985 121 43358 123 43732 125 44105 127 44478 129 44851 132 45224 134 45597 136 45970 138 46344 139 46717 141 47091 142 47465 143 47840 143 48214 144 48589 145 48963 146 49336 148 49710 149 50084 150 50457 152 50831 153 51203 156 51575 160 51948 162 52320 165 52692 168 53063 172 53434 176 53804 181 54172 188 54540 195 54910 200 55266 219 55639 221 56012 223 56385 225 56759 226 57133 228 57506 230 57880 231 58254 231 58628 232 59003 232 59377 233 59751 234 60125 235 60499 236 60873 236 61248 236 61622 237 61996 238 62370 239 62744 240 63119 240 63493 241 63867 241 64241 242 64614 244 64988 245 65362 246 65735 248 66109 249 66482 251 66855 253 67227 256 67598 260 67968 264 68335 272 68701 281 69072 285 69445 287 69818 289 70191 291 70565 292 70939 292 71313 293 71687 294 72060 296 72434 297 72808 298 73182 298 73556 299 73930 300 74303 302 74676 304 75048 307 75419 311 75791 314 76165 316 76538 318 76911 320 77285 321 77659 323 78033 324 78407 325 78781 326 79155 327 79529 328 79904 328 80278 329 80652 331 81027 331 81402 331 81776 332 82151 42 82197 286 82525 41 82574 285 82900 39 82955 279 83275 37 83332 277 83650 36 83711 273 84024 36 84088 271 84399 36 84465 270 84774 35 84841 269 85149 34 85217 268 85525 32 85593 267 85900 32 85969 266 86276 30 86345 265 86652 29 86721 264 87028 27 87096 264 87404 25 87472 263 87779 24 87847 263 88154 24 88222 263 88530 23 88597 263 88905 22 88973 262 89280 22 89348 262 89655 22 89724 261 90030 22 90099 261 90404 22 90474 261 90779 22 90849 261 91154 22 91224 261 91529 22 91599 261 91904 22 91974 261 92279 22 92349 261 92654 22 92723 262 93029 22 93098 262 93404 22 93473 262 93779 22 93848 262 94154 22 94222 262 94529 22 94597 262 94904 23 94971 264 95280 22 95346 264 95655 22 95720 265 96030 23 96094 266 96406 23 96468 267 96781 23 96842 267 97156 24 97216 268 97532 24 97590 269 97907 26 97964 270 98282 27 98337 272 98658 27 98710 274 99033 29 99082 277 99408 32 99452 282 99784 325 100159 325 100535 323 100910 323 101286 322 101662 321 102038 320 102414 318 102789 318 103165 317 103540 317 103915 316 104291 315 104666 315 105042 314 105417 313 105792 313 106167 313 106542 313 106917 313 107292 313 107667 313 108042 313 108417 313 108792 312 109167 312 109543 311 109918 311 110294 310 110669 310 111045 309 111420 309 111796 308 112171 29 112206 273 112547 23 112586 268 112924 17 112963 266 113301 12 113341 263 113680 4 113718 261 114094 260 114470 259 114846 258 115222 257 115598 256 115973 256 116349 255 116725 254 117100 254 117476 253 117851 253 118227 252 118602 252 118977 252 119353 251 119728 251 120103 251 120478 251 120853 251 121228 251 121603 251 121979 250 122354 250 122729 250 123104 250 123480 249 123855 249 124231 248 124607 247 124984 245 125364 240 125741 238 126121 233 126498 231 126876 227 127253 225 127631 222 128007 221 128383 220 128759 219 129135 100 129247 105 129511 97 129627 100 129887 65 129958 22 130008 94 130263 61 130337 12 130385 92 130639 58 130762 90 131016 55 131139 87 131392 52 131517 84 131769 49 131894 82 132147 43 132271 80 132526 35 132648 78 132905 24 133024 77 133287 6 133401 75 133780 70 134159 66 134539 61 134930 45 135309 41 135686 39 136064 36 136441 33 136819 30 137196 28 137573 26 137950 24 138326 22 138703 20 139080 18 139456 17 139833 14 140209 13 140585 11 140962 9 141339 6 141716 3
chihuahua_62,26356 9 26852 16 27349 22 27847 26 28345 31 28843 35 29341 40 29840 44 30338 49 30836 54 31334 59 31468 13 31832 64 31960 25 32330 71 32454 32 32828 78 32948 40 33327 84 33440 50 33825 92 33931 61 34324 170 34822 174 35320 177 35818 180 36316 182 36814 184 37310 188 37770 6 37807 190 38267 14 38302 194 38765 20 38797 197 39263 229 39762 229 40260 230 40758 230 41257 230 41755 102 41863 122 42253 102 42366 118 42751 103 42868 115 43249 104 43370 113 43604 24 43635 3 43747 105 43872 111 44094 50 44245 107 44374 108 44586 61 44743 109 44875 107 45080 70 45241 111 45377 105 45576 76 45738 114 45879 103 46072 82 46234 117 46381 101 46569 87 46725 126 46883 99 47067 92 47213 138 47386 95 47565 96 47709 142 47888 93 48063 101 48206 145 48390 90 48562 104 48703 148 48893 86 49061 108 49200 151 49395 83 49560 113 49697 154 49897 80 50060 117 50194 157 50400 76 50560 123 50690 161 50905 70 51060 291 51415 58 51560 292 51922 50 52060 292 52437 33 52560 292 52956 10 53060 292 53560 293 54061 292 54561 292 55061 292 55562 292 56063 291 56563 292 57064 291 57564 292 58065 291 58565 292 59066 291 59566 291 60067 291 60568 290 61069 289 61570 289 62071 288 62573 286 63074 285 63575 284 64077 283 64578 282 65080 280 65581 279 66083 277 66584 276 67087 273 67589 272 68091 270 68594 267 69097 264 69600 261 70103 258 70606 255 71108 253 71611 251 72114 248 72617 245 73121 240 73625 236 74128 233 74632 229 75134 226 75637 223 76139 221 76640 220 77141 219 77643 217 78143 216 78644 215 79144 215 79645 214 80145 214 80645 214 81145 214 81645 214 82145 213 82645 213 83145 213 83645 213 84145 212 84645 212 85145 212 85645 211 86145 211 86645 211 87145 211 87645 210 88146 209 88646 209 89146 208 89646 208 90146 208 90647 207 91147 207 91647 206 92147 206 92647 206 93147 206 93648 205 94148 205 94648 205 95148 205 95648 205 96148 206 96648 206 97148 206 97648 206 98149 205 98649 205 99149 205 99649 205 100149 206 100649 127 100782 73 101150 121 101292 63 101650 119 101798 58 102150 118 102303 14 102322 34 102649 117 102824 32 103149 116 103326 30 103649 114 103827 30 104149 113 104328 29 104649 112 104830 27 105148 111 105331 27 105648 110 105832 26 106147 110 106332 26 106646 110 106833 26 107146 108 107333 26 107645 107 107833 27 108145 106 108333 27 108644 106 108834 27 109144 105 109334 27 109643 104 109834 28 110143 102 110333 29 110642 101 110833 30 111142 98 111333 30 111641 97 111834 30 112141 94 112334 31 112640 88 112834 31 113139 81 113223 2 113334 32 113639 76 113834 33 114138 72 114335 33 114637 69 114835 34 115136 67 115336 34 115635 64 115837 34 116135 61 116338 35 116634 59 116839 36 117133 58 117340 37 117632 57 117841 39 118131 57 118342 40 118630 57 118843 41 119129 57 119344 43 119628 57 119845 44 120127 57 120346 45 120626 57 120847 46 121126 56 121348 47 121625 57 121849 47 122124 57 122350 48 122623 57 122851 49 123123 57 123352 50 123622 57 123853 53 124121 57 124353 56 124620 57 124854 58 125120 57 125355 61 125619 57 125856 63 126118 57 126357 65 126618 57 126858 66 127117 57 127359 67 127617 56 127861 67 128116 57 128362 69 128615 57 128863 71 129115 56 129365 73 129614 56 129867 76 130114 55 130369 78 130613 54 130872 79 131113 53 131376 78 131612 52 131882 75 132112 51 132399 61 132611 50 132907 56 133110 50 133410 55 133610 49 133913 54 134109 49 134415 55 134609 48 134917 56 135108 48 135419 57 135608 47 135920 57 136107 47 136423 56 136607 46 136925 55 137106 46 137426 54 137606 45 137928 52 138105 45 138430 49 138605 45 138932 47 139104 45 139434 44 139604 44 139937 40 140104 43 140439 38 140603 43 140942 35 141103 42 141444 32 141603 42 141945 31 142103 41 142447 30 142603 40 142949 28 143102 39 143450 28 143602 38 143951 28 144102 37 144452 28 144602 36 144953 29 145101 36 145454 30 145601 34 145955 32 146101 33 146456 33 146601 31 146957 33 147101 30 147458 34 147601 29 147959 34 148101 27 148460 33 148601 26 148961 32 149101 24 149462 31 149602 22 149964 28 150102 20 150465 26 150603 17 150966 23 151103 16 151468 20 151604 13 151969 19 152106 8 152470 18 152971 17 153472 17 153973 17 154475 16 154976 16 155478 14 155983 7
keeshond_178,9476 1 9875 3 10274 4 10673 5 11073 5 11472 6 11872 6 12271 6 12671 6 13070 7 13470 7 13870 6 14269 7 14669 7 15069 6 15468 7 15868 7 16268 7 16667 7 17067 7 17467 7 17867 6 18267 6 18666 7 19066 6 19466 6 19866 6 20265 7 20665 6 21065 6 21464 7 21864 7 22263 8 22663 8 23062 9 23462 9 23861 10 24261 9 24660 10 25059 11 25459 11 25858 12 26257 13 26657 13 27056 13 27455 14 27854 15 28253 16 28653 16 29052 17 29451 18 29850 20 30249 21 30648 22 31047 23 31446 24 31845 26 32244 27 32643 28 33042 30 33441 31 33840 32 34238 34 34637 35 35036 36 35434 38 35832 40 36231 41 36629 43 37027 45 37425 47 37823 49 38221 51 38619 52 39018 53 39416 55 39815 56 40213 58 40612 59 41011 60 41409 62 41808 63 42207 64 42606 65 43005 67 43403 69 43802 70 44201 71 44601 71 45000 72 45399 74 45798 75 46197 76 46596 77 46995 78 47394 79 47793 80 48192 82 48591 83 48990 84 49389 85 49788 86 50186 88 50586 88 50985 89 51384 90 51783 91 52182 93 52582 93 52981 94 53381 94 53780 95 54180 95 54579 96 54979 96 55378 98 55778 98 56177 99 56577 99 56976 100 57376 101 57776 101 58175 102 58575 102 58974 103 59374 103 59774 103 60173 104 60573 104 60972 105 61372 105 61771 106 62171 106 62570 107 62970 107 63369 108 63769 108 64168 109 64568 109 64967 110 65367 109 65766 110 66166 110 66565 111 66965 111 67365 111 67765 111 68164 112 68564 112 68964 112 69364 111 69763 112 70163 112 70563 112 70963 112 71363 112 71763 112 72163 112 72563 112 72963 112 73363 112 73763 112 74163 112 74563 113 74963 113 75363 113 75763 113 76163 113 76563 113 76963 114 77363 114 77763 114 78163 114 78563 115 78963 115 79362 116 79762 116 80162 116 80562 116 80962 116 81361 117 81761 117 82161 116 82561 116 82960 116 83360 115 83760 115 84160 113 84560 112 84960 110 85360 108 85760 106 86159 105 86559 103 86959 102 87359 101 87758 101 88158 100 88558 99 88958 98 89357 99 89757 98 90156 99 90556 98 90955 99 91355 99 91754 100 92154 99 92553 100 92953 100 93352 101 93751 102 94150 103 94549 104 94948 105 95347 106 95746 107 96144 109 96543 111 96941 113 97340 114 97738 116 98135 120 98528 127 98923 132 99320 135 99718 138 100116 140 100514 142 100913 143 101312 144 101710 146 102109 148 102508 149 102907 150 103306 151 103705 152 104104 153 104503 154 104902 155 105301 157 105701 157 106100 158 106499 159 106899 159 107298 161 107697 162 108096 164 108496 164 108895 166 109294 167 109693 169 110092 170 110492 170 110891 172 111290 173 111690 174 112089 175 112489 176 112888 177 113287 178 113686 180 114086 180 114486 180 114886 181 115285 182 115685 182 116085 182 116485 183 116885 183 117285 183 117685 183 118085 183 118485 183 118885 184 119285 184 119685 184 120085 184 120485 184 120885 183 121285 183 121685 183 122085 183 122485 183 122885 182 123285 182 123685 182 124085 182 124485 181 124885 181 125286 180 125686 179 126086 179 126487 162 126651 14 126887 161 127052 13 127288 159 127454 11 127689 158 127855 10 128089 157 128256 8 128490 156 128657 7 128891 155 129057 7 129292 153 129458 6 129694 151 129859 5 130096 149 130260 3 130498 146 130901 143 131304 140 131711 133 132115 128 132519 124 132922 121 133324 119 133726 117 134128 114 134530 112 134932 110 135334 108 135736 106 136138 103 136540 100 136941 98 137343 86 137744 78 138146 63 138547 59 138949 52 139351 46 139762 29 140165 20 140568 12
British_Shorthair_196,17987 7 18485 10 18982 14 19479 17 19977 19 20476 21 20975 22 21474 22 21974 22 22473 23 22972 24 23471 24 23970 24 24469 25 24968 26 25467 26 25966 27 26464 28 26963 29 27461 30 27959 31 28458 30 28956 31 29455 30 29953 30 30452 30 30950 30 31449 30 31947 31 32446 31 32945 31 33444 31 33942 32 34441 32 34939 33 35437 34 35935 35 36433 36 36932 36 37431 35 37929 35 38428 34 38927 33 39426 31 39925 29 40424 27 40923 26 41422 24 41921 23 42420 22 42919 21 43417 22 43915 22 44414 21 44912 22 45411 22 45909 22 46408 22 46906 23 47405 22 47903 22 48402 21 48900 20 49398 20 49897 18 50395 17 50893 17 51392 16 51890 16 52388 16 52886 16 53385 15 53883 16 54381 16 54879 16 55378 15 55876 15 56375 14 56873 14 57372 13 57871 12 58370 11 58869 9 59369 7 59870 2 64308 13 64803 23 65300 31 65798 35 66296 38 66794 42 67036 12 67292 45 67534 19 67790 50 68033 24 68288 54 68533 27 68786 58 68858 7 69032 31 69284 84 69532 34 69782 87 70032 37 70280 90 70532 39 70776 95 71032 42 71270 101 71532 45 71730 23 71761 110 72032 49 72224 147 72532 54 72719 152 73032 58 73216 155 73533 60 73713 158 74033 64 74210 161 74534 67 74707 164 75034 74 75204 167 75535 92 75702 169 76035 102 76199 172 76535 108 76697 173 77036 113 77194 176 77537 115 77691 179 78037 119 78188 182 78538 122 78683 187 79039 131 79172 197 79539 330 80040 329 80541 328 81042 327 81542 327 82043 325 82544 324 83045 322 83545 322 84046 320 84546 320 85047 318 85548 317 86049 316 86550 315 87051 314 87551 314 88052 313 88553 313 89054 311 89555 310 90055 310 90556 308 91057 307 91557 306 92058 305 92558 305 93059 303 93559 303 94059 302 94560 300 95060 298 95560 296 96060 294 96560 293 97060 288 97560 288 98061 287 98561 285 99061 285 99561 283 100060 281 100560 281 101060 282 101559 284 102059 283 102559 283 103059 283 103558 284 104058 285 104558 285 105058 286 105557 287 106057 288 106557 288 107057 288 107406 1 107557 289 107905 6 108056 290 108403 10 108556 291 108902 13 109056 291 109402 14 109556 291 109901 16 110056 291 110400 17 110556 292 110900 17 111056 292 111400 16 111556 292 111900 15 112056 292 112401 13 112556 292 112901 11 113055 293 113401 10 113555 293 113901 9 114055 293 114401 9 114555 293 114902 7 115055 293 115404 4 115554 294 116054 293 116554 293 117054 293 117554 292 118054 292 118554 291 119054 290 119553 291 120053 291 120553 290 121052 291 121552 291 122052 291 122552 291 123051 293 123551 293 124051 293 124551 293 125050 295 125550 295 126049 296 126549 296 127048 298 127547 300 128046 302 128546 303 129045 305 129544 306 130043 308 130543 308 131042 310 131541 312 132040 313 132539 314 133037 317 133536 318 134035 320 134534 321 135032 324 135531 325 136029 327 136528 329 137027 330 137525 332 138024 334 138522 336 139021 338 139520 339 140018 342 140517 343 141015 345 141514 347 142012 350 142510 352 143007 356 143504 359 144001 363 144501 363 145001 363 145501 364 146001 364 146501 364 147001 364 147501 364 148001 364 148501 364 149001 364 149501 364 150001 364 150501 364 151001 364 151501 364 152001 364 152501 364 153001 364 153501 364 154004 362 154509 357 155013 354 155517 351 156022 347 156550 320 157056 315 157562 310 158068 305 158573 301 159076 299 159580 296 160083 294 160585 293 161086 293 161587 293 162088 292 162589 292 163090 292 163591 292 164092 291 164593 290 165093 289 165594 287 166095 63 166166 78 166260 32 166365 11
Bengal_201,148 11 314 14 479 19 645 20 810 21 976 21 1141 22 1306 23 1472 23 1637 24 1802 25 1967 26 2132 27 2297 28 2462 29 2627 30 2793 30 2958 31 3123 32 3288 33 3453 34 3619 34 3784 35 3949 36 4114 37 4279 38 4445 38 4610 39 4776 39 4941 40 5107 40 5273 40 5438 41 5604 41 5769 42 5935 42 6100 43 6265 44 6430 45 6595 46 6761 46 6926 47 7091 48 7256 49 7421 50 7586 51 7752 51 7917 52 8083 52 8248 53 8414 53 8579 54 8745 54 8911 54 9076 55 9242 55 9407 56 9573 56 9738 57 9904 57 10069 58 10235 58 10400 59 10565 60 10731 60 10896 61 11061 62 11227 62 11392 63 11557 64 11722 65 11887 66 12052 67 12217 68 12382 69 12547 70 12712 71 12877 72 13042 73 13208 73 13373 74 13538 75 13704 75 13869 76 14035 76 14200 77 14366 77 14531 78 14697 78 14862 79 15028 79 15193 80 15358 81 15524 81 15689 82 15854 83 16019 84 16184 85 16349 86 16514 87 16678 89 16843 90 17008 91 17173 92 17338 93 17504 93 17669 94 17834 95 17999 96 18164 97 18329 98 18494 99 18659 100 18823 102 18987 104 19122 15 19150 107 19286 137 19451 138 19616 139 19782 139 19949 138 20115 138 20282 137 20448 137 20615 136 20782 135 20949 134 21117 132 21284 131 21451 130 21619 128 21786 127 21953 126 22120 125 22287 124 22454 123 22620 123 22787 122 22954 121 23120 121 23286 121 23453 120 23619 120 23785 120 23951 120 24117 120 24283 120 24449 120 24615 116 24781 112 24947 108 25113 103 25279 98 25445 94 25611 90 25777 87 25943 85 26109 83 26275 81 26441 78 26607 76 26772 76 26938 74 27104 72 27270 71 27436 70 27601 70 27767 69 27932 69 28097 69 28263 68 28428 69 28593 69 28758 69 28922 70 29087 70 29252 69 29417 69 29581 70 29746 70 29911 69 30076 69 30241 68 30406 67 30571 66 30736 64 30902 19 30929 5 30939 22 31068 11 31113 7
Siamese_75,255 167 755 168 1254 170 1754 171 2253 172 2753 173 3252 174 3751 176 4251 176 4750 177 5250 178 5749 179 6248 180 6748 180 7247 182 7747 182 8246 184 8746 184 9245 186 9745 186 10245 186 10745 187 11244 188 11744 188 12243 190 12743 190 13243 191 13743 191 14242 193 14742 193 15241 195 15740 196 16240 197 16739 198 17238 200 17737 201 18237 202 18736 203 19235 205 19733 207 20232 209 20731 211 21230 212 21729 214 22227 217 22726 219 23225 220 23723 223 24222 226 24720 229 25219 231 25717 234 26216 237 26714 240 27213 243 27712 245 28211 247 28709 250 29208 253 29707 255 30206 257 30705 259 31204 261 31703 264 32201 267 32700 269 33199 271 33698 272 34197 274 34696 276 35195 278 35694 279 36193 281 36692 283 37191 285 37690 286 38189 288 38689 289 39188 291 39687 293 40186 294 40686 295 41185 297 41684 299 42183 301 42682 302 43182 303 43681 305 44044 11 44180 307 44541 22 44678 310 45040 37 45177 311 45539 48 45675 314 46039 56 46173 317 46539 69 46666 324 47038 79 47148 343 47538 85 47644 347 48038 454 48539 454 49039 455 49539 456 50039 457 50540 456 51040 457 51541 458 52041 458 52542 458 53042 459 53543 458 54044 457 54545 456 55045 456 55546 455 56047 454 56548 453 57049 452 57550 451 58051 450 58552 449 59053 448 59554 447 60055 446 60557 444 61058 443 61559 442 62060 441 62561 440 63063 438 63564 437 64065 436 64567 434 65068 433 65569 432 66071 430 66572 429 67073 428 67575 426 68076 425 68578 423 69079 422 69581 420 70082 419 70583 418 71085 416 71586 415 72087 414 72589 412 73090 411 73591 410 74093 408 74594 407 75095 406 75597 404 76098 403 76599 402 77100 401 77602 399 78103 398 78604 397 79105 396 79606 395 80108 393 80609 392 81110 391 81611 390 82112 389 82613 388 83114 387 83615 386 84116 385 84617 384 85117 384 85618 383 86119 381 86620 380 87120 380 87621 379 88121 379 88622 377 89122 377 89623 376 90123 375 90624 373 91124 372 91624 369 92125 366 92625 364 93125 362 93625 360 94126 357 94626 355 95126 353 95626 351 96126 349 96626 347 97126 345 97626 344 98126 343 98626 341 99126 340 99626 339 100126 338 100626 337 101126 336 101627 334 102127 332 102627 331 103127 330 103627 329 104127 327 104628 325 105128 324 105628 323 106129 320 106629 319 107130 317 107630 316 108130 315 108631 313 109131 312 109631 311 110132 309 110632 307 111132 307 111632 306 112132 304 112632 303 113132 302 113633 300 114133 299 114633 298 115133 297 115633 295 116133 294 116633 293 117133 291 117633 289 118133 288 118633 286 119134 284 119634 282 120134 281 120634 279 121134 278 121634 277 122134 275 122634 274 123134 272 123634 271 124134 269 124634 268 125135 266 125635 264 126135 263 126635 261 127135 260 127635 259 128135 257 128635 256 129135 254 129636 252 130136 251 130636 250 131136 248 131636 247 132136 246 132636 245 133136 243 133637 241 134137 240 134637 239 135137 237 135637 236 136138 234 136638 232 137138 231 137638 229 138138 228 138639 225 139139 224 139639 222 140139 221 140639 219 141139 218 141640 215 142140 214 142640 212 143140 211 143640 209 144140 208 144640 206 145141 204 145641 203 146141 201 146641 199 147142 197 147642 196 148142 194 148642 193 149142 192 149643 190 150143 189 150643 188 151143 187 151643 186 152143 185 152643 184 153143 184 153643 183 154143 182 154643 181 155143 180 155643 179 156143 179 156642 179 157142 178 157642 177 158142 175 158641 174 159141 173 159641 172 160140 173 160640 172 161140 171 161640 170 162139 170 162639 170 163138 170 163638 170 164137 170 164637 170 165136 171 165636 170 166135 170 166635 170 167134 170 167633 171 168133 170 168632 171 169132 170 169631 170 170130 171 170630 170 171129 171 171628 171 172128 171 172627 171 173126 172 173626 171 174125 172 174625 171 175124 172 175624 171 176123 172 176623 171 177123 171 177623 170 178123 170 178623 169 179123 169
japanese_chin_6,72466 6 72837 13 73210 17 73583 21 73956 25 74330 29 74703 33 75077 38 75451 42 75825 47 76198 53 76572 56 76776 4 76946 60 77150 5 77320 65 77524 7 77693 69 77898 8 78066 73 78272 9 78440 77 78647 9 78813 81 79021 10 79187 87 79395 11 79560 93 79768 13 79934 105 80142 13 80309 114 80516 14 80683 121 80889 16 81057 130 81262 17 81432 139 81584 30 81633 21 81806 194 82002 26 82181 221 82556 220 82930 220 83305 219 83680 217 84054 217 84429 215 84804 213 85178 213 85553 211 85928 209 86302 208 86677 206 87052 205 87427 203 87801 203 88176 202 88551 200 88926 199 89301 197 89676 197 90051 196 90426 195 90801 195 91176 194 91551 194 91926 193 92301 193 92676 193 93051 193 93426 193 93801 194 94176 194 94551 194 94926 195 95301 195 95676 196 96051 197 96426 197 96801 198 97175 200 97550 200 97925 201 98300 201 98675 202 99050 202 99425 203 99800 203 100175 203 100550 204 100925 204 101300 204 101675 204 102050 205 102425 205 102800 205 103175 206 103550 206 103925 206 104300 207 104675 207 105050 207 105424 209 105799 209 106174 209 106549 210 106924 210 107299 210 107674 211 108049 212 108424 213 108799 214 109042 1 109174 215 109412 8 109549 220 109781 15 109924 248 110299 248 110674 248 111049 248 111425 247 111800 247 112176 245 112552 244 112927 244 113303 242 113680 240 114057 237 114433 235 114811 231 115187 229 115564 225 115940 223 116317 220 116693 218 117069 216 117445 214 117821 212 118197 211 118574 27 118615 167 118951 19 118996 160 119328 12 119374 157 119752 153 120130 150 120508 146 120886 142 121264 139 121641 136 122019 133 122396 130 122773 128 123152 123 123528 122 123905 120 124282 117 124658 116 125034 115 125410 113 125786 112 126162 111 126538 109 126914 108 127290 106 127666 105 128043 102 128419 101 128795 99 129171 98 129547 96 129923 95 130299 94 130675 92 131051 91 131427 90 131803 88 132179 87 132555 86 132931 85 133307 83 133683 82 134059 81 134434 81 134810 80 135186 78 135562 77 135938 76 136314 75 136689 75 137065 74 137441 73 137817 72 138193 71 138569 70 138945 69 139321 68 139697 67 140073 66 140450 65 140827 63 141203 62 141579 61 141956 60 142333 58 142711 55 143090 52 143468 50 143856 38 144238 31 144615 30 144993 29 145370 29 145746 30 146122 30 146498 29 146874 28 147250 27 147626 26 148002 25 148377 25 148753 24 149129 22 149505 21 149880 21 150257 18 150632 18 151009 15 151385 13 151762 10 152140 4
Persian_168,7289 7 7620 11 7952 13 8283 17 8614 19 8944 23 9274 26 9605 29 9936 31 10267 33 10598 35 10930 36 11261 39 11593 40 11925 41 12257 42 12589 43 12921 44 13253 45 13585 46 13916 48 14248 49 14580 50 14911 52 15243 53 15574 55 15904 58 16235 60 16566 62 16896 64 17228 65 17559 67 17891 68 18222 70 18554 71 18886 72 19218 73 19549 75 19881 75 20213 76 20545 77 20877 78 21209 79 21541 80 21874 79 22206 80 22538 81 22870 82 23202 82 23533 84 23866 84 24197 86 24530 85 24862 86 25194 87 25526 87 25858 88 26190 89 26522 90 26855 90 27187 91 27519 92 27851 93 28184 92 28516 93 28848 94 29181 94 29513 95 29846 95 30178 96 30510 97 30843 97 31175 98 31508 98 31840 99 32172 101 32505 101 32837 102 33169 103 33502 103 33834 104 34167 105 34499 106 34831 107 35164 108 35496 109 35829 110 36161 112 36494 112 36826 113 37159 114 37491 115 37824 115 38157 116 38489 117 38822 117 39155 117 39488 117 39820 118 40153 118 40486 118 40818 119 41151 119 41484 119 41816 120 42149 120 42481 120 42814 120 43146 121 43479 121 43811 122 44144 122 44477 122 44809 123 45142 123 45475 123 45807 124 46140 124 46473 124 46806 124 47138 125 47471 125 47804 125 48137 125 48469 126 48802 126 49135 126 49468 126 49801 125 50133 126 50466 126 50799 126 51132 126 51465 126 51797 126 52130 126 52463 126 52796 125 53129 125 53461 125 53794 124 54127 124 54460 122 54793 121 55126 120 55459 118 55791 117 56124 115 56457 113 56790 112 57123 111 57456 110 57789 109 58122 109 58455 108 58788 108 59121 107 59454 107 59786 107 60119 107 60452 106 60785 106 61118 106 61451 105 61784 105 62117 105 62450 105 62783 104 63116 104 63449 104 63782 104 64114 104 64447 104 64780 104 65113 104 65446 103 65779 103 66112 103 66444 104 66777 103 67110 103 67443 103 67776 103 68109 102 68441 103 68774 103 69107 103 69440 102 69773 102 70106 102 70439 102 70772 101 71104 102 71437 102 71770 102 72103 101 72436 101 72769 101 73102 101 73435 101 73768 101 74101 101 74434 101 74767 101 75100 101 75433 101 75766 101 76099 101 76432 101 76765 101 77098 101 77431 101 77764 102 78097 102 78430 102 78763 103 79096 103 79428 104 79761 105 80094 105 80427 106 80760 106 81092 108 81425 110 81758 111 82091 112 82423 114 82756 115 83089 116 83421 118 83754 119 84086 122 84419 123 84751 125 85083 127 85416 128 85748 130 86080 132 86412 135 86743 138 87075 141 87407 143 87738 147 88070 150 88402 154 88734 157 89065 161 89397 164 89729 166 90061 168 90393 170 90725 172 91057 174 91390 176 91722 178 92054 181 92387 182 92719 184 93051 186 93384 186 93716 188 94048 189 94381 189 94713 190 95046 190 95378 191 95710 192 96043 192 96375 193 96708 193 97041 194 97373 194 97706 194 98038 195 98371 195 98703 195 99036 195 99369 194 99701 194 100034 193 100367 124 100500 59 100699 123 100836 55 101032 122 101170 53 101365 121 101505 49 101697 121 101839 46 102030 121 102174 41 102362 121 102508 39 102695 121 102843 35 103028 120 103178 30 103360 121 103514 24 103693 121 103853 12 104025 121 104357 122 104690 122 105022 122 105354 123 105686 124 106018 125 106349 127 106681 127 107012 129 107343 131 107674 133 108005 135 108336 136 108668 137 109000 138 109332 139 109664 139 109996 140 110328 140 110660 141 110992 141 111324 142 111656 143 111988 143 112321 143 112653 143 112986 143 113320 141 113653 141 113986 140 114320 139 114654 138 114989 135 115323 134 115658 132 115992 131 116326 129 116660 128 116994 127 117328 126 117663 124 117997 122 118331 121 118665 120 118999 119 119333 118 119666 118 120000 117 120333 116 120667 115 121000 115 121334 114 121667 114 122001 113 122334 113 122667 113 123001 112 123334 112 123667 112 124001 111 124334 111 124667 111 125000 111 125334 110 125667 110 126000 110 126333 110 126667 109 127000 109 127333 109 127666 109 127999 109 128332 109 128666 108 128999 108 129332 108 129665 108 129998 108 130332 107 130665 107 130998 107 131332 106 131665 106 131999 105 132332 105 132666 103 133000 102 133334 101 133667 101 134001 100 134335 99 134669 98 135003 96 135336 96 135670 95 136004 94 136338 93 136671 92 137005 91 137339 90 137673 89 138006 88 138340 87 138674 86 139007 86 139341 84 139675 83 140009 82 140342 81 140676 80 141009 80 141343 78 141676 78 142010 77 142343 76 142676 76 143010 74 143343 74 143677 72 144010 72 144343 72 144677 70 145010 70 145343 69 145677 68 146010 67 146344 66 146677 65 147011 64 147344 64 147678 62 148011 61 148345 60 148678 59 149012 57 149345 37 149389 12 149679 31 149728 4 150012 22 150346 19 150680 16 151015 9
Siamese_39,16779 36 16823 4 17109 56 17439 61 17770 66 18101 70 18432 74 18763 78 19095 80 19427 83 19758 87 20090 89 20422 92 20753 98 21085 103 21416 110 21748 114 22079 120 22411 124 22742 130 23074 134 23406 138 23738 142 24071 145 24403 147 24735 149 25068 150 25400 151 25733 152 26066 152 26398 152 26731 152 27064 152 27396 152 27729 151 28062 149 28394 148 28727 147 29060 146 29392 146 29725 145 30058 144 30391 144 30723 144 31056 144 31388 144 31721 144 32054 143 32387 143 32719 143 33052 143 33385 143 33717 143 34050 143 34383 143 34716 143 35049 143 35382 143 35714 143 36047 143 36380 143 36713 143 37046 143 37378 144 37711 144 38044 144 38377 144 38710 145 39043 145 39375 146 39708 146 40041 146 40374 147 40707 147 41040 147 41373 148 41706 148 42039 148 42372 149 42705 149 43038 149 43371 149 43704 150 44036 151 44369 151 44702 152 45035 152 45368 152 45701 152 46034 152 46367 152 46700 153 47033 153 47366 153 47699 153 48031 154 48364 154 48697 154 49030 154 49363 154 49696 154 50029 154 50362 154 50695 154 51027 155 51360 155 51693 155 52026 155 52359 155 52692 156 53025 156 53358 156 53691 156 54024 156 54357 156 54690 156 55023 157 55356 157 55689 157 56022 157 56355 157 56688 157 57021 158 57354 158 57687 158 58020 158 58352 159 58685 159 59018 159 59351 159 59684 159 60017 159 60350 159 60683 159 61016 159 61349 160 61682 160 62015 160 62348 160 62681 160 63014 160 63347 160 63680 161 64013 161 64346 161 64679 161 65012 162 65345 162 65678 162 66011 163 66344 163 66677 163 67010 164 67343 164 67676 165 68009 165 68342 166 68675 167 69008 167 69342 167 69675 168 70008 168 70341 169 70674 170 71007 171 71340 172 71673 173 72006 174 72339 176 72672 177 73005 180 73338 183 73671 187 74004 190 74337 192 74670 193 75003 193 75336 194 75668 196 76001 196 76334 197 76667 197 77000 198 77333 198 77666 198 77999 160 78165 33 78332 157 78506 25 78665 155 78845 19 78998 154 79181 16 79331 152 79517 13 79664 151 79852 11 79997 150 80188 8 80330 149 80522 7 80663 148 80857 5 80996 148 81191 4 81329 147 81526 2 81663 146 81996 146 82329 147 82663 146 82996 146 83330 145 83664 144 83997 144 84331 143 84664 144 84997 144 85331 143 85664 143 85998 142 86331 143 86664 143 86997 143 87330 144 87664 143 87997 143 88330 143 88663 144 88996 144 89328 145 89661 146 89994 146 90327 147 90660 147 90992 149 91325 150 91658 151 91990 153 92323 154 92655 157 92987 159 93320 161 93652 165 93984 168 94287 5 94316 173 94619 9 94647 177 94952 12 94978 181 95285 15 95305 189 95618 210 95951 212 96284 213 96618 213 96951 215 97284 216 97617 217 97950 177 98143 25 98283 173 98480 22 98617 169 98815 21 98950 166 99150 20 99283 164 99485 18 99616 163 99819 18 99949 161 100153 17 100282 160 100487 16 100615 160 100821 16 100947 160 101155 15 101280 159 101489 14 101613 158 101822 14 101946 157 102156 12 102279 157 102490 11 102612 156 102823 11 102945 156 103157 10 103278 155 103491 8 103611 154 103824 8 103944 154 104158 6 104277 153 104493 3 104610 153 104943 152 105275 153 105608 153 105941 152 106274 152 106607 151 106940 151 107272 151 107605 150 107938 150 108271 149 108604 148 108936 148 109269 147 109602 146 109935 145 110268 143 110600 143 110933 140 111266 138 111599 136 111932 134 112265 131 112598 129 112931 127 113264 124 113597 122 113931 118 114264 116 114597 112 114931 108 115264 104 115597 99 115931 93 116264 91 116598 88 116931 87 117264 86 117598 85 117931 84 118265 83 118598 82 118931 82 119264 81 119598 80 119931 80 120264 79 120597 79 120930 79 121263 78 121596 78 121930 77 122264 75 122598 74 122933 72 123268 69 123602 68 123936 67 124270 65 124603 65 124936 65 125269 64 125603 63 125936 63 126269 62 126602 62 126935 62 127268 61 127601 61 127935 60 128268 59 128601 59 128934 58 129267 58 129600 57 129933 57 130266 57 130598 57 130931 57 131264 56 131597 56 131930 56 132263 55 132596 55 132929 54 133262 54 133595 53 133928 53 134261 52 134594 52 134927 51 135260 51 135593 50 135926 50 136259 49 136592 48 136925 48 137258 47 137591 46 137924 46 138257 45 138590 45 138923 44 139256 43 139589 43 139922 42 140255 42 140588 41 140921 41 141254 40 141587 39 141920 39 142252 39 142585 39 142918 39 143251 38 143584 38 143917 37 144250 37 144583 37 144916 36 145248 37 145581 37 145914 37 146247 36 146579 37 146912 37 147245 37 147578 37 147910 38 148243 37 148576 37 148909 37 149242 37 149574 38 149907 38 150240 38 150573 38 150906 38 151239 38 151572 38 151905 38 152238 37 152570 38 152903 38 153236 38 153569 38 153902 38 154235 38 154568 38 154901 39 155234 39 155567 39 155900 39 156233 39 156566 39 156899 39 157231 40 157564 40 157897 40 158230 40 158563 40 158896 40 159229 40 159562 40 159894 41 160227 40 160560 40 160893 40 161226 40 161559 40 161892 40 162225 40 162558 39 162891 39 163224 39 163557 39 163890 38 164223 38 164556 38 164889 37 165222 37 165555 37 165888 36 166221 36
British_Shorthair_42,14510 30 14838 47 14903 32 15167 104 15497 110 15826 116 16156 120 16486 125 16816 129 17147 131 17478 134 17809 137 18140 139 18471 142 18802 145 19134 146 19465 149 19796 151 20128 153 20459 155 20791 157 21122 159 21454 160 21785 163 22116 165 22448 166 22779 169 23110 171 23442 172 23774 173 24105 176 24437 177 24769 178 25100 180 25432 181 25764 182 26096 183 26427 185 26759 186 27091 187 27423 188 27754 191 28086 192 28418 193 28749 195 29081 196 29413 197 29744 199 30076 200 30408 201 30739 203 31071 204 31402 206 31734 207 32066 208 32398 209 32730 210 33062 211 33393 213 33725 214 34058 214 34390 215 34722 216 35054 217 35386 218 35718 219 36050 220 36382 221 36715 221 37047 222 37379 223 37711 224 38043 225 38375 226 38708 226 39040 227 39372 228 39704 229 40036 230 40369 230 40701 231 41034 231 41366 232 41698 233 42031 233 42363 234 42696 234 43028 235 43360 236 43693 236 44025 237 44358 237 44690 238 45023 238 45355 239 45687 240 46020 240 46352 241 46685 241 47017 242 47350 242 47683 242 48015 243 48348 242 48680 243 49013 243 49345 244 49678 244 50011 244 50343 245 50676 245 51008 246 51341 246 51673 247 52006 247 52338 248 52671 248 53004 248 53336 249 53669 250 54001 251 54334 251 54666 252 54999 252 55332 252 55665 252 55997 253 56330 253 56663 253 56995 254 57328 254 57661 254 57994 254 58326 255 58659 255 58992 255 59325 256 59657 257 59990 257 60323 257 60656 257 60988 258 61321 258 61654 258 61987 258 62319 259 62652 259 62985 259 63318 259 63651 259 63983 261 64316 261 64649 261 64982 261 65315 261 65648 261 65980 262 66313 262 66646 262 66979 262 67312 262 67645 262 67978 262 68311 262 68643 263 68976 263 69309 263 69642 263 69975 263 70308 263 70641 263 70974 263 71307 263 71640 263 71973 263 72306 263 72639 263 72972 263 73305 263 73638 263 73971 263 74304 263 74637 263 74970 263 75303 263 75637 262 75970 262 76303 262 76636 262 76969 262 77302 262 77635 262 77969 261 78302 261 78635 261 78968 261 79301 260 79634 260 79968 259 80301 259 80634 259 80967 259 81301 258 81634 258 81967 258 82300 258 82634 257 82967 257 83300 256 83634 255 83967 255 84300 255 84634 254 84967 254 85300 253 85634 252 85967 252 86300 252 86634 250 86967 250 87301 248 87634 241 87967 239 88301 238 88634 237 88968 236 89301 235 89634 235 89968 234 90302 232 90635 232 90969 230 91302 230 91636 229 91970 227 92303 227 92637 226 92970 226 93304 224 93638 223 93971 223 94305 222 94638 222 94972 221 95305 221 95639 220 95973 219 96306 219 96640 218 96974 217 97307 217 97641 216 97974 216 98308 215 98641 215 98975 215 99308 215 99642 214 99975 215 100308 215 100641 216 100974 217 101307 217 101640 218 101972 220 102304 223 102636 225 102934 6 102968 227 103266 9 103300 229 103599 13 103631 233 103933 17 103959 239 104266 266 104600 266 104933 267 105267 266 105601 266 105934 267 106268 266 106601 267 106935 267 107268 267 107602 266 107935 267 108269 266 108602 266 108935 267 109268 267 109602 266 109935 266 110268 266 110601 266 110934 266 111268 265 111601 265 111934 265 112267 265 112600 265 112933 265 113267 264 113600 264 113933 264 114266 264 114599 264 114932 264 115265 264 115598 264 115931 264 116264 264 116597 264 116930 264 117263 263 117596 263 117929 263 118262 263 118595 262 118929 261 119262 261 119595 260 119928 260 120261 259 120594 258 120927 257 121260 256 121593 256 121926 255 122259 254 122592 253 122925 252 123258 250 123591 249 123924 248 124257 246 124590 226 124824 10 124923 224 125256 221 125589 219 125922 217 126255 216 126589 213 126922 212 127255 211 127588 210 127921 209 128254 208 128587 207 128921 205 129254 203 129587 202 129920 201 130253 199 130586 197 130919 196 131253 193 131586 191 131919 189 132252 186 132585 183 132919 179 133252 177 133585 174 133918 173 134251 171 134584 169 134917 167 135250 165 135583 163 135916 161 136249 160 136582 158 136915 157 137248 155 137581 154 137914 152 138246 152 138579 150 138912 148 139245 146 139578 144 139910 143 140243 141 140575 140 140908 139 141240 139 141572 138 141904 137 142237 136 142569 135 142901 135 143234 133 143566 132 143898 132 144230 131 144563 129 144895 129 145227 128 145560 127 145892 127 146225 125 146557 125 146890 123 147223 121 147555 120 147888 119 148221 116 148554 114 148887 112 149220 110 149553 45 149607 54 149887 31 149946 46 150220 26 150285 37 150555 18 150622 30 150892 5 150960 20
Bengal_122,15414 11 15745 20 16077 27 16215 5 16410 32 16546 9 16743 36 16878 11 17076 38 17210 13 17409 40 17542 15 17742 42 17874 17 18075 44 18206 18 18408 47 18538 20 18742 49 18869 22 19075 52 19186 8 19199 25 19408 55 19517 41 19742 56 19848 43 20075 58 20177 47 20408 61 20507 50 20742 62 20836 55 21075 63 21167 57 21408 65 21498 59 21742 66 21830 60 22075 73 22161 62 22408 79 22492 65 22742 148 23075 148 23408 148 23742 147 24075 147 24408 147 24741 147 25075 146 25408 146 25741 146 26074 146 26407 146 26740 146 27073 146 27406 146 27739 146 28072 146 28405 146 28737 147 29070 147 29403 147 29736 147 30068 148 30401 148 30734 148 31067 148 31399 149 31732 149 32065 149 32398 149 32731 149 33063 150 33396 150 33729 150 34061 151 34394 151 34726 152 35059 152 35391 153 35724 153 36057 153 36389 154 36722 154 37054 155 37387 155 37720 155 38052 156 38385 156 38718 156 39050 157 39383 157 39716 157 40048 158 40381 158 40714 158 41046 159 41379 159 41712 159 42045 159 42377 160 42710 160 43043 160 43376 160 43709 160 44042 160 44375 160 44708 160 45040 161 45373 161 45706 161 46039 161 46371 162 46704 162 47037 162 47369 163 47702 163 48035 163 48367 164 48700 164 49033 164 49366 164 49698 165 50031 165 50363 166 50696 166 51028 167 51361 167 51693 168 52025 169 52357 170 52689 171 53021 172 53353 173 53685 174 54017 175 54349 176 54680 178 55012 179 55344 180 55676 181 56007 183 56339 184 56671 185 57003 186 57336 186 57668 187 58000 188 58333 188 58666 188 58999 188 59332 188 59665 189 59999 16 60024 163 60332 9 60364 156 60699 154 61033 153 61367 152 61700 152 62034 151 62367 151 62701 150 63035 150 63368 150 63702 149 64035 149 64368 149 64702 148 65035 148 65369 147 65702 147 66035 147 66368 147 66702 146 67035 145 67368 145 67701 145 68034 145 68367 145 68700 145 69034 144 69367 144 69700 144 70033 144 70367 143 70700 143 71033 143 71367 142 71700 142 72033 143 72366 143 72699 143 73032 143 73366 142 73699 142 74032 143 74365 143 74698 143 75031 143 75364 144 75697 144 76030 144 76363 145 76696 145 77029 145 77362 146 77695 146 78028 147 78361 147 78694 147 79027 148 79359 149 79692 150 80025 150 80358 150 80691 151 81024 151 81357 152 81690 152 82022 153 82355 153 82688 154 83021 154 83354 154 83686 155 84019 156 84352 156 84685 156 85018 156 85351 156 85683 158 86016 158 86349 158 86682 158 87015 159 87347 160 87680 160 88013 160 88346 160 88678 161 89011 161 89344 162 89677 162 90010 162 90342 163 90675 163 91008 163 91340 164 91673 164 92005 166 92338 166 92670 167 93003 167 93336 167 93668 169 94001 169 94333 170 94666 170 94999 170 95332 170 95664 172 95997 172 96330 172 96663 172 96996 172 97330 172 97663 172 97996 172 98329 172 98662 172 98995 173 99328 173 99661 173 99994 173 100327 173 100660 174 100993 174 101326 174 101659 174 101992 175 102325 175 102658 175 102991 175 103324 175 103656 177 103989 177 104322 177 104655 177 104988 178 105321 178 105654 178 105987 178 106320 179 106653 179 106986 179 107319 179 107651 180 107984 181 108317 181 108650 181 108983 181 109316 181 109649 182 109982 182 110315 182 110648 182 110981 182 111313 184 111646 184 111979 184 112312 184 112645 184 112978 184 113311 184 113644 184 113977 185 114310 185 114643 185 114976 185 115309 185 115642 185 115975 185 116308 185 116641 185 116974 185 117307 186 117640 186 117973 186 118306 186 118639 186 118972 186 119305 186 119638 186 119971 186 120304 186 120637 186 120970 186 121303 186 121636 186 121969 186 122303 185 122636 185 122969 185 123302 185 123635 185 123968 185 124301 185 124634 185 124967 185 125300 185 125633 185 125966 185 126299 185 126632 185 126965 185 127298 185 127631 185 127964 185 128297 185 128630 185 128963 185 129296 185 129629 185 129962 185 130295 185 130628 185 130961 185 131295 185 131628 185 131961 185 132294 185 132627 185 132960 185 133294 184 133627 184 133960 184 134293 184 134627 183 134960 183 135293 183 135627 182 135960 182 136293 182 136626 182 136960 181 137293 181 137626 181 137960 180 138293 180 138626 179 138960 178 139293 178 139626 178 139960 177 140293 177 140626 177 140960 176 141293 176 141626 176 141960 175 142293 175 142626 175 142959 175 143293 174 143626 174 143959 174 144293 173 144626 173 144959 173 145293 172 145626 172 145960 170 146293 170 146626 170 146960 169 147293 169 147627 168 147960 168 148294 167 148627 167 148961 166 149294 165 149628 164 149961 164 150295 163 150628 163 150961 162 151295 161 151628 161 151962 160 152295 160 152629 158 152962 158 153295 158 153629 157 153962 156 154296 155 154629 155 154963 154 155296 154 155629 153 155963 152 156296 152 156630 151 156963 150 157297 149 157630 149 157964 148 158297 147 158631 146 158964 146 159298 144 159631 144 159965 143 160299 141 160633 140 160966 139 161300 138 161634 136 161968 134 162301 134 162635 132 162969 131 163303 129 163636 128 163970 126 164304 124 164637 123 164971 121 165304 120 165638 119 165971 118 166305 116
american_pit_bull_terrier_20,3881 5 4314 8 4748 9 5045 1 5182 10 5477 6 5616 10 5909 10 6050 10 6342 12 6484 11 6775 14 6918 11 7208 17 7352 11 7642 18 7787 10 8075 21 8221 11 8508 26 8656 11 8941 38 9090 12 9374 40 9524 12 9806 43 9958 14 10239 46 10392 14 10672 47 10826 15 11106 48 11182 1 11260 16 11539 54 11613 7 11694 17 11973 54 12047 8 12128 20 12408 52 12481 7 12563 19 12842 52 12915 7 12997 20 13276 52 13349 7 13431 20 13640 2 13710 52 13782 9 13865 21 14071 6 14144 53 14216 9 14299 21 14502 10 14577 54 14650 9 14734 20 14935 13 15011 54 15084 9 15168 20 15368 17 15436 63 15518 9 15602 20 15801 18 15864 69 15952 9 16036 21 16234 19 16296 71 16386 9 16470 21 16668 19 16728 74 16820 9 16904 21 17101 20 17161 75 17254 9 17338 21 17535 20 17595 74 17688 9 17772 21 17969 20 18028 75 18123 7 18206 21 18403 20 18461 77 18557 7 18639 22 18837 20 18894 77 18991 6 19073 22 19271 20 19328 78 19426 4 19507 23 19705 20 19761 79 19862 1 19940 24 20139 20 20194 80 20374 24 20573 20 20628 80 20807 25 21007 21 21062 80 21240 27 21441 21 21495 81 21674 27 21876 21 21928 82 22107 28 22310 21 22361 83 22540 29 22744 21 22794 84 22973 30 23178 21 23228 84 23407 29 23613 20 23661 85 23840 30 24047 21 24096 84 24274 30 24480 24 24530 84 24708 30 24915 25 24941 2 24964 84 25141 31 25348 26 25399 83 25575 31 25782 25 25834 82 26008 32 26216 25 26270 66 26341 9 26441 33 26650 24 26706 62 26778 1 26780 4 26874 34 27083 25 27143 56 27214 5 27307 35 27516 26 27580 51 27646 7 27740 36 27949 27 28016 48 28079 9 28173 37 28382 28 28451 46 28513 9 28606 38 28814 30 28885 44 28946 11 29038 40 29247 32 29320 42 29379 13 29471 41 29680 33 29755 40 29813 13 29904 42 30113 34 30189 39 30246 15 30337 43 30546 36 30623 39 30680 15 30770 44 30979 37 31057 38 31113 16 31203 45 31412 38 31490 39 31547 17 31638 44 31843 42 31924 37 31981 18 32072 44 32274 45 32359 35 32415 18 32508 42 32707 47 32792 35 32848 20 32943 41 33139 49 33226 34 33282 20 33377 42 33572 50 33660 34 33717 20 33812 41 34005 51 34094 33 34151 20 34247 40 34439 51 34528 32 34585 21 34681 40 34872 52 34963 30 35020 20 35116 39 35306 52 35397 30 35454 21 35551 38 35740 52 35831 29 35888 21 35985 38 36174 52 36265 29 36323 20 36419 38 36607 53 36702 4 36709 19 36757 20 36854 37 37041 53 37144 17 37192 18 37289 36 37475 53 37580 14 37626 18 37724 35 37910 52 38015 12 38061 17 38159 34 38344 52 38449 12 38495 16 38594 33 38778 52 38884 10 38929 16 39028 33 39212 52 39318 9 39364 14 39463 32 39646 52 39753 7 39798 14 39897 31 40079 53 40187 6 40233 12 40332 30 40513 53 40622 4 40667 12 40767 29 40946 54 41101 12 41201 29 41380 54 41536 11 41635 29 41814 54 41970 10 42070 28 42248 54 42405 9 42504 28 42682 54 42839 9 42939 27 43116 53 43274 7 43373 27 43550 53 43708 7 43808 25 43984 53 44143 6 44242 25 44418 53 44577 6 44677 24 44852 53 45011 5 45112 23 45287 52 45446 4 45547 22 45721 52 45881 2 45981 22 46156 51 46315 2 46416 21 46590 50 46850 21 47024 49 47285 20 47458 48 47719 20 47892 48 48153 20 48327 47 48587 20 48761 47 49021 20 49196 37 49236 3 49455 21 49630 36 49889 21 50065 34 50323 22 50499 34 50757 22 50934 33 51191 22 51368 33 51625 22 51803 32 52059 22 52237 32 52493 22 52672 31 52927 22 53106 31 53361 22 53541 30 53580 1 53795 22 53975 30 54013 4 54230 21 54410 29 54447 4 54664 21 54844 29 55098 21 55279 28 55532 21 55713 27 55967 20 56148 25 56401 20 56583 24 56835 20 57018 23 57269 20 57455 19 57704 19 57891 16 58138 19 58326 15 58572 19 58761 13 59006 19 59196 11 59441 18 59632 8 59875 18 60066 8 60309 17 60500 8 60742 18 60935 6 61176 18 61369 6 61611 16 61804 4 62046 15 62481 14 62672 3 62915 14 63107 1 63350 13 63784 13 64218 12 64653 11 65087 10 65522 9 65956 9 66391 8 66825 5 67259 4 67694 3 68128 2 70920 1 71787 4 72221 4 72655 4 73090 3 73524 5 73960 3 100372 3 100803 16 101233 24 101664 31 102095 35 102526 40 102957 45 103389 49 103821 55 103917 2 104254 65 104342 29 104687 68 104774 36 105120 72 105206 43 105553 75 105636 51 105987 140 106420 146 106854 149 107287 152 107721 155 108154 158 108588 160 109022 162 109455 165 109889 166 110322 169 110756 170 111190 172 111624 173 112058 175 112492 177 112926 179 113360 181 113794 183 114228 186 114662 189 115096 192 115530 194 115964 196 116398 198 116832 200 117266 202 117700 204 118134 206 118568 208 119002 210 119436 212 119870 215 120304 219 120738 221 121172 222 121606 224 122039 227 122473 229 122907 231 123341 232 123775 233 124209 235 124642 238 125076 247 125510 249 125944 250 126378 252 126811 254 127245 257 127679 266 128113 273 128546 276 128980 278 129414 279 129848 280 130281 282 130715 282 131149 283 131583 284 132016 285 132450 286 132884 288 133318 289 133752 291 134185 293 134619 294 135053 296 135487 297 135921 298 136354 300 136788 301 137222 302 137656 303 138090 304 138524 304 138958 305 139392 306 139826 306 140260 307 140694 307 141128 308 141562 309 141996 309 142430 310 142864 310 143298 310 143732 311 144166 311 144600 312 145034 312 145468 312 145902 313 146336 313 146770 313 147204 313 147638 314 148072 314 148506 314 148940 315 149374 315 149808 315 150242 315 150676 315 151111 315 151545 315 151979 315 152413 315 152847 316 153280 317 153714 317 154148 318 154582 318 155016 318 155450 318 155884 318 156318 319 156752 319 157186 319 157620 319 158054 319 158488 319 158922 319 159356 319 159790 319 160224 320 160658 320 161092 320 161526 320 161960 320 162394 320 162829 319 163263 319 163697 319 164131 318 164565 318 164999 318 165433 318 165867 318 166301 318 166735 317 167169 317 167603 317 168036 318 168470 317 168904 317 169338 317 169771 318 170205 318 170638 319 171071 319 171505 319 171938 320 172371 321 172799 326 173229 330 173662 330 174095 331 174527 332 174960 332 175394 331 175827 331 176260 331 176693 332 177127 331 177560 331 177994 330 178427 330 178861 329 179294 329 179728 328 180162 326 180595 242 180864 57 181029 235 181305 48 181463 229 181744 42 181897 225 182183 34 182331 221 182620 30 182765 219 183056 26 183200 215 183493 21 183634 213 183931 14 184069 209 184503 207 184938 205 185373 203 185808 201 186243 199 186680 195 187116 193 187551 191 187987 18 188009 167 188450 159 188891 152 189331 145 189767 142 190202 141 190638 138 191073 137 191509 134 191945 131 192382 127 192818 124 193254 121 193689 119 194124 114 194560 45 194995 39 195430 34 195865 30 196301 26 196736 24 197172 20 197607 17 198043 13 198480 8
yorkshire_terrier_41,16203 6 16534 12 16866 15 17197 19 17529 21 17861 22 18192 25 18524 26 18855 29 19187 30 19519 32 19852 32 20184 33 20516 34 20848 35 21181 35 21513 36 21846 36 22179 36 22511 37 22844 37 23177 37 23509 38 23842 38 24175 39 24507 40 24840 40 25173 40 25505 41 25838 41 26171 41 26503 42 26836 42 27169 42 27501 43 27833 44 28166 44 28498 45 28830 46 29162 47 29493 49 29824 52 30154 55 30483 59 30791 11 30811 64 31120 88 31449 92 31780 94 32111 96 32443 97 32775 98 33107 99 33439 100 33771 101 34103 102 34435 103 34767 104 35084 2 35099 105 35414 7 35432 105 35746 9 35764 106 36078 10 36096 108 36411 11 36428 109 36744 12 36760 110 37077 14 37092 111 37410 126 37742 128 38075 128 38408 128 38741 129 39074 129 39407 130 39740 130 40073 131 40406 131 40738 133 41071 134 41404 134 41737 135 42070 135 42403 135 42736 136 43069 136 43402 136 43735 136 44068 136 44401 136 44734 136 45067 136 45400 136 45732 137 46065 137 46398 137 46731 137 47063 138 47396 137 47729 137 48062 137 48395 137 48727 138 49060 138 49393 138 49726 138 50058 138 50391 138 50724 138 51057 138 51390 138 51722 140 52055 140 52388 140 52720 141 53053 141 53386 141 53719 141 54052 141 54385 141 54718 141 55050 142 55383 142 55716 142 56049 142 56382 142 56715 142 57047 143 57380 143 57713 144 58044 146 58377 146 58709 147 59042 147 59375 147 59707 148 60040 148 60371 150 60704 150 61036 151 61369 152 61701 153 62034 153 62367 153 62699 154 63032 154 63364 155 63697 155 64030 155 64363 155 64696 155 65028 156 65361 155 65694 155 66027 155 66360 155 66693 155 67026 155 67359 155 67691 156 68024 156 68357 156 68690 155 69023 155 69356 155 69688 156 70021 156 70354 155 70687 155 71020 155 71352 156 71685 156 72018 155 72351 155 72683 156 73016 156 73349 156 73681 157 74014 156 74346 157 74679 157 75011 158 75343 159 75675 160 76007 161 76338 162 76670 163 77001 165 77333 166 77664 168 77996 169 78327 171 78659 172 78991 172 79299 3 79322 174 79631 5 79654 175 79964 7 79987 175 80297 11 80319 176 80630 12 80651 177 80963 13 80983 178 81296 15 81315 179 81629 198 81962 198 82295 198 82628 198 82961 198 83295 197 83628 197 83962 196 84300 191 84636 188 84971 186 85306 184 85640 183 85974 182 86308 181 86642 180 86975 180 87309 179 87642 179 87975 179 88309 178 88642 178 88975 178 89309 177 89642 177 89976 176 90310 175 90643 175 90977 174 91311 173 91646 171 91981 169 92317 166 92654 162 92988 161 93323 159 93657 158 93990 158 94323 158 94656 158 94990 157 95323 157 95657 156 95991 155 96325 154 96658 154 96991 154 97325 153 97659 152 97992 152 98325 152 98659 151 98992 151 99325 151 99659 150 99992 150 100325 150 100659 149 100992 149 101326 148 101660 147 101994 146 102341 132 102676 130 103011 128 103346 126 103681 124 104016 122 104351 120 104686 118 105021 116 105355 115 105691 112 106026 4 106036 100 106372 97 106706 96 107040 95 107374 94 107708 93 108041 93 108375 92 108709 91 109042 91 109376 91 109709 91 110043 90 110376 90 110710 89 111043 89 111376 89 111710 88 112043 88 112376 88 112710 87 113043 87 113376 87 113709 87 114043 86 114376 86 114709 86 115042 86 115376 85 115709 84 116042 84 116375 84 116708 84 117041 84 117375 83 117708 83 118041 83 118374 83 118707 83 119040 83 119373 83 119706 83 120039 83 120372 83 120705 83 121038 83 121371 83 121704 83 122037 83 122370 83 122703 83 123036 83 123369 83 123702 83 124035 83 124369 82 124702 82 125035 83 125368 83 125701 83 126034 83 126367 83 126700 83 127034 82 127367 82 127700 82 128033 82 128366 82 128700 81 129033 81 129366 81 129699 81 130032 81 130366 80 130699 80 131032 80 131365 80 131698 80 132032 79 132365 79 132698 79 133031 79 133364 79 133698 79 134031 79 134364 79 134697 79 135030 79 135363 79 135697 78 136030 78 136363 77 136696 77 137029 77 137362 77 137695 77 138028 78 138362 77 138695 77 139028 77 139361 77 139695 76 140028 76 140361 76 140695 75 141029 74 141362 74 141696 73 142030 72 142364 71 142697 71 143031 70 143364 70 143698 69 144031 69 144365 68 144698 68 145032 67 145366 66 145700 65 146036 1 146038 60 146371 60 146705 59 147039 58 147372 58 147706 57 148040 56 148374 55 148714 48 149048 47 149385 42 149723 37 150061 32 150399 2 150412 13
newfoundland_69,61669 6 62166 11 62663 15 63161 18 63659 20 64156 23 64654 26 65152 28 65650 30 66148 32 66647 33 67145 35 67644 36 68143 37 68642 38 69141 39 69640 39 69785 9 70140 39 70281 18 70639 40 70779 32 71138 41 71276 42 71638 41 71774 47 72137 42 72272 52 72637 42 72770 55 73137 43 73267 60 73636 44 73765 64 74136 44 74262 69 74635 46 74760 73 75135 47 75258 77 75634 48 75756 81 76134 49 76254 85 76634 50 76752 89 77133 52 77250 94 77633 53 77747 99 78132 55 78245 104 78632 57 78742 110 79131 59 79238 118 79630 61 79735 124 80129 64 80231 134 80629 65 80725 150 80925 10 81128 68 81221 166 81420 18 81627 71 81716 177 81915 25 82126 76 82210 231 82624 319 83123 320 83621 323 84119 326 84616 329 85114 332 85610 336 86108 338 86605 341 87102 344 87600 346 88097 349 88595 351 89093 354 89590 357 90088 359 90584 363 91081 366 91578 370 92076 372 92574 374 93072 376 93571 378 94070 379 94569 380 95068 382 95567 383 96066 385 96565 386 97065 387 97564 388 98063 390 98562 392 99062 394 99561 398 99960 2 100061 408 100560 412 101059 415 101559 417 102058 420 102558 421 103057 422 103556 424 104056 425 104555 426 105054 428 105554 302 105876 106 106053 300 106385 98 106552 300 106893 90 107051 300 107397 86 107551 300 107901 34 107938 45 108050 300 108404 26 108432 3 108440 44 108549 301 108906 23 108932 3 108940 44 109048 302 109408 21 109432 3 109441 43 109547 303 109910 19 109932 3 109941 44 110046 304 110411 18 110432 3 110442 43 110546 305 110912 17 110942 43 111045 306 111413 15 111442 42 111544 307 111915 13 111942 42 112044 307 112416 12 112443 41 112543 308 112916 12 112946 38 112986 2 113042 309 113417 11 113447 44 113542 309 113917 11 113948 44 114041 309 114418 11 114449 44 114540 310 114917 12 114949 45 115040 310 115417 13 115449 45 115539 311 115917 13 115949 47 116039 311 116416 16 116441 3 116449 47 116538 312 116915 18 116939 6 116949 48 117038 313 117414 83 117538 313 117912 85 118037 314 118411 87 118537 315 118910 87 119037 316 119408 89 119536 318 119907 89 120036 319 120406 87 120536 321 120904 88 121036 323 121402 88 121535 327 121899 90 122035 328 122395 91 122535 329 122892 93 123035 329 123390 79 123473 10 123534 331 123888 78 124034 332 124386 78 124534 332 124884 78 125034 334 125382 79 125534 335 125880 80 126034 337 126375 84 126534 423 127034 422 127534 421 128034 419 128534 418 129034 416 129534 414 130034 413 130535 410 131035 409 131535 407 132036 404 132536 402 133037 400 133537 398 134038 395 134538 393 135039 391 135539 389 136040 387 136540 385 137041 382 137541 381 138042 378 138542 262 138805 114 139042 255 139309 108 139542 252 139811 104 140042 249 140312 102 140543 245 140814 99 141043 244 141315 97 141543 242 141815 96 142043 241 142316 94 142543 240 142816 93 143043 240 143317 90 143543 239 143817 90 144043 239 144318 88 144542 240 144818 87 145042 241 145318 86 145542 241 145818 85 146042 242 146317 85 146542 243 146816 85 147042 244 147315 85 147542 246 147815 84 148042 249 148314 83 148542 251 148813 83 149042 253 149312 82 149542 255 149811 80 150042 258 150309 80 150542 345 151042 290 151335 49 151542 285 151840 42 152043 282 152345 35 152543 280 152849 29 153043 279 153353 23 153543 278 153857 17 154043 278 154360 12 154544 277 155044 277 155544 277 156044 278 156544 278 157044 279 157544 280 158044 280 158544 281 159044 282 159544 284 160045 284 160545 285 161045 287 161545 288 162045 290 162545 292 163045 293 163546 294 164046 295 164546 295 165047 294 165548 293 166048 293 166549 292 167049 292 167550 291 168051 290 168551 290 169052 289 169553 288 170053 287 170554 286 171055 285 171556 284 172056 284 172557 283 173058 282 173558 282 174059 281 174560 280 175061 279 175561 279 176062 278 176563 276 177064 275 177565 273 178066 272 178567 270 179068 268 179569 266 180070 264 180571 262 181073 259 181574 257 182075 255 182576 253 183078 249 183579 247 184080 244 184582 241 185083 238 185584 235 186086 232 186587 229 187088 226 187590 223 188092 219 188593 216 189095 212 189597 208 190099 203 190601 199 191102 195 191604 190 192106 186 192608 182 193109 179 193612 174 194113 171 194614 167 195116 163 195618 159 196119 155 196620 152 197122 148 197623 145 198125 141 198626 138 199128 134 199630 130 200131 128 200633 124 201136 119 201638 115 202140 111 202643 106 203146 101 203648 98 204151 93 204654 88 205156 84 205660 78 206164 72 206669 64 207174 56 207680 45 208187 30 208696 15
boxer_166,15247 2 15745 6 16245 6 16745 7 17244 9 17744 10 18244 10 18743 12 19243 13 19743 13 20242 15 20742 15 21242 15 21742 16 22241 18 22741 18 23240 19 23740 19 24240 20 24740 20 25239 21 25739 21 26239 21 26738 22 27238 23 27737 24 28237 24 28736 25 29235 27 29734 28 30234 28 30732 30 31231 31 31730 32 32228 34 32727 35 33225 37 33723 39 34221 41 34720 42 35218 43 35717 44 36215 46 36714 47 37212 49 37711 50 38209 52 38708 54 39206 56 39704 58 40203 59 40701 62 41200 64 41699 67 41791 7 42198 70 42290 9 42697 78 42791 7 43196 80 43695 80 44195 80 44694 80 45193 81 45692 81 46192 81 46691 81 47190 81 47690 80 48189 80 48688 80 49188 80 49688 79 50187 80 50687 79 51186 79 51686 79 52185 79 52685 79 53185 79 53685 79 54184 79 54684 79 55184 79 55684 79 56183 79 56683 79 57182 80 57682 80 58181 81 58681 81 59181 81 59680 82 60180 82 60680 82 61180 82 61680 82 62179 83 62679 83 63179 83 63679 83 64179 83 64679 83 65179 84 65680 83 66180 84 66680 84 67180 84 67680 85 68180 85 68681 85 69181 85 69681 86 70181 87 70682 86 71182 87 71682 88 72182 89 72682 90 73182 91 73683 91 74183 93 74683 95 75183 98 75683 104 76183 114 76684 126 77184 137 77630 5 77684 143 78126 10 78184 146 78623 13 78684 148 79121 15 79184 150 79619 17 79684 152 80117 19 80184 154 80615 20 80684 156 81114 21 81184 157 81612 23 81684 159 82111 24 82184 161 82610 25 82683 163 83109 26 83182 166 83609 26 83681 168 84108 27 84180 171 84608 28 84678 174 85108 28 85175 178 85608 29 85669 185 86108 31 86153 202 86608 34 86645 211 87108 249 87608 250 88109 250 88609 251 89109 252 89609 209 89825 38 90108 205 90332 32 90608 201 90835 30 91108 199 91338 28 91608 197 91840 28 92108 195 92343 26 92608 194 92845 26 93107 194 93347 25 93607 193 93849 24 94107 192 94352 23 94607 191 94853 23 95107 191 95355 23 95607 190 95857 22 96107 189 96359 22 96607 188 96860 23 97107 188 97362 22 97607 187 97863 23 98107 186 98364 24 98607 186 98865 25 99107 186 99366 26 99607 186 99867 27 100107 185 100368 28 100607 185 100870 28 101107 185 101370 29 101607 185 101871 30 102107 185 102372 30 102607 185 102873 31 103107 185 103374 31 103608 184 103875 31 104108 184 104376 30 104608 184 104876 30 105108 184 105377 30 105608 184 105878 29 106108 184 106379 28 106608 184 106881 25 107108 184 107382 24 107607 185 107883 23 108107 186 108385 20 108607 186 108887 18 109107 186 109389 15 109607 186 109892 11 109919 5 110107 186 110395 7 110418 6 110607 186 110917 7 111107 186 111416 9 111607 186 111916 9 112107 186 112415 10 112607 186 112915 10 113107 186 113415 10 113607 186 113915 10 114107 186 114415 10 114607 186 114916 9 114959 6 115107 186 115416 9 115457 10 115606 187 115917 8 115956 12 116106 186 116418 6 116457 11 116606 186 116919 5 116958 11 117106 186 117421 3 117459 9 117605 188 117960 8 118105 188 118463 4 118605 188 119105 189 119605 189 120105 190 120605 191 121105 192 121605 193 122105 194 122605 196 123105 198 123605 218 124105 232 124605 241 125105 252 125364 22 125605 284 126105 285 126604 288 127104 289 127604 290 128103 293 128603 295 129102 298 129602 299 130102 301 130602 302 131102 61 131178 228 131602 49 131681 226 132102 41 132185 224 132602 39 132687 223 133103 36 133190 222 133604 34 133693 220 134105 31 134196 217 134606 30 134698 152 134877 37 135107 28 135201 141 135388 26 135608 26 135703 133 135893 21 136110 24 136206 125 136396 19 136612 21 136709 82 136810 15 136898 18 137114 19 137212 74 137401 17 137616 16 137716 65 137903 19 138118 14 138222 55 138405 20 138621 10 138732 40 138907 23 138939 8 139124 6 139243 23 139410 40 139912 40 140415 39 140919 36 141422 34 141925 31 142427 29 142930 24 143433 20 143939 10
german_shorthaired_75,45245 4 45575 15 45905 25 46235 34 46567 40 46899 46 47230 53 47561 58 47893 62 48225 65 48557 68 48889 71 49221 73 49424 7 49553 76 49755 12 49886 77 50088 13 50218 79 50420 15 50550 81 50752 17 50883 82 51085 18 51216 83 51417 20 51548 85 51750 21 51881 85 52082 23 52214 86 52415 24 52547 87 52748 25 52880 88 53080 27 53214 88 53413 28 53547 89 53746 29 53880 90 54079 30 54213 91 54411 32 54547 91 54743 34 54880 92 55075 36 55213 94 55407 38 55547 94 55739 40 55880 96 56071 42 56213 98 56403 44 56547 99 56735 46 56880 101 57066 49 57213 104 57398 51 57547 106 57729 54 57880 110 58060 57 58214 112 58390 61 58547 117 58721 64 58880 120 59051 68 59214 124 59352 10 59380 73 59547 240 59880 241 60213 242 60546 243 60879 244 61212 245 61545 246 61878 247 62210 249 62543 250 62876 251 63208 253 63541 254 63873 256 64206 257 64539 258 64872 259 65205 260 65538 261 65872 261 66205 262 66539 262 66872 263 67206 263 67540 263 67873 264 68207 264 68541 264 68874 265 69208 265 69542 265 69875 266 70209 266 70542 267 70876 267 71210 267 71543 268 71877 268 72210 269 72544 269 72878 269 73211 270 73545 270 73878 271 74212 271 74546 271 74879 272 75213 272 75547 272 75881 272 76215 272 76548 273 76882 273 77216 273 77550 273 77884 273 78218 273 78552 273 78886 273 79220 273 79554 273 79888 273 80222 273 80556 273 80890 273 81224 273 81558 273 81892 273 82226 273 82560 273 82894 273 83228 273 83562 273 83896 273 84230 273 84564 273 84898 273 85232 273 85566 273 85900 273 86234 273 86568 273 86902 273 87236 273 87570 273 87904 273 88238 273 88572 273 88906 273 89240 273 89574 273 89909 272 90243 272 90577 272 90912 271 91246 271 91581 270 91915 270 92250 269 92585 268 92920 267 93254 267 93589 266 93924 265 94259 264 94594 263 94929 262 95264 261 95598 261 95933 260 96268 259 96603 258 96938 257 97273 256 97608 255 97942 255 98277 254 98612 253 98947 252 99282 251 99616 251 99951 250 100286 249 100621 248 100955 248 101290 247 101625 180 101814 57 101959 178 102153 52 102294 175 102490 49 102629 173 102827 46 102964 171 103165 42 103298 170 103502 39 103633 169 103838 37 103968 167 104175 34 104303 166 104511 32 104637 166 104846 31 104972 165 105182 29 105307 164 105518 27 105642 163 105853 26 105977 162 106189 24 106312 162 106524 23 106647 161 106860 21 106981 162 107196 19 107316 161 107532 17 107651 161 107868 15 107986 160 108204 13 108321 159 108540 11 108656 159 108876 8 108991 158 109214 2 109326 157 109662 156 109997 155 110333 153 110669 151 111005 149 111342 146 111679 143 112016 140 112353 137 112690 134 113028 129 113365 126 113703 122 114040 118 114376 116 114712 113 115049 110 115385 107 115722 104 116058 101 116394 98 116730 95 117067 91 117403 89 117740 85 118080 78 118418 73 118757 67 119095 61 119431 58 119772 30 119806 15 120116 13
miniature_pinscher_149,5988 5 6208 14 6430 18 6653 21 6876 24 7099 27 7323 28 7547 29 7771 30 7995 32 8218 34 8442 35 8666 36 8890 38 9113 40 9337 41 9561 42 9785 43 10008 45 10232 46 10374 5 10456 47 10598 12 10680 48 10821 20 10904 49 11044 25 11128 50 11267 30 11352 51 11491 33 11575 53 11715 35 11799 54 11941 36 12022 57 12168 35 12245 59 12394 36 12468 61 12556 11 12621 35 12692 63 12778 18 12847 36 12915 66 12999 23 13072 37 13139 68 13221 27 13298 38 13363 71 13443 31 13524 40 13587 112 13749 42 13811 113 13974 46 14035 115 14200 48 14258 117 14425 175 14650 175 14875 175 15100 175 15325 175 15550 176 15775 175 16000 175 16225 175 16450 176 16675 175 16900 175 17125 175 17350 175 17575 175 17800 175 18024 175 18249 174 18474 174 18699 173 18924 172 19149 172 19374 172 19598 172 19823 172 20048 171 20273 170 20498 169 20722 168 20947 166 21172 164 21396 162 21621 159 21846 157 22070 155 22295 148 22519 144 22743 144 22968 143 23192 144 23416 144 23641 144 23865 145 24089 145 24313 146 24538 146 24763 146 24988 146 25213 145 25438 145 25664 144 25889 144 26115 143 26342 141 26569 41 26613 95 26797 20 26822 3 26840 93 27067 91 27293 90 27519 89 27744 90 27970 89 28195 90 28421 90 28646 92 28871 94 29097 95 29322 97 29547 99 29773 100 29998 101 30224 101 30449 102 30675 101 30900 102 31126 102 31352 101 31577 102 31803 102 32029 102 32254 103 32480 103 32705 103 32931 103 33156 103 33381 104 33606 104 33831 104 34057 103 34282 103 34507 103 34732 103 34958 102 35183 102 35408 54 35470 40 35634 51 35697 38 35859 50 35923 37 36085 49 36149 36 36310 48 36375 35 36536 47 36601 34 36761 46 36827 33 36987 45 37052 33 37213 43 37278 32 37440 41 37504 30 37667 39 37729 30 37893 38 37955 28 38120 36 38181 27 38346 35 38407 25 38572 34 38632 25 38797 34 38858 23 39023 33 39083 23 39249 32 39309 21 39475 32 39534 21 39700 32 39759 20 39926 32 39984 19 40151 32 40209 19 40376 33 40434 19 40601 34 40659 18 40827 34 40884 17 41052 35 41108 18 41276 37 41332 18 41501 38 41555 19 41683 6 41726 41 41777 21 41907 11 41950 71 42131 14 42174 69 42356 16 42398 66 42528 2 42581 18 42622 65 42752 6 42806 20 42845 66 42976 9 43031 22 43068 67 43201 10 43256 24 43291 68 43426 11 43481 103 43651 11 43706 102 43876 12 43931 101 44101 12 44155 100 44326 11 44380 91 44551 10 44604 90 44776 9 44829 89 45001 8 45053 89 45226 7 45278 89 45451 6 45502 90 45676 6 45727 89 45901 5 45951 90 46128 2 46175 91 46400 91 46624 92 46848 93 47072 94 47297 94 47522 95 47746 96 47971 96 48197 95 48422 95 48647 95 48872 96 49098 95 49324 94 49549 95 49775 94 50000 94 50226 94 50451 94 50677 94 50902 94 51127 95 51353 95 51578 97 51803 99 52028 102 52253 58 52328 30 52479 33 52562 25 52704 30 52790 24 52929 28 53017 24 53154 27 53244 23 53380 25 53471 22 53605 23 53697 21 53831 21 53923 21 54056 20 54153 16 54282 17 54381 13 54507 16 54608 11 54733 13 54835 9 54960 8
basset_hound_168,38131 3 38460 10 38791 14 39123 19 39454 24 39785 30 40117 35 40449 38 40781 41 41113 43 41445 46 41777 49 42109 52 42441 55 42542 11 42773 59 42872 16 43105 62 43203 19 43437 66 43534 23 43769 68 43865 26 44102 70 44196 29 44434 73 44527 32 44766 76 44859 34 45098 79 45189 37 45431 82 45518 42 45763 131 46095 132 46427 134 46760 135 47092 136 47424 138 47756 139 48089 140 48421 142 48753 143 49085 145 49417 146 49750 146 50082 148 50414 149 50747 149 51079 151 51411 152 51743 153 52076 153 52408 154 52740 155 53073 155 53405 156 53737 157 54069 158 54402 158 54734 159 55066 160 55399 160 55731 161 56063 162 56396 162 56728 163 57060 163 57393 163 57725 164 58057 165 58390 164 58722 165 59055 165 59387 165 59719 166 60052 166 60384 166 60716 166 61048 167 61381 166 61713 167 62045 167 62377 167 62709 167 63041 168 63373 168 63704 169 64035 170 64367 170 64697 171 65027 173 65356 175 65658 13 65682 180 65989 204 66320 202 66651 201 66982 201 67314 200 67646 199 67978 199 68310 199 68642 199 68974 200 69306 200 69638 201 69970 202 70303 201 70635 202 70967 203 71300 202 71632 203 71964 204 72297 204 72629 205 72961 206 73294 206 73626 207 73959 206 74291 207 74623 208 74956 208 75288 209 75620 210 75953 211 76211 15 76285 212 76537 26 76618 212 76863 36 76950 214 77192 43 77283 214 77523 47 77615 216 77853 52 77948 217 78180 60 78280 294 78612 297 78945 299 79277 302 79610 304 79942 306 80275 309 80607 313 80940 313 81272 314 81604 315 81937 315 82269 316 82602 316 82934 317 83266 318 83599 318 83931 319 84264 319 84596 320 84929 320 85261 321 85594 321 85926 322 86259 322 86592 322 86924 323 87257 323 87589 324 87922 324 88255 285 88543 36 88587 285 88878 34 88920 284 89212 33 89252 286 89546 32 89585 286 89880 31 89917 288 90214 30 90250 289 90548 29 90582 290 90883 27 90914 292 91217 26 91246 294 91552 24 91578 296 91887 22 91910 298 92221 321 92556 320 92890 319 93224 318 93557 319 93891 318 94225 317 94558 317 94892 317 95225 317 95558 317 95892 316 96225 317 96558 317 96891 317 97224 317 97557 317 97891 316 98224 317 98557 317 98890 317 99224 10 99235 305 99557 10 99568 305 99890 9 99901 304 100222 10 100234 304 100554 11 100567 304 100886 12 100900 305 101218 14 101233 305 101550 15 101566 306 101881 17 101899 311 102212 19 102232 333 102566 332 102899 332 103232 332 103565 332 103898 332 104232 331 104565 331 104898 331 105232 330 105565 330 105898 330 106232 329 106565 329 106899 328 107232 328 107565 328 107899 327 108232 327 108565 327 108898 327 109232 326 109565 326 109899 325 110232 325 110565 325 110899 324 111232 324 111566 323 111900 322 112233 322 112567 321 112900 321 113233 321 113566 321 113899 321 114231 322 114563 323 114895 324 115228 324 115561 324 115894 324 116226 325 116559 325 116891 326 117224 326 117556 327 117889 327 118221 328 118553 329 118885 330 119217 331 119549 10654 130204 332 130537 332 130870 332 131203 332 131536 332 131869 332 132202 332 132535 332 132868 4661 137530 332 137863 332 138196 332 138529 332 138862 332 139195 5328 144526 330 144861 328 145195 327 145529 326 145863 325 146197 93 146292 229 146532 90 146626 228 146866 90 146961 226 147200 89 147296 224 147534 88 147630 223 147869 86 147964 93 148063 123 148203 85 148298 90 148397 122 148538 84 148631 89 148731 121 148872 83 148965 88 149064 121 149207 82 149299 85 149398 120 149541 81 149633 81 149731 120 149876 79 149966 80 150065 119 150210 52 150267 22 150300 78 150398 119 150545 46 150605 19 150633 77 150732 118 150880 44 150943 18 150964 79 151065 118 151214 42 151287 88 151399 117 151549 39 151620 88 151732 117 151885 35 151955 86 152066 116 152221 29 152289 84 152400 115 152556 25 152623 83 152735 113 152894 18 152958 81 153069 112 153293 79 153403 111 153627 78 153737 110 153961 77 154070 110 154294 77 154403 110 154629 75 154735 111 154963 74 155067 112 155296 74 155399 113 155631 60 155695 8 155712 2 155731 114 155965 57 156030 7 156043 6 156062 116 156299 55 156364 20 156393 118 156634 53 156698 20 156724 120 156969 50 157031 146 157303 48 157364 146 157638 46 157697 146 157972 44 158030 146 158307 40 158363 146 158641 39 158695 147 158975 37 159028 147 159310 34 159360 148 159645 32 159691 150 159979 31 160023 150 160314 29 160353 153 160648 28 160684 155 160982 27 161015 157 161317 26 161347 158 161651 25 161679 158 161985 24 162011 159 162319 23 162343 159 162654 20 162677 158 162989 17 163011 156 163324 14 163345 155 163661 6 163680 152 164016 148 164352 144 164690 137 165026 133 165362 129 165703 1 165705 117 166047 105 166386 95
Sphynx_193,56373 10 56737 36 57103 44 57468 49 57834 54 58200 57 58567 58 58933 59 59300 60 59666 61 60033 61 60400 61 60767 62 61134 62 61501 62 61868 63 62236 63 62603 64 62970 66 63337 68 63704 70 64072 74 64439 79 64806 82 65173 87 65540 88 65907 90 66274 92 66641 92 67008 93 67375 93 67742 93 68109 94 68476 94 68843 94 69209 95 69576 96 69943 96 70309 97 70676 98 71042 100 71409 101 71775 102 72141 105 72508 106 72874 108 73240 112 73607 113 73973 115 74339 117 74705 118 75071 120 75438 120 75663 5 75804 121 76026 9 76170 122 76389 13 76536 122 76754 14 76902 123 77118 16 77268 124 77482 18 77634 125 77846 20 78001 125 78211 21 78367 126 78575 23 78733 127 78940 24 79099 129 79305 25 79465 131 79670 25 79831 132 80035 26 80197 135 80400 27 80563 137 80765 27 80929 139 81129 29 81295 142 81494 30 81661 144 81859 31 82027 146 82224 31 82393 149 82589 32 82759 151 82954 33 83125 153 83319 34 83491 155 83684 35 83857 156 84049 36 84223 158 84414 37 84589 160 84779 38 84955 161 85143 40 85321 163 85507 43 85687 164 85872 44 86053 166 86236 47 86419 167 86600 49 86785 169 86964 51 87150 174 87326 56 87516 232 87882 232 88248 232 88614 233 88979 234 89345 234 89711 234 90076 235 90442 235 90807 236 91173 236 91539 236 91904 237 92270 237 92635 238 93000 239 93366 239 93731 240 94096 241 94462 241 94827 242 95192 243 95557 244 95922 245 96287 246 96652 247 97018 247 97383 248 97748 249 98113 250 98478 251 98843 252 99209 252 99574 253 99939 254 100304 255 100669 57 100739 186 101034 56 101107 184 101399 55 101475 182 101764 54 101842 181 102129 53 102208 181 102494 52 102575 180 102859 50 102942 179 103224 48 103309 178 103589 44 103675 178 103955 35 104042 177 104320 24 104408 177 104687 10 104775 176 105141 175 105507 175 105874 174 106240 174 106606 174 106971 175 107337 175 107703 174 108069 174 108435 174 108801 174 109167 174 109532 174 109898 174 110264 174 110630 174 110996 174 111361 175 111727 174 112093 174 112458 175 112824 175 113189 175 113555 175 113920 176 114285 177 114651 177 115016 178 115382 178 115747 179 116113 179 116479 179 116844 180 117210 180 117575 181 117941 181 118307 181 118672 182 119038 181 119404 181 119769 182 120135 182 120501 182 120866 183 121232 183 121597 184 121963 184 122329 184 122694 185 123060 185 123425 186 123791 186 124157 186 124522 187 124888 187 125254 187 125620 187 125985 187 126351 187 126717 187 127083 187 127449 187 127815 187 128180 188 128546 188 128912 187 129278 187 129644 187 130010 187 130376 187 130741 188 131107 188 131473 187 131839 187 132205 187 132571 187 132937 187 133303 187 133669 187 134035 186 134400 187 134766 187 135132 187 135498 187 135864 187 136230 187 136596 187 136962 187 137328 187 137694 187 138060 187 138426 187 138792 187 139158 187 139524 187 139890 187 140256 187 140622 187 140988 187 141354 186 141721 185 142087 185 142453 185 142819 185 143185 185 143551 185 143917 185 144283 185 144649 184 145016 183 145382 183 145748 183 146114 183 146481 181 146847 181 147213 181 147579 181 147946 179 148312 179 148678 179 149045 178 149411 178 149778 177 150144 177 150511 176 150877 176 151243 176 151610 175 151976 175 152343 174 152709 174 153076 173 153442 173 153809 172 154175 172 154542 171 154909 170 155275 170 155642 169 156008 168 156375 167 156741 167 157107 167 157474 166 157840 166 158207 165 158573 165 158940 164 159306 164 159673 163 160039 163 160405 163 160772 162 161138 162 161505 160 161871 160 162238 159 162604 159 162970 159 163337 158 163703 157 164070 156 164436 156 164802 156 165169 154 165535 154 165901 154 166268 152 166634 152 167000 152 167367 151 167733 150 168100 149 168466 149 168832 149 169199 148 169565 148 169932 147 170299 146 170665 146 171032 145 171399 144 171765 144 172132 143 172498 143 172865 142 173231 143 173598 142 173964 142 174331 141 174697 141 175064 140 175430 140 175797 139 176164 138 176530 138 176897 137 177263 137 177630 136 177997 135 178364 133 178731 132 179098 131 179465 130 179832 129 180201 126 180570 122 180937 121 181304 119 181671 118 182037 118 182402 119 182768 119
samoyed_40,92 384 590 392 1089 395 1587 400 2085 405 2583 410 3082 414 3581 417 4079 420 4578 423 5077 424 5576 425 6074 427 6573 428 7072 429 7570 431 8069 432 8568 433 9066 435 9565 436 10063 438 10561 440 11060 441 11558 443 12056 445 12554 447 13053 448 13551 450 14050 451 14548 453 15046 455 15545 456 16044 457 16543 458 17042 459 17542 459 18041 460 18540 461 19040 461 19540 461 20040 461 20540 461 21040 461 21540 461 22040 461 22541 460 23042 459 23543 458 24043 458 24545 456 25046 455 25547 454 26048 453 26549 452 27051 450 27552 449 28054 447 28555 446 29056 445 29557 444 30059 442 30560 441 31061 440 31563 438 32064 437 32566 435 33067 434 33568 433 34069 432 34570 431 35071 430 35571 430 36072 429 36572 429 37073 428 37574 427 38074 427 38575 426 39075 426 39576 425 40076 425 40577 424 41078 423 41578 423 42079 422 42579 422 43080 421 43581 420 44081 420 44582 419 45082 419 45582 419 46083 418 46583 418 47083 418 47584 417 48084 417 48584 417 49084 417 49584 417 50084 417 50585 416 51085 416 51585 416 52085 416 52585 416 53086 415 53586 415 54086 415 54586 415 55087 414 55587 414 56087 414 56587 414 57087 414 57588 413 58088 413 58588 413 59088 413 59589 412 60089 412 60589 412 61089 412 61590 411 62090 411 62590 411 63090 411 63591 410 64091 410 64591 410 65091 410 65592 409 66092 409 66592 409 67092 409 67592 409 68092 409 68592 409 69092 409 69591 410 70091 410 70591 410 71091 410 71591 410 72090 411 72590 411 73090 411 73590 411 74090 411 74589 412 75089 412 75589 412 76089 412 76588 413 77088 413 77588 413 78088 413 78588 413 79088 413 79588 413 80088 413 80588 413 81088 413 81588 413 82088 413 82588 413 83088 413 83588 413 84087 414 84587 414 85087 414 85587 414 86087 414 86587 414 87087 414 87587 414 88086 415 88586 415 89086 415 89586 415 90085 416 90585 416 91085 416 91584 417 92084 417 92584 417 93083 418 93583 418 94082 419 94582 419 95082 419 95581 420 96081 420 96581 420 97080 421 97580 421 98079 422 98579 422 99079 422 99578 423 100078 423 100578 423 101077 424 101577 424 102077 424 102577 424 103076 425 103576 425 104075 426 104575 426 105074 427 105574 427 106073 428 106573 428 107073 428 107573 428 108072 429 108572 429 109072 429 109571 430 110071 430 110571 430 111071 430 111571 430 112070 431 112570 431 113069 432 113569 432 114068 433 114568 433 115067 434 115567 434 116066 435 116566 435 117065 436 117565 436 118065 436 118564 437 119064 437 119563 438 120063 438 120562 439 121062 439 121561 440 122060 441 122559 442 123058 443 123557 444 124057 444 124556 445 125055 446 125554 447 126053 448 126552 449 127051 450 127550 451 128049 452 128548 453 129047 454 129546 455 130045 456 130545 456 131044 457 131543 458 132043 458 132543 458 133043 458 133543 458 134044 457 134544 457 135045 456 135546 455 136048 453 136550 451 137051 450 137553 448 138055 446 138557 444 139059 442 139562 439 140064 437 140567 434 141069 432 141572 429 142075 426 142578 423 143081 420 143584 417 144088 413 144592 409 145096 405 145603 398 146114 387 146621 380 147126 375 147634 367 148142 359 148648 22 148675 326 149180 321 149683 318 150186 315 150688 313 151190 311 151692 309 152194 307 152696 305 153198 303 153700 301 154202 299 154705 296 155207 294 155709 292 156211 290 156714 287 157216 285 157719 282 158222 279 158726 275 159230 271 159733 268 160237 264 160741 260 161245 256 161748 253 162251 250 162753 248 163255 246 163757 244 164259 242 164761 240 165263 238 165763 238 166263 236
Birman_70,12265 5 12596 8 12928 10 13259 12 13591 13 13923 15 14255 16 14587 17 14919 18 15252 18 15584 20 15917 20 16249 21 16582 21 16914 22 17247 22 17580 22 17912 24 18245 24 18578 24 18911 24 19244 24 19576 25 19909 26 20242 26 20575 26 20908 26 21241 27 21574 27 21907 27 22240 28 22573 28 22906 28 23239 29 23572 29 23905 30 24238 30 24571 30 24903 32 25158 17 25187 4 25236 32 25487 43 25568 33 25816 50 25901 34 26145 56 26233 35 26476 61 26564 37 26806 66 26895 39 27137 69 27227 41 27468 72 27559 42 27799 76 27891 43 28131 78 28223 44 28462 82 28554 46 28793 86 28886 48 29125 142 29456 144 29788 145 30119 147 30450 149 30781 151 31113 152 31443 155 31774 157 32106 159 32437 161 32768 163 33100 164 33431 166 33763 167 34094 169 34426 170 34757 172 35089 173 35421 174 35752 176 36084 177 36416 178 36748 178 37080 179 37411 181 37743 182 38076 182 38408 183 38740 184 39072 185 39404 186 39736 187 40069 187 40401 187 40675 19 40733 188 41005 28 41065 189 41337 36 41397 190 41669 41 41728 192 42001 46 42059 194 42334 252 42667 252 43000 252 43333 252 43666 251 43999 251 44333 250 44667 249 45001 248 45334 248 45668 247 46002 245 46337 243 46671 242 47005 241 47340 238 47674 237 48008 236 48342 235 48676 234 49010 233 49344 231 49678 230 50012 229 50345 229 50679 228 51013 227 51346 227 51680 226 52014 225 52348 224 52681 224 53015 223 53348 223 53682 222 54015 222 54348 222 54682 221 55015 221 55349 220 55682 220 56015 220 56348 220 56682 219 57015 219 57348 219 57681 219 58014 218 58348 217 58681 217 59014 217 59347 217 59680 217 60013 217 60346 217 60679 217 61012 217 61345 217 61678 217 62011 217 62344 217 62678 216 63011 216 63344 216 63677 216 64010 216 64343 216 64676 216 65009 216 65342 216 65675 216 66008 216 66341 216 66674 216 67007 216 67340 216 67673 215 68006 215 68339 215 68672 215 69005 215 69338 215 69671 215 70004 215 70337 215 70670 215 71003 215 71336 215 71669 215 72001 216 72334 216 72667 216 73000 216 73332 217 73665 217 73998 217 74330 217 74663 217 74995 218 75328 218 75660 219 75992 220 76325 220 76657 221 76989 222 77321 223 77654 223 77986 224 78318 225 78651 225 78983 19 79007 201 79315 17 79343 198 79648 15 79677 197 79980 14 80011 196 80313 13 80345 195 80646 12 80679 194 80979 10 81012 194 81312 9 81346 193 81646 5 81679 193 82012 193 82345 193 82678 193 83011 192 83344 192 83678 191 84011 191 84344 191 84677 191 85011 190 85344 190 85677 190 86010 190 86343 190 86676 190 87009 190 87342 190 87676 188 88009 188 88342 188 88675 188 89008 188 89341 188 89674 188 90008 187 90341 187 90674 187 91007 187 91340 187 91673 187 92007 186 92340 186 92673 186 93006 185 93339 185 93672 185 94006 184 94339 184 94672 184 95005 184 95338 184 95671 184 96004 184 96337 184 96670 184 97003 183 97336 183 97668 184 98001 184 98334 184 98667 184 99000 184 99333 184 99666 184 99999 183 100332 183 100665 183 100998 183 101331 183 101665 182 101998 182 102331 182 102664 182 102997 92 103100 79 103330 89 103436 76 103663 88 103770 75 103997 86 104105 72 104330 85 104439 71 104663 85 104773 70 104996 84 105107 69 105330 83 105442 67 105663 83 105776 66 105996 83 106110 65 106329 83 106444 64 106662 83 106778 63 106996 82 107112 62 107329 83 107446 61 107662 83 107781 59 107995 84 108116 58 108328 85 108452 55 108661 86 108786 54 108994 88 109121 52 109328 89 109455 51 109661 91 109789 50 109994 93 110123 49 110327 94 110457 48 110660 96 110791 47 110993 97 111125 46 111326 99 111459 45 111660 99 111793 44 111993 100 112127 43 112326 102 112461 42 112659 103 112795 41 112992 105 113129 40 113325 106 113463 40 113658 107 113798 38 113992 108 114132 37 114325 109 114466 36 114658 110 114800 35 114991 112 115134 34 115324 114 115469 32 115658 115 115803 31 115991 117 116137 30 116324 118 116472 28 116657 120 116807 26 116991 120 117141 25 117324 121 117475 24 117657 122 117810 22 117990 123 118144 21 118324 124 118478 20 118657 125 118813 18 118990 126 119147 17 119324 126 119482 15 119657 128 119816 14 119990 129 120150 13 120324 129 120485 10 120657 131 120820 8 120990 132 121155 6 121324 132 121490 2 121657 134 121990 135 122323 136 122657 136 122990 137 123324 137 123657 138 123990 140 124324 140 124657 141 124991 142 125324 144 125658 144 125991 145 126325 146 126658 147 126992 148 127325 149 127659 149 127992 150 128325 152 128659 152 128992 154 129326 154 129659 156 129992 157 130326 157 130659 158 130992 159 131326 159 131659 160 131992 161 132326 160 132659 161 132992 161 133326 160 133659 159 133992 159 134326 158 134659 158 134993 156 135326 156 135660 154 135993 154 136326 154 136660 152 136993 151 137327 150 137660 150 137994 148 138327 148 138661 147 138994 147 139328 145 139662 144 139996 143 140330 142 140664 141 140998 140 141332 139 141667 137 142001 136 142336 134 142670 133 143005 132 143340 130 143675 128 144009 127 144344 126 144678 125 145012 124 145346 124 145679 124 146013 123 146347 123 146681 122 147014 122 147348 121 147682 120 148015 120 148349 119 148682 119 149016 118 149350 117 149683 117 150017 116 150350 116 150684 114 151017 113 151351 112 151684 111 152018 108 152351 90 152447 11 152685 81 152785 3 153019 74 153352 69 153686 60 154020 56 154355 51 154689 48 155025 43 155362 37 155699 32 156035 28 156371 23 156707 19 157047 10 157384 4
Sphynx_19,22525 2 22995 6 23467 7 23939 7 24411 7 24883 8 25355 8 25829 6 26302 4 63501 2 63520 5 63971 7 63990 8 64441 12 64461 11 64910 34 65381 36 65852 38 66323 40 66794 42 67264 44 67735 46 68205 48 68676 50 69147 51 69617 53 70088 55 70559 56 71030 58 71498 62 71969 64 72440 65 72890 10 72911 67 73353 21 73382 68 73820 27 73853 70 74287 34 74325 70 74753 41 74797 71 75222 44 75269 72 75689 50 75741 72 76156 130 76623 135 77090 141 77556 148 78024 153 78491 159 78958 165 79426 170 79890 179 80357 185 80824 192 81291 198 81760 203 82229 207 82697 214 83165 220 83632 226 84099 234 84568 239 85037 243 85504 251 85973 255 86441 261 86908 267 87377 272 87844 278 88312 283 88780 289 89248 294 89715 300 90184 305 90651 311 91119 316 91586 322 92055 326 92525 329 92995 332 93466 333 93937 335 94409 336 94880 250 95131 87 95352 250 95607 84 95824 250 96081 84 96296 251 96555 83 96768 251 97030 81 97240 251 97507 77 97712 252 97985 72 98185 251 98460 71 98657 251 98935 69 99130 250 99410 67 99603 248 99884 67 100076 246 100358 66 100550 243 100830 67 101023 240 101303 68 101496 236 101775 69 101970 231 102247 71 102444 228 102719 72 102918 226 103191 73 103392 223 103663 74 103866 222 104135 75 104340 221 104607 77 104814 220 105079 78 105287 220 105551 79 105762 218 106022 81 106235 220 106494 83 106709 220 106966 84 107184 218 107437 86 107657 217 107909 87 108131 216 108381 89 108604 216 108852 91 109078 214 109323 93 109551 214 109795 94 110024 214 110266 97 110497 215 110737 99 110969 217 111209 100 111443 216 111680 102 111916 216 112152 103 112389 216 112622 106 112862 215 113094 107 113336 213 113565 109 113810 212 114036 111 114284 210 114507 113 114758 209 114979 114 115232 207 115450 116 115707 205 115922 117 116184 1 116186 198 116394 118 116663 193 116866 119 117138 190 117338 119 117615 185 117810 120 118097 175 118282 120 118572 172 118754 121 119045 171 119226 121 119519 169 119698 121 119992 168 120170 121 120465 167 120642 121 120939 165 121115 121 121412 164 121587 121 121885 163 122059 121 122358 162 122531 121 122830 162 123002 122 123303 161 123474 121 123776 160 123946 121 124249 159 124418 121 124648 5 124723 157 124890 121 125119 9 125197 155 125362 121 125591 11 125671 153 125834 121 126063 13 126145 151 126306 121 126535 15 126618 150 126778 121 127008 16 127091 148 127250 121 127481 17 127564 147 127722 121 127953 18 128037 146 128194 121 128426 19 128510 145 128666 121 128898 20 128983 144 129138 121 129371 21 129456 142 129610 121 129844 21 129929 140 130082 121 130316 22 130402 139 130554 121 130789 22 130874 139 131026 122 131261 24 131347 137 131497 123 131734 24 131819 137 131969 123 132207 24 132291 137 132441 123 132679 26 132762 138 132913 124 133152 26 133233 139 133384 125 133625 26 133704 140 133856 125 134097 28 134176 141 134327 127 134570 28 134647 142 134799 127 135043 28 135119 142 135270 128 135515 30 135589 144 135742 129 135988 31 136059 146 136213 130 136461 32 136522 155 136685 131 136934 35 136988 161 137157 131 137406 215 137629 131 137779 8 137879 214 138101 132 138249 12 138352 213 138573 132 138720 15 138825 212 139045 133 139191 19 139298 211 139517 133 139663 20 139770 211 139989 133 140135 22 140243 210 140461 134 140607 24 140716 209 140933 134 141079 25 141188 209 141404 135 141551 27 141661 208 141876 135 142023 29 142134 207 142348 136 142495 30 142607 206 142820 136 142968 31 143080 205 143292 136 143440 33 143553 203 143764 136 143912 35 144025 203 144236 136 144385 36 144498 202 144708 137 144857 39 144971 201 145180 138 145329 41 145444 199 145652 138 145801 43 145917 198 146124 139 146273 44 146390 197 146597 138 146745 45 146863 196 147069 139 147216 47 147336 194 147541 140 147687 50 147809 193 148013 141 148158 51 148282 192 148486 195 148755 191 148958 195 149228 189 149430 195 149701 188 149902 195 150174 187 150374 84 150460 109 150647 186 150846 82 150933 108 151120 185 151318 81 151405 108 151593 184 151790 80 151877 108 152066 182 152262 79 152349 108 152539 181 152734 79 152821 108 153012 180 153206 79 153293 108 153485 179 153679 77 153764 109 153958 178 154151 77 154235 110 154431 176 154623 77 154706 111 154905 174 155095 78 155177 112 155378 173 155567 194 155851 172 156039 194 156325 170 156511 194 156798 168 156983 194 157272 166 157455 194 157745 165 157927 194 158218 164 158399 194 158692 163 158871 194 159165 162 159343 194 159639 160 159815 194 160112 159 160287 194 160586 157 160758 195 161059 156 161230 195 161532 155 161702 195 162006 153 162174 195 162480 151 162646 195 162953 150 163119 194 163426 149 163591 194 163899 148 164063 194 164372 147 164536 193 164845 145 165008 193 165317 145 165480 193 165790 144 165952 193 166263 142 166424 193 166735 141 166896 193 167208 140 167368 193 167680 139 167840 193 168153 138 168312 193 168626 136 168784 193 169098 136 169256 193 169571 134 169728 193 170043 134 170200 193 170516 132 170672 193 170989 131 171144 193 171461 130 171617 192 171934 129 172089 192 172407 128 172561 192 172880 126 173034 191 173353 125 173506 191 173826 123 173979 190 174299 122 174451 190 174772 120 174924 189 175245 119 175396 189 175718 118 175868 189 176191 117 176341 188 176665 115 176813 188 177138 115 177286 187 177611 114 177758 187 178084 113 178231 186 178558 111 178703 186 179031 111 179176 185 179504 110 179648 185 179978 108 180121 184 180451 107 180593 184 180924 106 181066 183 181398 104 181538 183 181871 103 182011 182 182344 102 182483 182 182818 100 182956 181 183292 98 183429 180 183766 96 183901 180 184240 95 184373 180 184715 92 184846 179 185191 88 185318 179 185668 82 185791 178 186147 75 186263 178 186623 71 186736 177 187097 69 187208 177 187571 67 187680 177 188045 65 188152 177 188518 63 188625 176 188991 62 189097 176 189464 61 189570 175 189937 59 190042 175 190410 58 190514 175 190883 56 190987 174 191356 55 191459 174 191829 53 191931 174 192302 52 192404 173 192776 49 192876 173 193249 47 193349 172 193722 45 193821 172 194195 43 194294 171 194668 42 194766 171 195142 38 195239 170 195615 36 195712 169 196089 31 196184 169 196563 26 196657 168 197037 20 197130 167 197512 12 197603 166 198076 165 198549 164 199022 160 199495 158 199968 156 200440 154 200914 150 201386 148 201859 144 202333 140 202806 137 203279 135 203752 132 204225 129 204699 126 205172 124 205646 121 206119 118 206592 116 207066 113 207539 111 208012 109 208486 106 208959 104 209432 102 209906 99 210379 97 210853 95 211327 92 211801 89 212274 87 212749 84 213223 81 213698 77 214173 74 214648 70 215123 66 215599 61 216076 54 216554 47 217034 36 217516 24 217999 9
american_pit_bull_terrier_18,40181 13 40677 25 41070 12 41174 34 41568 18 41671 42 42068 21 42169 49 42567 25 42666 56 43066 29 43164 61 43566 31 43661 67 44066 34 44158 74 44565 39 44655 80 45064 43 45152 86 45564 47 45649 94 46064 52 46146 106 46275 9 46563 56 46642 148 47063 59 47137 155 47563 62 47630 164 48063 233 48562 235 48898 1 48904 5 49062 237 49395 18 49562 238 49894 24 50061 240 50394 26 50561 240 50894 28 51061 241 51394 30 51561 242 51894 33 52061 242 52393 36 52561 243 52892 38 53060 244 53392 40 53560 245 53891 42 54060 245 54391 44 54560 246 54891 46 55060 246 55392 46 55560 247 55894 45 56060 247 56395 45 56559 248 56892 1 56895 47 57059 248 57392 1 57394 3 57398 45 57559 248 57899 45 58059 248 58391 6 58399 46 58559 248 58890 56 59059 248 59389 58 59559 248 59889 59 60059 248 60389 28 60424 25 60559 248 60890 23 60926 23 61058 249 61393 18 61427 23 61558 249 61895 16 61928 22 62058 250 62404 5 62429 22 62558 250 62930 22 63058 250 63430 22 63558 250 63931 22 64058 251 64431 22 64558 252 64930 24 65058 255 65430 24 65559 255 65929 26 66059 256 66429 26 66559 257 66928 28 67059 258 67427 29 67559 260 67904 6 67925 32 68060 261 68403 11 68424 33 68560 262 68900 14 68922 36 69060 263 69395 20 69420 38 69561 263 69893 65 70061 264 70393 66 70561 264 70894 65 71062 264 71397 62 71562 265 71899 60 72062 265 72399 61 72562 266 72897 63 73063 265 73394 66 73563 265 73893 67 74063 266 74393 68 74563 267 74894 67 75064 266 75395 66 75564 266 75895 67 76064 266 76396 66 76564 267 76895 67 77064 267 77392 71 77565 266 77889 74 78065 266 78385 78 78565 265 78884 80 79066 264 79383 81 79566 264 79882 82 80067 261 80380 85 80568 259 80879 86 81069 257 81379 86 81570 255 81879 86 82071 253 82379 87 82572 251 82878 88 83073 250 83377 90 83574 248 83877 91 84075 247 84377 92 84576 246 84876 94 85076 246 85377 94 85577 245 85877 95 86078 244 86380 93 86578 244 86882 92 87079 243 87382 92 87579 243 87883 92 88080 242 88383 93 88580 242 88884 93 89081 241 89387 90 89581 241 89889 89 90082 239 90391 87 90582 239 90893 85 91082 239 91395 83 91583 238 91896 83 92083 238 92398 81 92583 238 92900 79 93083 238 93401 78 93584 238 93902 76 94084 238 94402 76 94584 238 94903 75 95084 238 95404 74 95585 237 95904 74 96085 237 96405 73 96585 237 96906 73 97085 237 97406 74 97586 236 97907 73 98086 236 98407 73 98586 236 98908 72 99087 236 99408 72 99587 236 99909 71 100087 236 100409 70 100587 236 100909 69 101087 236 101409 69 101587 236 101909 68 102088 235 102408 69 102588 235 102909 68 103088 235 103408 69 103588 235 103908 69 104088 235 104408 69 104589 234 104909 68 105089 235 105410 67 105589 235 105910 67 106089 235 106410 65 106589 236 106909 63 106973 1 107089 236 107409 64 107589 237 107908 66 108089 237 108408 67 108589 237 108908 68 109089 238 109409 67 109589 238 109909 68 110090 238 110408 70 110590 238 110907 74 111090 238 111398 1 111401 82 111590 238 111893 91 112090 238 112392 93 112590 238 112890 96 113090 238 113389 98 113590 237 113887 101 114090 237 114384 104 114590 236 114882 107 115090 236 115380 109 115590 235 115876 114 116090 235 116375 115 116590 234 116876 114 117090 234 117379 112 117591 232 117880 113 118091 231 118381 113 118591 231 118882 112 119091 230 119383 112 119591 230 119884 111 120091 229 120384 112 120591 229 120884 112 121092 227 121384 112 121592 226 121884 113 122092 225 122384 113 122592 224 122883 114 123091 224 123383 115 123591 222 123882 117 124091 220 124382 117 124591 218 124881 118 125091 216 125380 119 125591 211 125878 121 126091 206 126376 123 126590 200 126874 126 127090 196 127372 127 127590 193 127869 130 128089 192 128364 135 128588 191 128858 141 129087 190 129357 141 129587 189 129854 143 130086 188 130352 144 130586 187 130850 145 131085 187 131347 147 131585 185 131845 147 132084 185 132343 147 132584 184 132841 148 133084 182 133339 148 133584 181 133838 147 134084 180 134336 146 134584 179 134835 143 135084 178 135333 140 135584 176 135832 137 136083 176 136331 135 136583 175 136830 132 137083 174 137330 129 137583 173 137829 127 138083 172 138327 126 138584 169 138826 123 139084 168 139325 121 139584 166 139824 120 140084 164 140324 117 140584 162 140823 116 141085 159 141323 113 141585 158 141822 111 142085 156 142322 109 142586 153 142822 107 143086 151 143321 105 143587 147 143821 103 144087 102 144219 8 144321 101 144587 96 144821 99 145088 90 145321 94 145588 85 145820 92 146088 80 146320 89 146588 76 146820 87 147089 72 147320 84 147589 71 147820 81 148089 70 148320 78 148589 69 148820 76 149090 68 149320 74 149590 67 149820 71 150091 65 150320 67 150591 64 150821 61 151091 63 151321 59 151592 62 151821 57 152092 61 152321 54 152592 61 152821 52 153093 59 153321 49 153593 58 153822 45 154093 58 154322 40 154594 56 154823 34 155094 55 155323 31 155595 54 155824 27 156095 53 156324 24 156596 51 156825 20 157096 50 157325 17 157597 48 157826 13 158097 48 158327 9 158598 46 158829 2 159099 44 159599 43 160100 41 160600 40 161101 38 161602 36 162102 35 162603 33 163103 32 163604 30 164105 28 164605 27 165106 24 165607 22 166107 21 166608 19 167109 16 167610 14 168111 12 168612 9 169114 5
boxer_157,21136 11 21633 17 22131 21 22630 24 23128 28 23627 30 24125 33 24624 35 25123 37 25621 41 26120 43 26619 45 27117 48 27616 50 28114 52 28612 55 29108 60 29604 64 30099 69 30595 72 31091 74 31589 74 32087 73 32585 70 33083 68 33582 68 34080 69 34579 70 35078 71 35577 72 36076 73 36575 75 37074 77 37573 80 38073 81 38572 84 39071 87 39571 89 39818 5 40070 91 40290 57 40570 92 40784 65 41069 95 41281 69 41568 98 41777 74 42068 100 42274 77 42568 102 42771 81 43067 107 43267 85 43567 118 43762 90 44067 125 44255 97 44566 137 44721 7 44742 110 45066 286 45417 1 45565 287 45914 4 46065 287 46411 7 46565 287 46909 8 47064 288 47408 8 47564 288 47906 9 48064 287 48404 10 48564 287 48903 10 49063 288 49401 11 49563 288 49901 10 50063 288 50399 10 50563 287 50898 9 51063 287 51397 9 51563 287 51897 7 52062 288 52397 4 52562 288 53062 288 53562 288 54062 289 54562 146 54716 135 55061 141 55224 128 55561 136 55728 124 56061 131 56231 122 56561 128 56733 121 57061 126 57235 120 57560 124 57737 119 58060 123 58238 119 58559 122 58740 117 59059 121 59241 117 59558 121 59742 117 60057 120 60243 116 60557 119 60744 117 61056 119 61244 117 61555 118 61745 117 62054 118 62246 117 62553 118 62746 117 63053 117 63247 117 63551 117 63747 117 64050 117 64248 116 64549 117 64748 116 65048 117 65249 115 65548 117 65749 114 66047 117 66249 114 66546 117 66750 113 67046 116 67250 113 67545 116 67751 111 68045 115 68251 111 68545 115 68751 111 69044 115 69251 111 69544 114 69751 110 70044 114 70252 109 70543 114 70752 109 71043 114 71252 109 71543 113 71753 108 72042 114 72253 108 72542 113 72753 108 73042 113 73254 107 73541 114 73754 108 74041 114 74254 108 74541 114 74754 108 75040 115 75254 108 75540 115 75754 108 76040 115 76254 108 76540 115 76754 108 77039 116 77254 109 77539 116 77754 109 78039 116 78254 109 78539 116 78754 110 79039 116 79254 110 79539 116 79754 110 80039 116 80254 110 80539 117 80754 111 81039 117 81254 111 81539 117 81754 112 82039 117 82254 112 82539 117 82754 112 83039 118 83253 114 83540 117 83753 114 84040 117 84253 115 84540 117 84753 115 85040 118 85253 116 85541 117 85753 116 86041 117 86253 117 86541 118 86752 118 87042 117 87252 119 87542 117 87752 119 88042 118 88251 120 88542 118 88751 121 89043 117 89251 121 89543 118 89750 123 90043 119 90250 123 90543 119 90749 124 91044 119 91249 125 91544 119 91748 126 92045 119 92248 127 92545 120 92747 128 93046 119 93247 129 93546 120 93746 130 94047 120 94245 132 94547 121 94745 132 95048 120 95244 134 95548 121 95743 136 96049 121 96243 136 96550 121 96742 138 97050 122 97241 139 97551 122 97740 141 98051 123 98239 142 98552 124 98738 144 99052 125 99237 145 99553 125 99736 147 100053 127 100234 150 100553 129 100733 151 101053 130 101231 153 101553 132 101729 156 102053 134 102227 158 102553 136 102724 162 103054 138 103220 166 103554 142 103715 171 104054 333 104553 334 105053 334 105553 87 105664 223 106053 82 106171 216 106553 77 106675 213 107053 73 107179 209 107553 69 107683 205 108053 67 108187 201 108553 65 108691 198 109053 64 109195 194 109554 62 109698 191 110054 62 110201 188 110554 61 110704 185 111054 61 111207 182 111554 60 111709 180 112054 60 112211 179 112554 60 112714 176 113055 59 113217 173 113556 59 113720 170 114057 58 114224 166 114558 57 114728 162 115059 56 115230 160 115560 55 115732 158 116062 52 116235 155 116565 49 116737 153 117067 45 117239 151 117570 39 117741 149 118074 31 118242 148 118582 15 118744 146 119245 145 119745 145 120246 144 120747 143 121248 142 121748 142 122249 141 122750 140 123251 139 123751 138 124252 137 124753 136 125254 135 125754 134 126255 133 126755 133 127256 131 127757 130 128257 130 128757 129 129258 128 129758 127 130258 127 130759 125 131259 125 131759 124 132259 124 132759 124 133259 124 133759 124 134259 124 134759 125 135259 125 135759 126 136260 125 136760 126 137260 127 137760 127 138260 128 138760 129 139261 129 139761 130 140261 131 140761 132 141262 132 141762 133 142262 135 142763 135 143263 137 143764 137 144265 138 144766 139 145267 140 145768 141 146269 142 146770 143 147271 145 147772 147 148273 148 148774 150 149275 152 149775 155 150276 157 150776 160 151277 162 151777 165 152277 168 152777 170 153277 173 153777 176 154277 178 154776 182 155277 13 155292 1 155295 1 155301 159 155775 14 155792 1 155802 161 156274 20 156304 161 156773 22 156805 161 157272 23 157306 162 157772 23 157806 164 158271 25 158307 164 158771 26 158806 167 159271 27 159306 168 159771 28 159806 169 160271 28 160307 168 160771 28 160807 169 161271 27 161308 168 161772 24 161810 165 162272 23 162311 163 162773 21 162813 160 163274 18 163315 157 163776 13 163819 151 164324 143 164830 130 165336 95 165840 83 166348 64
Persian_80,20 108 146 146 419 107 547 144 818 107 946 144 1217 108 1343 146 1616 109 1741 147 2013 116 2138 148 2411 119 2533 152 2809 275 3208 275 3606 276 4005 276 4403 277 4801 278 5200 277 5598 278 5996 279 6395 279 6794 279 7192 280 7591 280 7989 281 8388 281 8787 280 9185 281 9584 281 9981 283 10379 284 10778 284 11176 285 11574 286 11972 287 12371 287 12769 287 13168 287 13567 287 13966 287 14366 286 14766 284 15166 283 15566 282 15965 282 16365 281 16766 279 17166 277 17566 276 17966 275 18366 274 18766 273 19166 272 19566 271 19966 270 20366 269 20767 267 21169 1 21174 260 21573 260 21973 259 22372 259 22772 258 23171 259 23570 259 23968 260 24367 261 24766 261 25165 261 25551 4 25563 263 25950 5 25962 263 26348 7 26361 264 26746 279 27145 280 27544 282 27942 285 28341 287 28739 288 29138 289 29537 289 29936 289 30335 289 30734 289 31133 289 31533 288 31932 288 32331 288 32731 287 33131 286 33530 286 33930 286 34330 285 34729 286 35129 286 35462 3 35529 287 35859 6 35928 291 36257 7 36328 294 36655 8 36727 296 37053 9 37127 296 37449 12 37527 297 37847 13 37926 299 38244 15 38326 300 38642 16 38725 302 39039 18 39125 302 39436 20 39524 331 39924 330 40323 330 40723 330 41122 330 41522 329 41921 329 42321 328 42720 328 43120 327 43519 327 43919 326 44318 326 44717 326 45117 325 45516 325 45916 324 46316 323 46715 323 47115 322 47515 321 47914 321 48314 320 48714 319 49113 319 49513 318 49913 317 50313 316 50713 315 51113 314 51512 315 51912 314 52312 312 52712 311 53112 310 53511 310 53911 309 54310 308 54710 307 55110 305 55510 303 55909 303 56309 301 56709 299 57108 298 57508 297 57908 296 58307 296 58707 295 59106 296 59506 295 59905 295 60305 295 60704 295 61104 295 61503 298 61903 306 62303 307 62702 307 63102 307 63502 307 63901 307 64301 306 64700 307 65100 306 65500 306 65899 306 66298 306 66698 305 67097 305 67497 305 67896 305 68295 305 68695 304 69094 304 69493 304 69892 304 70292 304 70691 304 71090 304 71489 303 71889 302 72288 302 72687 302 73086 301 73486 300 73885 300 74284 299 74683 299 75083 297 75482 297 75881 296 76280 296 76679 295 77078 295 77477 294 77876 294 78275 293 78674 293 79073 292 79472 292 79871 291 80270 290 80669 290 81068 289 81467 288 81865 287 82264 262 82545 3 82663 259 83061 258 83460 256 83859 255 84257 255 84656 254 85054 254 85453 253 85851 254 86250 253 86648 254 87047 253 87445 253 87844 253 88242 254 88640 254 89038 255 89436 256 89834 256 90232 257 90630 258 91028 259 91426 260 91824 262 92222 263 92621 263 93019 264 93418 264 93817 264 94216 264 94614 265 95013 265 95412 265 95811 265 96210 265 96609 264 97007 265 97406 265 97805 265 98204 265 98603 266 99002 266 99401 266 99800 265 100199 265 100598 265 100997 265 101397 264 101796 264 102195 264 102594 264 102994 262 103393 262 103792 262 104191 261 104591 259 104990 259 105389 259 105788 259 106188 257 106587 257 106986 258 107385 258 107784 258 108183 259 108582 260 108982 260 109381 261 109780 261 110179 262 110578 262 110977 263 111376 263 111775 263 112174 263 112573 263 112972 263 113371 263 113770 263 114169 263 114569 262 114968 262 115367 262 115766 262 116166 262 116565 262 116964 262 117364 262 117763 262 118163 262 118562 262 118962 262 119361 263 119760 263 120159 264 120559 264 120958 264 121357 265 121756 266 122155 267 122554 268 122953 268 123353 268 123752 268 124151 269 124550 270 124949 270 125348 271 125747 271 126146 271 126544 273 126943 273 127342 274 127741 274 128139 275 128538 275 128936 277 129335 277 129733 278 130132 278 130530 279 130929 279 131327 280 131725 281 132123 282 132522 282 132920 283 133318 284 133716 285 134114 286 134513 286 134911 287 135309 288 135708 288 136106 288 136505 288 136903 289 137302 289 137701 288 138100 288 138499 288 138899 287 139300 284 139703 280 140118 263 140523 257 140927 251 141329 248 141730 245 142132 241 142532 240 142932 238 143332 236 143732 235 144132 233 144532 232 144931 231 145331 230 145730 229 146130 228 146529 228 146929 226 147328 226 147728 225 148127 224 148526 224 148926 223 149325 223 149725 222 150124 222 150524 222 150923 222 151323 220 151722 220 152122 219 152521 219 152921 217 153321 216 153720 215 154120 214 154520 212 154920 211 155320 209 155720 208 156120 206 156520 204 156921 202 157321 200 157722 198 158122 197 158522 195 158922 193 159322 192 159722 190 160122 188 160522 187 160922 185 161322 184 161722 182 162121 181 162521 180 162921 178 163321 177 163720 176 164120 174 164520 173 164920 171 165320 169 165719 169 166119 167 166519 165 166918 165 167318 163 167718 161 168118 159 168517 158 168917 156 169317 155 169717 153 170117 151 170517 149 170917 147 171317 145 171717 144 172117 142 172517 140 172917 138 173316 138 173716 136 174116 134 174515 65 174588 60 174915 60 174991 55 175315 56 175394 50 175714 54 175797 45 176114 51 176198 43 176513 50 176602 36 176912 48 177006 30 177312 46 177411 23 177711 44 177815 16 178110 43 178219 9 178509 43 178909 41 179308 40 179707 39 180106 38 180505 37 180904 37 181303 36 181702 35 182101 34 182500 34 182899 33 183298 32 183697 31 184096 30 184495 29 184894 29 185293 28 185692 27 186091 25 186490 24 186889 23 187288 22 187687 20 188086 19 188485 18 188884 17 189283 15 189682 14 190082 11 190481 9 190881 6
newfoundland_104,62472 1 62846 5 63220 8 63595 10 63969 12 64344 13 64719 14 65094 15 65469 15 65844 16 66219 17 66593 18 66968 19 67343 20 67718 20 68093 21 68468 22 68843 22 69218 23 69593 23 69968 23 70342 25 70717 25 71092 25 71466 26 71841 27 72216 27 72310 1 72590 28 72684 3 72964 29 73059 3 73338 30 73433 4 73712 31 73808 5 74086 32 74183 5 74460 33 74558 5 74768 13 74834 34 74932 6 75141 17 75206 37 75307 7 75514 21 75579 39 75682 7 75888 23 75950 43 76057 7 76263 25 76322 46 76432 7 76637 27 76694 49 76807 7 77011 29 77067 51 77182 7 77386 30 77439 55 77557 7 77760 32 77813 56 77932 7 78135 33 78185 59 78307 7 78509 35 78558 61 78682 7 78883 38 78931 63 79057 7 79258 42 79303 67 79432 7 79632 113 79807 7 80007 113 80182 7 80381 115 80557 7 80755 116 80932 7 81129 118 81307 7 81502 121 81682 7 81874 124 82057 7 82244 130 82432 7 82609 141 82807 7 82980 146 83182 7 83352 150 83557 7 83725 153 83932 7 84099 156 84307 6 84472 159 84682 6 84846 162 85057 6 85221 163 85433 4 85595 165 85808 4 85969 167 86183 3 86344 169 86559 2 86718 171 87093 172 87467 174 87842 175 88216 176 88591 177 88965 179 89340 180 89714 182 90089 183 90464 184 90838 185 91213 186 91587 188 91962 189 92337 190 92712 190 93086 192 93461 193 93836 194 94210 195 94585 196 94959 198 95334 199 95709 200 96083 202 96458 203 96833 204 97207 206 97582 206 97957 207 98332 208 98707 208 99082 208 99457 208 99832 208 100207 208 100582 208 100957 208 101332 207 101708 206 102083 206 102459 204 102835 203 103210 203 103586 201 103961 201 104337 200 104713 199 105088 198 105464 197 105840 196 106215 196 106591 195 106966 194 107342 193 107718 192 108093 192 108469 191 108844 190 109220 189 109595 189 109971 188 110347 187 110722 186 111098 185 111473 185 111849 183 112225 182 112601 181 112977 179 113353 178 113728 177 114104 176 114480 174 114856 173 115232 171 115607 171 115983 169 116358 169 116734 167 117109 167 117485 165 117861 164 118236 164 118612 162 118987 162 119363 161 119739 159 120114 159 120490 158 120866 157 121242 155 121617 155 121993 154 122369 153 122745 152 123121 151 123497 150 123873 148 124249 147 124625 146 125001 145 125376 145 125752 144 126128 143 126504 142 126879 142 127255 141 127631 139 128007 138 128383 137 128758 137 129134 136 129509 136 129885 134 130261 133 130636 133 131011 132 131387 131 131762 130 132138 129 132513 128 132889 127 133264 126 133640 124 134015 124 134391 122 134766 121 135142 120 135517 119 135893 117 136268 117 136644 115 137020 114 137396 112 137772 111 138148 110 138524 108 138901 106 139277 105 139653 103 140029 102 140405 101 140781 99 141157 98 141534 95 141910 93 142286 92 142662 90 143039 88 143415 86 143791 84 144167 83 144543 82 144920 79 145296 78 145672 76 146048 75 146425 73 146801 72 147177 71 147553 69 147930 67 148306 66 148682 66 149058 65 149434 64 149810 63 150186 62 150563 60 150939 59 151315 58 151691 57 152067 56 152444 54 152820 53 153196 52 153573 50 153950 48 154327 46 154703 45 155081 42 155457 40 155834 38 156212 35 156589 33 156966 31 157344 28 157722 24 158099 22 158476 20 158853 17 159231 13 159608 10 159987 4
Abyssinian_93,76 279 451 280 826 280 1200 283 1575 284 1949 286 2324 288 2698 290 3072 292 3447 294 3821 297 4195 299 4569 302 4943 304 5317 306 5691 308 6065 311 6439 312 6813 313 7187 314 7561 315 7935 316 8308 318 8683 318 9057 319 9431 320 9805 321 10179 322 10553 323 10928 323 11302 324 11676 325 12050 326 12424 327 12798 328 13173 328 13547 329 13921 330 14296 330 14670 331 15044 332 15419 332 15793 333 16167 334 16542 334 16916 335 17291 335 17665 336 18040 336 18414 337 18788 338 19163 338 19537 339 19912 339 20286 340 20660 341 21035 341 21409 342 21784 342 22158 343 22533 343 22907 344 23282 344 23656 345 24030 346 24405 337 24779 335 25154 333 25528 333 25903 332 26277 332 26652 332 27027 332 27401 332 27776 332 28151 332 28525 332 28900 332 29275 332 29649 333 30024 333 30399 333 30774 333 31149 333 31523 334 31898 334 32273 334 32648 334 33023 334 33398 334 33773 334 34148 334 34523 334 34898 335 35273 335 35647 336 36022 336 36397 336 36772 336 37147 336 37522 336 37897 336 38272 336 38646 337 39021 337 39396 337 39771 337 40146 337 40521 337 40895 338 41270 339 41645 339 42020 339 42394 340 42769 340 43144 340 43519 340 43894 341 44269 341 44644 341 45018 342 45393 342 45768 342 46143 342 46518 342 46893 342 47268 342 47643 342 48018 342 48392 343 48767 342 49142 342 49517 342 49892 342 50267 342 50642 342 51017 342 51392 342 51767 342 52141 343 52516 342 52891 342 53266 342 53641 342 54016 342 54391 341 54766 341 55141 341 55516 341 55891 341 56266 341 56641 341 57016 341 57391 341 57766 340 58141 340 58516 340 58891 340 59266 340 59641 340 60016 340 60391 340 60766 340 61141 340 61516 340 61891 340 62266 340 62641 340 63016 340 63391 340 63766 340 64141 341 64516 341 64891 341 65266 342 65641 342 66017 342 66392 342 66767 342 67142 342 67517 343 67892 343 68268 343 68643 343 69018 344 69394 344 69769 345 70145 345 70520 346 70896 346 71271 347 71646 348 72022 349 72398 350 72773 353 73149 352 73524 352 73900 351 74275 351 74651 350 75027 349 75402 349 75778 348 76153 348 76529 347 76904 347 77280 346 77655 346 78031 345 78406 345 78782 344 79157 344 79533 343 79908 343 80283 343 80659 342 81034 342 81410 341 81785 341 82160 341 82535 341 82910 341 83286 340 83661 340 84036 340 84411 340 84786 340 85161 340 85536 340 85911 340 86286 340 86661 340 87036 340 87411 340 87786 340 88161 340 88536 254 88802 74 88911 253 89183 68 89286 251 89566 60 89660 250 89955 46 90035 249 90338 38 90410 248 90719 32 90785 247 91099 27 91160 247 91478 23 91534 248 91857 19 91909 248 92236 15 92284 248 92613 13 92659 248 92990 11 93033 249 93368 8 93408 250 93749 2 93783 250 94157 251 94532 251 94906 252 95281 253 95656 253 96030 254 96405 255 96780 255 97154 257 97529 257 97904 258 98279 258 98653 260 99028 260 99403 261 99778 261 100153 262 100527 263 100902 264 101277 265 101652 265 102027 266 102402 266 102777 267 103152 268 103527 268 103901 270 104276 270 104651 271 105026 271 105400 273 105775 273 106150 274 106525 275 106899 276 107274 277 107649 277 108023 279 108398 279 108772 281 109147 281 109521 283 109896 284 110270 285 110645 286 111019 287 111394 288 111768 289 112143 290 112517 291 112892 291 113266 293 113641 293 114016 294 114390 295 114765 296 115140 296 115514 297 115889 298 116264 298 116638 300 117013 300 117388 301 117762 302 118137 303 118512 303 118887 304 119261 305 119636 306 120010 307 120384 212 120599 94 120759 203 120979 90 121133 201 121357 87 121507 199 121734 86 121880 199 122111 84 122254 198 122489 82 122629 196 122865 82 123004 194 123242 80 123379 192 123619 79 123753 191 123996 78 124128 189 124373 76 124503 187 124749 76 124877 186 125125 76 125252 184 125501 75 125627 182 125878 74 126002 180 126254 74 126376 179 126630 73 126751 178 127006 73 127126 176 127382 73 127501 174 127758 72 127876 173 128134 72 128251 145 128404 17 128510 72 128626 142 128784 9 128886 72 129001 141 129263 70 129376 139 129639 70 129751 138 130015 69 130126 137 130392 68 130501 136 130768 68 130876 136 131144 67 131251 135 131520 67 131626 134 131896 67 132001 134 132272 66 132376 133 132648 66 132751 133 133023 67 133126 132 133399 66 133501 132 133775 66 133876 132 134151 66 134251 131 134527 66 134626 131 134903 66 135001 130 135279 66 135376 130 135655 65 135751 129 136031 65 136126 129 136407 64 136502 127 136784 63 136879 125 137160 62 137255 124 137536 61 137633 120 137912 61 138009 119 138288 60 138385 117 138665 58 138761 115 139041 57 139137 114 139417 57 139513 112 139793 56 139889 110 140169 55 140265 108 140545 54 140641 107 140922 53 141016 106 141298 52 141392 104 141674 52 141768 103 142050 51 142144 101 142426 50 142519 100 142801 51 142895 99 143177 50 143271 97 143554 49 143647 95 143930 48 144022 95 144305 48 144398 93 144681 47 144773 92 145057 46 145149 90 145433 45 145525 89 145809 44 145900 88 146185 43 146276 86 146560 44 146652 84 146936 43 147027 84 147312 42 147403 82 147688 41 147779 80 148064 40 148154 79 148440 39 148530 77 148816 38 148905 76 149191 38 149281 74 149567 37 149657 73 149943 36 150033 71 150319 35 150408 70 150695 34 150784 68 151071 34 151160 66 151446 34 151535 65 151823 32 151911 63 152199 32 152287 61 152575 31 152662 60 152951 31 153038 58 153327 30 153414 56 153703 29 153789 55 154078 29 154165 53 154454 29 154540 52 154830 28 154916 51 155206 28 155291 50 155582 27 155667 48 155958 27 156042 47 156334 27 156418 46 156710 28 156793 45 157086 28 157169 44 157462 28 157544 43 157837 29 157919 42 158213 29 158295 41 158589 29 158670 40 158965 29 159046 39 159340 32 159421 38 159716 32 159796 38 160092 32 160171 37 160467 33 160547 35 160843 33 160922 35 161219 32 161297 34 161594 32 161672 34 161970 31 162047 33 162346 30 162423 31 162721 30 162798 31 163097 29 163173 30 163472 29 163548 30 163848 28 163923 29 164223 28 164298 28 164599 27 164673 28 164974 27 165049 26 165350 26 165424 26 165726 25 165799 25 166101 25 166174 24 166477 24 166549 24 166852 24 166924 23 167228 23 167299 22 167604 22 167674 22 167979 22 168049 21 168355 21 168424 21 168731 20 168799 20 169106 20 169175 18 169482 19 169550 18 169858 18 169925 17 170234 17 170300 17 170611 15 170675 16 170987 14 171050 15 171363 13 171426 14 171740 11 171801 13 172116 10 172176 12 172493 8 172552 10 172871 5 172927 9 173303 7 173679 5
Russian_Blue_125,12309 10 12681 17 13052 23 13424 28 13794 35 14141 64 14508 73 14859 99 15226 107 15597 112 15963 122 16326 134 16692 144 17060 151 17431 156 17803 159 18176 161 18549 164 18922 166 19295 169 19668 171 20040 175 20412 178 20785 180 21156 185 21528 188 21900 192 22270 197 22640 202 23007 211 23378 215 23749 220 24121 223 24493 226 24865 230 25235 235 25606 239 25979 242 26353 243 26726 245 27100 247 27473 249 27847 250 28221 252 28595 253 28968 255 29342 256 29716 257 30090 259 30463 261 30837 262 31211 263 31584 265 31957 267 32330 269 32702 271 33072 275 33441 281 33812 284 34183 288 34556 289 34929 290 35302 292 35675 294 36049 294 36423 295 36798 295 37172 296 37547 295 37922 295 38297 295 38672 294 39047 294 39423 293 39799 292 40174 291 40551 289 40927 287 41303 286 41679 285 42056 282 42432 281 42808 280 43185 278 43561 277 43937 276 44313 275 44689 273 45065 272 45440 272 45816 271 46191 271 46566 271 46942 269 47317 269 47691 270 48066 270 48441 270 48816 269 49191 269 49566 269 49941 269 50316 268 50691 268 51066 268 51441 268 51815 269 52190 269 52565 269 52940 269 53314 269 53689 269 54064 269 54439 269 54814 269 55189 268 55563 269 55938 269 56313 269 56687 269 57062 269 57436 270 57811 270 58186 270 58560 270 58935 270 59309 271 59684 271 60058 272 60433 272 60807 273 61182 273 61556 274 61931 274 62305 275 62679 276 63054 276 63428 277 63802 279 64176 280 64550 281 64924 282 65299 283 65672 286 66046 287 66420 288 66794 290 67168 292 67541 295 67915 296 68289 299 68663 301 69037 303 69411 306 69785 309 70160 310 70534 313 70908 315 71283 315 71658 315 72033 21 72081 267 72408 14 72459 264 72836 262 73212 261 73589 258 73966 256 74342 255 74719 252 75095 251 75471 250 75848 247 76224 246 76600 245 76976 243 77353 241 77729 240 78105 239 78481 237 78858 235 79234 234 79610 233 79987 230 80364 228 80741 226 81119 30 81158 184 81496 21 81539 177 81874 15 81916 175 82293 173 82670 171 83046 170 83422 168 83798 167 84173 167 84549 166 84925 165 85300 164 85676 163 86051 163 86426 163 86802 162 87177 162 87553 161 87928 161 88303 160 88679 159 89054 159 89429 159 89805 158 90180 158 90555 158 90930 158 91306 157 91681 157 92056 157 92431 156 92806 156 93181 156 93557 155 93932 155 94307 155 94682 155 95057 155 95433 154 95808 154 96183 154 96558 154 96934 153 97309 153 97684 153 98059 153 98434 153 98809 153 99185 152 99560 152 99935 152 100310 151 100685 151 101060 151 101435 151 101810 151 102186 150 102561 150 102936 150 103311 150 103686 150 104061 150 104436 150 104811 150 105187 149 105562 149 105937 149 106312 149 106687 148 107062 148 107437 148 107813 147 108188 147 108563 147 108938 146 109314 145 109689 145 110064 145 110439 145 110814 145 111190 144 111565 144 111940 144 112315 144 112690 144 113065 144 113440 144 113815 144 114191 143 114566 143 114941 143 115316 143 115691 143 116066 143 116441 143 116816 143 117191 143 117566 143 117941 143 118317 142 118692 142 119067 142 119442 141 119817 141 120192 141 120567 141 120942 141 121317 141 121692 141 122068 140 122443 140 122818 140 123193 140 123569 139 123944 139 124319 138 124694 138 125070 137 125445 137 125821 136 126196 136 126571 136 126947 134 127322 134 127698 133 128073 133 128449 132 128824 132 129199 132 129575 130 129950 130 130326 129 130701 129 131076 129 131452 128 131827 128 132203 126 132578 126 132954 125 133329 125 133705 124 134080 124 134456 123 134831 122 135207 121 135582 121 135958 120 136333 120 136709 119 137084 118 137459 118 137835 117 138210 117 138586 116 138961 116 139336 115 139712 114 140087 114 140462 114 140838 113 141213 112 141589 111 141964 111 142339 111 142715 110 143090 109 143465 109 143841 108 144216 108 144591 107 144967 106 145342 106 145717 105 146093 104 146468 104 146843 103 147218 103 147594 102 147969 102 148344 101 148720 100 149095 100 149471 99 149846 99 150222 97 150597 97 150973 96 151348 95 151724 94 152099 94 152475 93 152851 92 153226 91 153602 90 153977 90 154353 89 154729 88 155104 88 155480 87 155856 86 156232 85 156608 84 156984 82 157360 81 157736 80 158112 79 158488 78 158864 77 159240 76 159616 75 159992 74 160368 73 160744 72 161120 71 161496 70 161872 69 162248 68 162624 68 162999 68 163375 67 163750 67 164126 66 164502 66 164618 6 164877 66 164989 11 165253 65 165360 16 165628 66 165726 25 166004 65 166093 33 166379 66 166465 36 166755 66 166836 40 167130 67 167209 42 167506 67 167582 44 167881 69 167953 48 168257 119 168633 118 169009 117 169385 116 169760 115 170137 113 170513 111 170889 109 171265 107 171641 105 172017 103 172393 101 172769 98 173145 95 173521 88 173897 83 174273 80 174649 77 175026 74 175402 72 175778 70 176155 67 176532 64 176909 61 177285 59 177662 56 178038 55 178414 53 178790 51 179167 49 179543 47 179919 45 180295 43 180671 41 181048 38 181424 36 181800 35 182176 33 182552 30 182928 28 183305 25 183681 23 184057 21 184433 19 184810 15 185186 12 185564 6
Russian_Blue_165,30626 9 30999 14 31372 17 31746 20 32120 23 32494 25 32868 28 33242 30 33616 33 33991 35 34365 38 34416 13 34739 68 35113 72 35487 75 35861 78 36236 80 36610 83 36984 86 37358 91 37732 100 38106 102 38480 105 38855 105 39229 107 39604 108 39978 110 40352 111 40727 112 41101 113 41476 114 41850 115 42225 116 42599 117 42974 117 43348 119 43723 119 44097 121 44471 122 44846 122 45220 124 45595 124 45969 126 46344 126 46719 126 47093 128 47468 128 47842 130 48217 130 48592 131 48966 132 49341 133 49716 133 50091 133 50465 135 50840 135 51215 136 51590 136 51965 136 52339 138 52714 138 53089 138 53464 139 53839 139 54213 140 54588 140 54963 141 55338 141 55713 141 56088 141 56462 142 56837 143 57212 143 57587 143 57962 143 58337 143 58711 145 59086 145 59461 145 59836 145 60211 145 60585 146 60960 146 61335 146 61710 146 62084 147 62459 147 62834 148 63209 148 63583 150 63958 150 64333 150 64707 126 64834 24 65082 125 65211 22 65456 125 65587 21 65831 125 65963 20 66206 125 66339 19 66580 125 66714 19 66955 125 67089 19 67329 126 67465 17 67704 126 67840 17 68079 126 68216 12 68230 1 68453 127 68591 11 68827 128 69202 128 69576 129 69951 129 70326 129 70700 131 71075 131 71449 132 71824 131 72199 131 72574 130 72948 131 73323 131 73698 131 74072 133 74447 133 74822 133 75197 134 75571 135 75946 135 76321 135 76695 136 77070 136 77444 138 77819 138 78193 139 78568 139 78942 141 79317 141 79691 142 80066 143 80440 144 80815 144 81189 145 81564 146 81938 147 82313 148 82687 149 83061 151 83301 25 83436 152 83673 33 83810 154 84047 37 84185 155 84422 40 84559 157 84797 42 84934 158 85173 43 85308 161 85548 45 85683 162 85924 47 86057 165 86300 48 86431 167 86675 53 86805 169 87051 62 87179 171 87428 65 87553 173 87804 72 87913 10 87924 178 88180 82 88286 191 88556 85 88659 194 88932 88 89032 196 89308 91 89404 200 89684 295 90060 295 90437 293 90813 292 91190 291 91566 290 91942 289 92318 288 92694 287 93070 286 93445 286 93821 285 94197 284 94572 284 94948 283 95323 283 95698 283 96073 282 96449 281 96824 281 97199 281 97574 280 97949 279 98324 279 98699 278 99074 276 99449 273 99824 252 100199 246 100574 244 100949 243 101324 242 101699 241 102074 240 102449 240 102823 240 103198 240 103573 240 103948 240 104323 240 104698 239 105073 239 105448 239 105823 239 106198 238 106573 238 106948 238 107323 238 107697 239 108072 239 108447 239 108822 239 109197 239 109572 239 109946 240 110321 240 110696 240 111070 241 111445 241 111820 241 112194 242 112568 243 112942 244 113317 244 113690 246 114064 247 114438 248 114811 250 115185 251 115558 253 115932 253 116305 255 116678 257 117052 258 117425 260 117798 262 118172 264 118545 266 118919 267 119293 268 119667 270 120041 271 120416 272 120791 45 120853 210 121166 35 121239 200 121542 28 121618 197 121920 18 121997 195 122375 193 122753 191 123131 190 123508 190 123884 191 124261 191 124637 191 125013 192 125389 193 125765 193 126140 194 126516 195 126892 194 127268 194 127644 194 128020 194 128396 193 128773 192 129150 190 129529 187 129907 184 130291 92 130426 40 130680 66 130805 37 131068 46 131183 34 131455 23 131561 31 131937 30 132314 28 132690 27 133066 26 133442 25 133818 24 134194 23 134569 23 134945 22 135321 21 135696 20 136072 19 136448 18 136824 16 137199 16 137575 14 137951 13 138327 11 138703 10 139079 8 139456 4
scottish_terrier_23,68544 4 68873 10 69203 14 69531 20 69856 29 70185 35 70514 41 70599 3 70843 47 70928 11 71170 56 71231 17 71258 16 71500 107 71829 113 72158 118 72489 121 72818 131 73148 140 73479 143 73809 146 74139 150 74469 152 74754 16 74798 156 75082 22 75128 159 75411 28 75458 162 75739 35 75786 166 76054 8 76068 39 76115 170 76385 233 76717 234 77050 234 77382 235 77720 230 78057 225 78391 224 78724 224 79058 223 79391 224 79724 224 80057 225 80390 226 80723 226 81056 226 81389 226 81722 225 82056 223 82390 221 82732 210 83066 207 83399 191 83594 9 83732 190 84064 189 84397 188 84729 188 85061 188 85394 187 85726 188 85944 4 86058 191 86274 8 86391 192 86605 10 86723 193 86936 12 87055 195 87267 14 87387 196 87598 16 87719 197 87928 19 88051 202 88255 24 88383 229 88715 229 89047 229 89379 229 89711 229 90043 229 90375 230 90707 230 91039 230 91370 231 91702 231 92034 231 92366 231 92698 231 93029 233 93361 233 93693 233 94024 234 94356 234 94687 235 95018 236 95349 236 95680 237 96010 239 96341 239 96670 241 97000 242 97331 238 97661 234 97991 233 98322 231 98653 229 98984 228 99314 229 99644 57 99706 167 99975 52 100042 162 100305 51 100377 158 100635 50 100715 152 100965 51 101051 147 101295 51 101399 130 101626 50 101738 1 101748 112 101957 50 102082 110 102288 49 102415 108 102620 32 102748 106 102952 22 103081 105 103285 15 103413 104 103745 103 104078 101 104410 101 104742 100 105074 99 105406 99 105738 98 106070 98 106402 97 106734 97 107066 97 107398 97 107730 96 108061 97 108393 97 108725 97 109057 97 109389 97 109721 97 110053 97 110385 97 110717 97 111049 97 111381 98 111713 98 112045 98 112377 99 112709 99 113042 99 113374 100 113706 100 114038 101 114370 102 114703 101 115035 102 115367 103 115699 103 116032 103 116364 104 116696 104 117029 104 117361 105 117693 105 118026 105 118358 105 118690 106 119023 105 119355 105 119688 105 120020 105 120352 105 120685 104 121017 104 121350 103 121682 104 122015 103 122347 103 122680 102 123012 102 123345 101 123678 100 124010 100 124343 99 124676 98 125008 98 125341 97 125674 96 126006 96 126339 95 126672 94 127004 94 127337 93 127670 92 128002 92 128335 91 128668 91 129000 91 129333 90 129666 89 129999 88 130331 88 130664 87 130997 86 131330 85 131663 84 131996 83 132329 82 132662 81 132996 78 133329 77 133662 76 133996 74 134329 73 134662 72 134995 70 135328 69 135661 68 135994 66 136326 65 136659 55 136716 3 136992 46 137325 42 137658 39 137990 38 138323 34 138656 32 138990 28 139338 1
shiba_inu_29,34134 16 34462 40 34520 7 34793 68 35045 25 35124 69 35371 37 35455 70 35696 47 35786 71 36012 65 36117 72 36337 74 36449 72 36664 81 36780 73 36992 87 37111 74 37320 93 37442 75 37649 98 37773 76 37978 104 38104 77 38307 108 38435 78 38636 114 38765 80 38966 118 39095 82 39295 124 39424 85 39624 217 39954 219 40284 221 40613 224 40944 225 41274 227 41605 228 41935 230 42265 232 42595 234 42925 236 43254 239 43582 243 43909 248 44198 15 44236 253 44528 21 44560 261 44842 311 45165 320 45495 322 45825 324 46156 325 46487 326 46819 260 47084 61 47150 260 47418 59 47481 260 47751 58 47812 261 48084 57 48144 260 48417 56 48476 260 48750 55 48807 261 49083 54 49139 261 49416 316 49749 315 50081 315 50414 314 50746 314 51079 50 51131 261 51411 50 51463 261 51744 49 51796 260 52076 49 52128 259 52409 48 52460 259 52741 48 52793 258 53073 48 53126 257 53405 48 53458 257 53738 47 53791 256 54070 47 54123 256 54402 47 54455 256 54734 47 54788 255 55067 46 55120 255 55399 46 55452 255 55731 46 55785 254 56063 46 56117 254 56395 46 56450 253 56728 45 56782 253 57060 45 57115 252 57392 45 57448 252 57724 45 57781 251 58056 45 58114 250 58388 45 58447 249 58721 44 58781 247 59053 44 59114 247 59385 44 59447 246 59717 44 59780 245 60049 44 60112 245 60381 44 60445 245 60713 44 60777 245 61045 44 61110 244 61377 44 61442 244 61709 44 61775 244 62041 44 62107 244 62374 43 62439 244 62706 43 62772 243 63038 43 63104 244 63370 43 63436 244 63702 43 63768 244 64034 43 64100 244 64366 43 64432 245 64698 43 64764 245 65030 43 65096 245 65362 43 65429 245 65694 43 65761 245 66026 43 66093 245 66357 44 66425 245 66689 44 66757 245 67021 44 67089 245 67353 44 67421 245 67685 44 67753 245 68017 44 68085 245 68349 44 68417 245 68681 44 68749 245 69012 45 69081 244 69344 45 69413 244 69676 45 69745 244 70008 45 70077 244 70340 45 70409 244 70672 45 70741 243 71004 45 71073 243 71335 46 71405 243 71667 46 71737 243 71999 46 72069 243 72331 46 72401 243 72663 46 72733 242 72995 46 73065 242 73326 47 73397 242 73658 47 73729 242 73990 47 74061 242 74322 47 74393 242 74654 47 74725 241 74985 48 75057 241 75317 48 75389 241 75649 48 75721 241 75980 49 76053 241 76312 49 76385 241 76644 49 76717 241 76976 49 77049 241 77307 50 77381 241 77639 50 77713 241 77970 51 78045 241 78302 51 78377 241 78634 51 78709 241 78965 52 79041 241 79297 52 79373 241 79628 53 79705 241 79960 53 80037 241 80291 54 80369 241 80623 54 80701 241 80954 55 81033 242 81286 55 81365 242 81617 56 81697 242 81948 57 82029 243 82280 57 82361 244 82610 59 82693 245 82940 61 83025 308 83357 308 83689 308 84021 308 84353 308 84685 308 85017 308 85349 308 85681 308 86013 308 86345 308 86676 309 87008 309 87340 309 87672 309 88003 310 88335 310 88667 310 88998 311 89330 311 89661 312 89992 313 90323 314 90655 314 90986 315 91317 316 91648 317 91979 318 92309 320 92640 321 92971 322 93302 323 93633 324 93964 325 94295 326 94626 327 94957 328 95288 329 95618 8298 103917 49 103973 275 104249 36 104316 263 104581 31 104650 261 104913 21 104984 259 105252 5 105317 258 105650 257 105983 256 106316 255 106649 255 106982 255 107314 255 107647 254 107980 253 108312 253 108645 252 108977 252 109310 251 109643 250 109975 250 110308 249 110640 36 110680 209 110973 31 111016 205 111305 28 111351 202 111638 25 111685 200 111971 22 112020 197 112304 19 112354 195 112637 16 112689 192 112971 11 113023 190 113306 6 113357 188 113691 186 114026 183 114361 180 114695 178 115029 176 115363 174 115697 172 116031 170 116365 165 116699 162 117033 159 117367 157 117701 153 118035 150 118370 89 118487 28 118704 82 118826 6 119039 73 119374 65 119710 57 120047 47 120386 34 120723 22
american_bulldog_201,40727 5 41059 10 41392 13 41725 16 42058 19 42390 23 42723 25 43057 27 43390 29 43724 31 44057 33 44391 34 44725 36 45059 37 45394 37 45728 38 46062 39 46396 40 46730 41 47065 41 47399 41 47734 40 48068 40 48335 10 48402 40 48668 18 48737 38 49001 24 49071 38 49334 29 49405 38 49668 32 49740 37 50001 35 50074 37 50334 38 50408 37 50668 41 50742 37 51001 44 51076 35 51335 49 51406 36 51669 53 51735 39 52003 102 52337 101 52671 101 53005 101 53339 102 53673 103 54006 105 54340 107 54674 108 55008 110 55342 113 55676 116 56010 120 56344 126 56678 130 57013 134 57347 137 57682 139 58016 143 58351 144 58686 146 59020 149 59355 151 59690 153 60025 154 60360 156 60694 158 61029 159 61364 159 61698 161 62033 162 62368 162 62702 164 63037 164 63371 166 63706 166 64041 166 64375 168 64710 168 65044 169 65379 169 65714 169 66048 170 66383 170 66717 171 67052 171 67387 171 67721 172 68056 171 68390 172 68725 172 69060 172 69394 173 69729 172 70064 172 70399 172 70733 173 71068 173 71403 173 71737 174 72072 173 72407 173 72742 173 73077 173 73411 174 73746 174 74081 173 74416 173 74750 174 75085 174 75420 174 75755 174 76090 174 76424 175 76759 175 77094 176 77429 176 77764 176 78099 176 78434 177 78769 177 79104 177 79439 178 79774 178 80109 178 80444 179 80779 179 81114 179 81449 179 81784 180 82119 180 82455 179 82790 179 83125 128 83261 43 83460 127 83599 41 83796 125 83937 38 84131 124 84274 36 84466 123 84610 35 84801 123 84946 34 85137 121 85283 32 85472 121 85619 31 85807 121 85956 28 86143 119 86292 27 86478 119 86629 25 86813 119 86965 23 87148 119 87301 22 87484 118 87637 21 87819 118 87973 19 88154 118 88309 17 88489 118 88646 14 88824 118 88982 12 89159 118 89318 9 89494 118 89656 3 89829 118 90164 118 90499 118 90834 118 91169 118 91504 118 91838 119 92173 119 92508 119 92843 119 93178 119 93513 119 93847 120 94182 120 94517 120 94852 120 95187 120 95521 121 95856 121 96191 121 96526 121 96861 120 97195 121 97530 121 97865 121 98200 121 98535 121 98869 122 99204 122 99539 122 99874 122 100209 122 100544 122 100878 123 101213 123 101548 123 101883 123 102218 123 102553 124 102888 124 103223 124 103558 124 103893 123 104228 123 104562 124 104897 124 105232 125 105567 126 105902 127 106237 127 106572 127 106907 126 107242 125 107577 122 107912 120 108248 117 108583 114 108918 112 109253 111 109588 109 109923 108 110258 107 110593 106 110928 106 111263 105 111598 105 111933 104 112268 104 112603 103 112938 103 113274 102 113609 101 113944 101 114279 101 114614 101 114949 101 115284 100 115620 99 115955 99 116290 99 116625 99 116960 98 117296 97 117631 97 117966 97 118301 97 118636 96 118972 95 119307 95 119642 95 119977 94 120313 93 120648 93 120983 92 121319 91 121654 91 121989 91 122325 89 122660 89 122996 87 123331 87 123667 86 124002 85 124338 84 124673 84 125009 82 125345 81 125681 79 126016 79 126352 78 126688 76 127024 75 127360 74 127696 72 128032 71 128368 69 128704 68 129040 66 129377 64 129713 62 130049 61 130385 59 130721 57 131058 55 131394 53 131730 51 132066 49 132402 46 132739 43 133075 40 133411 38 133747 35 134084 31 134420 29 134756 26 135093 22 135429 20 135766 16 136103 12 136440 8
basset_hound_157,16692 42 17183 57 17678 68 18174 78 18671 87 19168 95 19665 103 20163 108 20660 114 21158 118 21657 121 22155 125 22654 128 23152 132 23651 134 24150 137 24370 16 24649 139 24860 28 25148 142 25348 42 25647 144 25842 49 26146 146 26337 55 26645 149 26833 60 27144 152 27329 65 27643 155 27824 71 28143 158 28318 78 28642 254 29141 256 29640 257 30140 257 30639 257 31138 232 31380 15 31637 227 32136 225 32635 224 33134 224 33633 224 34132 224 34632 223 35131 224 35630 224 36130 224 36629 225 37129 225 37628 226 38127 227 38627 227 39126 228 39626 229 40126 229 40626 230 41125 231 41625 232 42125 232 42624 234 43124 234 43624 235 44123 237 44623 237 45123 238 45623 239 46123 240 46623 241 47123 242 47623 243 48123 244 48623 245 49123 247 49624 247 50124 248 50624 249 51125 249 51625 250 52125 251 52625 252 53125 252 53625 253 54125 253 54626 253 55126 253 55626 253 56126 253 56626 254 57127 253 57628 253 58129 253 58630 254 59130 258 59631 265 60131 268 60632 269 61132 270 61632 272 62133 272 62633 274 63133 276 63633 278 64133 280 64634 281 65134 282 65635 283 66135 284 66636 285 67136 286 67637 286 68137 288 68637 289 69138 289 69638 291 70139 291 70639 292 71139 293 71640 293 72140 293 72640 294 73140 295 73640 295 74140 296 74641 296 75141 296 75642 296 76142 296 76642 296 77143 295 77643 295 78144 293 78644 293 79145 291 79646 289 80146 288 80647 286 81148 284 81649 239 81891 40 82150 235 82391 39 82651 232 82892 37 83153 230 83392 36 83654 228 83893 34 84155 226 84393 33 84657 224 84894 32 85158 223 85394 31 85659 222 85895 29 86159 222 86395 28 86660 222 86895 28 87160 222 87395 27 87661 221 87895 26 88161 221 88395 26 88661 221 88895 26 89162 221 89395 25 89662 221 89895 25 90162 221 90395 25 90663 220 90895 25 91163 219 91395 25 91664 218 91895 24 92165 217 92396 23 92666 216 92896 22 93167 214 93396 22 93668 213 93896 22 94168 213 94397 21 94669 212 94897 21 95170 211 95397 20 95670 211 95898 19 96171 210 96398 19 96671 210 96898 19 97172 209 97399 18 97672 209 97899 17 98173 208 98399 17 98673 208 98899 17 99174 207 99399 16 99674 207 99900 15 100175 206 100400 15 100675 205 100900 15 101176 204 101400 15 101676 204 101900 15 102176 204 102399 16 102677 203 102899 16 103177 203 103399 16 103678 202 103899 16 104178 202 104399 16 104678 203 104899 16 105179 202 105398 17 105679 202 105898 17 106180 201 106397 18 106680 201 106897 18 107180 201 107397 18 107680 201 107897 18 108181 200 108397 18 108681 201 108896 19 109181 202 109396 19 109680 204 109896 19 110180 205 110396 19 110680 205 110895 20 111180 206 111394 21 111680 206 111894 21 112180 207 112393 22 112680 207 112891 24 113179 236 113679 236 114179 236 114678 237 115178 237 115678 237 116178 237 116677 238 117177 238 117677 238 118176 239 118676 239 119176 239 119676 239 120175 240 120675 240 121175 240 121674 241 122174 241 122674 241 123174 241 123673 242 124173 242 124673 241 125173 241 125672 242 126172 241 126672 241 127171 241 127671 241 128171 240 128671 240 129170 240 129670 239 130170 239 130670 238 131169 237 131669 179 131861 44 132169 175 132369 34 132669 171 132873 28 133169 168 133377 22 133669 166 133883 12 134169 165 134668 164 135168 163 135668 126 135805 25 136168 124 136309 19 136668 122 136815 10 137168 121 137668 120 138168 119 138668 119 139168 118 139668 117 140168 117 140667 117 141167 117 141667 116 142167 115 142667 115 143167 114 143667 114 144166 114 144666 113 145166 113 145666 112 146166 111 146665 111 147165 111 147665 110 148165 109 148664 109 149164 108 149664 107 150164 106 150664 105 151164 104 151664 103 152164 102 152664 100 153164 99 153665 97 154165 95 154665 93 155166 90 155667 88 156167 86 156668 83 157170 79 157672 75 158176 69 158678 64 159181 58 159684 52 160188 44 160692 35 161197 23 161705 4
english_cocker_spaniel_72,6758 2 7131 6 7505 9 7880 11 8255 12 8630 14 9005 15 9380 16 9755 17 10130 19 10505 20 10881 20 11256 21 11631 22 12007 22 12382 24 12758 24 13134 24 13510 24 13886 24 14262 24 14638 24 15015 23 15391 24 15767 24 16143 24 16519 24 16895 24 17271 25 17647 25 18023 25 18399 25 18775 25 19151 25 19527 25 19903 25 20279 25 20655 25 21032 25 21408 25 21784 25 22160 25 22536 25 22912 25 23288 25 23664 25 24041 24 24416 25 24793 24 25169 24 25545 24 25921 24 26297 25 26673 25 27049 25 27425 25 27801 25 28177 25 28553 25 28929 25 29306 24 29681 25 30057 25 30434 25 30810 25 31186 25 31562 25 31938 25 32314 25 32690 25 33066 25 33443 24 33818 26 34195 25 34571 25 34947 25 35323 25 35699 25 36075 25 36451 25 36827 25 37203 25 37579 25 37955 25 38331 26 38707 26 39083 26 39459 26 39835 27 39897 9 40211 27 40259 28 40586 28 40633 33 40961 29 41008 35 41337 29 41384 35 41711 31 41759 36 42086 32 42135 36 42461 33 42510 36 42836 35 42886 36 43210 37 43262 35 43585 38 43638 34 43958 42 44014 33 44330 46 44390 33 44700 52 44766 32 45072 56 45142 31 45443 61 45518 30 45815 66 45894 29 46187 70 46270 28 46559 74 46647 25 46932 78 47025 21 47306 80 47402 19 47679 83 47781 14 48053 85 48161 7 48426 88 48800 90 49174 92 49548 94 49922 96 50044 4 50296 98 50417 11 50457 11 50671 99 50792 52 51045 101 51166 54 51419 103 51542 54 51794 104 51917 55 52168 106 52292 55 52542 108 52668 54 52917 109 53043 55 53291 111 53419 54 53665 112 53795 53 54040 113 54170 53 54414 115 54546 53 54788 117 54922 52 55162 119 55298 51 55536 121 55673 51 55911 121 56049 50 56285 124 56425 49 56659 126 56801 48 57034 127 57177 47 57408 129 57553 46 57782 131 57929 45 58156 133 58304 45 58530 135 58680 43 58904 138 59056 42 59278 140 59432 40 59652 143 59809 38 60026 145 60185 36 60400 148 60561 34 60774 150 60937 32 61147 153 61313 29 61521 155 61690 26 61893 159 62066 24 62266 162 62443 19 62635 169 62819 16 63008 172 63196 11 63381 175 63576 3 63754 178 64128 180 64502 152 64655 30 64876 154 65032 29 65251 154 65408 29 65626 154 65785 29 66001 155 66161 29 66376 156 66538 28 66751 157 66914 29 67126 157 67290 29 67501 158 67667 27 67876 159 68042 28 68251 160 68418 28 68626 161 68793 29 69001 164 69168 30 69376 164 69543 31 69751 199 70126 199 70501 200 70876 201 71251 172 71425 28 71626 171 71801 28 72001 172 72176 29 72376 172 72552 29 72751 173 72931 26 73126 173 73308 25 73501 174 73684 25 73876 174 74061 24 74251 175 74437 24 74626 176 74813 24 75001 177 75190 23 75376 177 75566 23 75751 178 75942 23 76126 178 76318 23 76501 179 76694 23 76876 179 77071 22 77251 179 77447 23 77626 180 77823 23 78001 180 78199 23 78376 180 78575 23 78751 179 78951 23 79126 179 79327 23 79501 178 79703 23 79876 177 80079 23 80251 176 80456 23 80626 174 80831 24 81001 172 81208 23 81376 170 81584 23 81751 169 81960 23 82126 166 82336 24 82501 164 82712 24 82876 159 83088 24 83251 154 83465 23 83626 151 83841 23 84001 149 84217 23 84376 146 84593 23 84751 144 84969 23 85126 142 85345 23 85501 140 85722 22 85876 139 86098 22 86251 138 86474 22 86626 137 86851 21 87001 136 87227 21 87376 135 87603 21 87751 135 87979 22 88126 134 88355 21 88501 134 88732 21 88876 133 89108 21 89251 133 89484 21 89626 132 89860 21 90001 132 90236 21 90376 132 90612 21 90753 129 90989 21 91130 126 91365 21 91507 123 91741 21 91884 120 92117 21 92260 117 92493 21 92636 113 92869 21 93012 110 93246 20 93389 106 93621 21 93765 103 93997 21 94141 101 94373 21 94517 98 94749 20 94893 95 95125 20 95268 94 95501 20 95644 91 95878 19 96020 89 96254 19 96396 87 96630 18 96772 84 97006 18 97147 83 97382 17 97524 79 97758 17 97900 19 97933 44 98135 15 98278 5 98312 38 98511 14 98692 32 98887 14 99072 24 99263 13 99451 17 99639 12 100015 12 100391 11 100767 10 101143 9 101519 8 101896 7 102272 6 102648 5 103024 4 175286 8 175659 13 176031 17 176406 18 176780 21 177155 22 177530 23 177905 23 178280 23 178655 22 179030 20 179405 19 179781 15 180156 14 180532 9
shiba_inu_189,62188 15 62677 56 63170 68 63664 78 64160 85 64656 92 65152 99 65649 105 66146 110 66644 114 67142 119 67639 124 68137 128 68635 132 69133 136 69631 139 70129 142 70628 145 71126 148 71624 151 72122 154 72618 159 73115 163 73612 166 74110 169 74607 173 75106 176 75604 178 76102 182 76601 184 77100 186 77599 189 78098 191 78598 193 79097 196 79345 4 79597 198 79842 7 80097 199 80340 9 80596 202 80838 11 81096 204 81337 11 81596 206 81834 14 82096 209 82331 16 82596 212 82828 17 83095 219 83323 21 83595 248 84095 246 84595 245 85094 244 85594 241 86093 240 86593 237 87093 233 87592 228 88092 208 88592 201 89091 198 89590 197 90090 196 90589 196 91088 196 91588 195 92087 196 92587 195 93086 196 93586 196 94085 196 94585 196 95084 197 95584 197 96084 197 96583 197 97083 197 97582 198 98082 198 98582 197 99081 198 99581 198 100081 198 100580 199 101080 198 101580 198 102079 199 102579 199 103079 198 103579 198 104078 199 104578 198 105077 199 105577 199 106076 200 106575 201 107075 201 107574 202 108073 203 108572 204 109071 205 109570 206 110069 207 110568 208 111067 209 111566 210 112065 211 112564 212 113063 213 113562 214 114060 163 114226 50 114559 164 114727 49 115058 165 115228 48 115557 166 115729 47 116056 167 116230 46 116554 169 116730 46 117053 170 117231 46 117552 171 117732 45 118051 173 118233 44 118549 175 118734 44 119048 176 119235 43 119547 178 119735 44 120046 179 120235 45 120545 180 120736 45 121043 182 121236 46 121542 184 121736 47 122041 185 122236 48 122540 187 122736 49 123042 6 123064 163 123236 51 123572 155 123736 53 124078 149 124237 55 124581 147 124737 57 125083 145 125238 60 125585 143 125738 63 126087 141 126239 66 126589 140 126740 69 127090 139 127242 70 127590 139 127744 71 128091 139 128245 73 128592 138 128746 74 129093 138 129248 73 129594 137 129753 69 130094 137 130302 19 130595 137 130810 8 131096 136 131597 135 132098 134 132599 133 133101 131 133602 130 134105 127 134607 124 135110 121 135613 118 136116 115 136620 111 137123 108 137626 105 138128 103 138632 98 139155 75 139659 71 140161 69 140663 67 141165 64 141667 62 142169 60 142671 58 143172 56 143674 54 144175 52 144676 51 145177 49 145678 48 146179 46 146680 44 147181 43 147682 41 148182 40 148683 39 149184 37 149685 36 150186 34 150686 33 151187 32 151688 31 152188 30 152689 28 153189 28 153690 26 154191 24 154691 23 155192 21 155693 19 156193 18 156694 16 157195 14 157696 11 158197 8 158699 5
Ragdoll_135,40939 11 41416 21 41894 27 42373 31 42852 36 43330 41 43809 44 44288 47 44767 51 45246 54 45725 57 46204 60 46683 63 47162 67 47641 70 48120 73 48598 77 49077 80 49501 10 49555 84 49980 15 50033 88 50460 18 50510 92 50940 22 50987 97 51420 27 51462 103 51900 146 52381 146 52861 148 53341 149 53822 149 54302 151 54783 152 55263 154 55744 155 56224 157 56704 159 57009 4 57185 160 57482 17 57665 162 57957 24 58146 163 58432 31 58626 165 58907 37 59107 167 59384 41 59587 169 59859 47 60067 172 60294 13 60332 55 60547 175 60767 101 61028 180 61243 106 61508 186 61718 112 61988 324 62344 11 62468 326 62819 18 62949 327 63294 25 63429 331 63769 31 63909 372 64389 373 64870 373 65350 373 65830 374 66310 374 66791 374 67271 374 67751 374 68232 373 68712 373 69192 373 69673 372 70153 372 70633 372 71113 372 71593 372 72073 372 72553 372 73033 372 73513 372 73992 372 74472 372 74952 371 75432 371 75911 371 76391 370 76871 370 77350 370 77830 369 78310 368 78789 368 79269 367 79749 366 80229 365 80709 364 81189 364 81668 364 82148 362 82628 361 83108 360 83588 359 84068 358 84548 356 85028 354 85508 352 85988 350 86468 347 86948 345 87428 342 87908 340 88388 337 88868 335 89348 334 89828 332 90308 330 90788 328 91268 325 91748 322 92228 317 92708 313 93188 311 93669 308 94149 306 94629 304 95109 303 95589 301 96069 300 96549 299 97029 297 97509 296 97989 295 98468 295 98948 294 99428 293 99908 292 100388 291 100868 290 101348 290 101828 289 102308 288 102788 288 103268 287 103748 287 104227 287 104707 287 105187 286 105667 285 106148 284 106629 282 107109 281 107591 279 108073 276 108554 274 109036 271 109518 268 109999 266 110480 264 110961 262 111442 260 111924 257 112405 255 112885 254 113366 252 113847 250 114327 249 114808 247 115288 246 115769 243 116249 242 116729 241 117210 239 117690 238 118171 235 118651 234 119131 233 119611 232 120092 230 120572 229 121052 227 121531 227 122011 226 122491 225 122971 223 123451 222 123930 222 124410 220 124890 218 125370 216 125849 216 126329 213 126809 211 127288 210 127768 208 128248 206 128728 204 129208 202 129687 201 130167 200 130647 198 131127 197 131606 197 132086 196 132566 195 133046 194 133525 195 134005 194 134485 193 134965 193 135445 192 135925 191 136405 191 136885 190 137365 189 137845 189 138324 189 138804 188 139284 187 139764 186 140244 185 140724 184 141204 183 141684 182 142164 181 142643 182 143123 181 143603 180 144083 179 144563 179 145043 178 145523 177 146002 178 146482 177 146962 177 147442 176 147922 176 148402 175 148882 174 149362 174 149841 174 150321 174 150801 173 151281 172 151761 172 152241 171 152721 171 153201 170 153681 169 154161 169 154641 168 155121 167 155601 167 156081 166 156561 166 157041 166 157521 165 158001 165 158481 164 158961 164 159441 164 159921 163 160401 163 160881 163 161361 162 161841 162 162321 162 162801 161 163281 161 163761 160 164241 160 164721 160 165201 159 165681 158 166161 158 166641 157 167121 157 167601 156 168081 155 168561 155 169041 154 169521 154 170001 153 170482 151 170962 150 171442 150 171922 149 172402 148 172882 147 173362 147 173843 145 174323 144 174803 143 175283 143 175763 142 176244 140 176724 139 177204 139 177685 137 178165 136 178645 136 179126 134 179606 134 180087 132 180567 132 181048 131 181528 130 182009 129 182490 127 182971 126 183451 126 183932 124 184413 123 184894 122 185374 121 185855 120 186336 119 186816 119 187297 118 187777 117 188257 117 188738 116 189218 116 189699 115 190179 115 190660 114 191140 114 191620 114 192101 113 192581 113 193062 112 193542 112 194023 111 194503 111 194983 111 195464 110 195944 110 196425 109 196905 109 197385 109
Russian_Blue_120,47803 15 48171 35 48542 42 48914 50 49158 7 49284 62 49529 17 49656 69 49903 29 50026 79 50277 35 50399 84 50651 40 50772 88 51026 46 51145 92 51401 73 51519 95 51776 76 51892 98 52151 78 52266 101 52527 80 52639 104 52902 84 53012 108 53277 91 53384 114 53653 95 53755 119 54028 224 54404 226 54779 228 55155 230 55531 232 55906 234 56282 236 56657 238 57033 241 57409 244 57746 3 57750 1 57785 246 58116 10 58160 250 58487 14 58536 253 58859 17 58912 256 59231 20 59289 259 59601 25 59665 264 59972 29 60041 335 60417 334 60793 333 61169 332 61545 331 61921 330 62298 328 62674 327 63050 326 63426 325 63802 324 64178 323 64554 322 64930 321 65306 320 65683 318 66059 317 66435 316 66811 315 67187 314 67563 313 67939 312 68315 311 68691 310 69067 309 69443 308 69819 307 70195 306 70571 305 70947 304 71323 303 71699 302 72075 301 72451 300 72827 299 73202 299 73578 298 73953 298 74329 297 74704 297 75080 296 75455 296 75830 296 76205 296 76581 295 76956 295 77331 295 77706 295 78081 295 78457 294 78832 294 79207 294 79582 294 79957 294 80332 294 80707 294 81082 294 81458 293 81833 293 82208 293 82583 293 82958 293 83333 293 83708 293 84083 293 84458 293 84833 293 85208 293 85583 293 85958 293 86333 293 86708 293 87083 293 87459 292 87834 292 88209 292 88584 292 88959 292 89334 292 89709 292 90084 292 90459 292 90834 292 91209 292 91584 292 91959 292 92335 291 92710 291 93085 291 93460 291 93835 291 94210 291 94585 291 94960 291 95335 291 95710 291 96085 291 96461 290 96836 290 97211 290 97586 290 97961 290 98336 290 98711 290 99086 290 99461 290 99836 290 100212 289 100587 289 100962 289 101337 289 101712 289 102087 289 102463 288 102838 288 103213 288 103588 288 103963 288 104338 288 104713 288 105088 288 105463 288 105839 287 106214 287 106589 287 106964 287 107339 287 107714 287 108089 287 108464 287 108839 287 109214 287 109589 287 109964 287 110339 287 110714 287 111089 287 111465 286 111840 286 112215 286 112590 286 112965 286 113340 286 113715 286 114090 286 114465 286 114840 286 115215 286 115590 286 115965 286 116340 286 116715 286 117090 286 117465 286 117840 286 118215 286 118590 286 118965 286 119340 286 119715 286 120090 286 120465 286 120840 286 121215 286 121590 286 121965 286 122340 286 122715 286 123090 286 123465 286 123839 287 124214 287 124589 287 124964 287 125338 288 125713 288 126088 288 126462 289 126837 289 127211 290 127585 291 127960 291 128334 292 128709 292 129083 293 129457 294 129832 294 130206 295 130580 296 130955 296 131329 297 131703 298 132078 298 132452 299 132826 300 133201 300 133575 301 133949 302 134324 302 134698 303 135072 304 135447 304 135821 305 136195 306 136570 306 136944 307 137319 307 137693 308 138068 308 138442 309 138817 309 139191 74 139281 220 139566 69 139689 187 139940 67 140069 182 140315 65 140448 178 140689 63 140826 175 141064 60 141204 172 141439 54 141581 170 141813 50 141957 169 142188 47 142333 168 142563 44 142709 167 142938 41 143085 166 143312 40 143461 165 143687 38 143837 164 144062 36 144213 163 144437 34 144589 162 144812 32 144965 161 145187 29 145341 160 145562 27 145716 160 145937 24 146092 159 146313 20 146468 158 146688 16 146844 157 147064 10 147219 157 147441 4 147595 156 147971 155 148346 155 148722 154 149098 153 149473 153 149849 152 150225 151 150601 150 150976 150 151352 149 151727 149 152103 148 152478 148 152854 147 153230 146 153606 145 153981 145 154357 144 154733 143 155108 143 155484 142 155860 141 156236 140 156612 139 156988 138 157363 138 157739 137 158115 136 158490 136 158866 135 159242 134 159617 134 159993 133 160368 133 160744 132 161119 132 161494 132 161870 131 162245 131 162620 131 162996 130 163371 130 163746 130 164122 129 164497 129 164872 129 165247 129 165622 129 165998 128 166373 128 166748 128 167123 128 167498 128 167873 128 168248 128 168623 128 168998 128 169373 128 169748 128 170123 128 170498 128 170873 128 171248 128 171623 128 171998 128 172374 127 172749 127 173124 127 173499 127 173874 127 174249 127 174625 126 175000 126 175375 126 175750 126 176125 126 176500 126 176876 125 177251 125 177626 125 178001 125 178376 125 178752 124 179127 124 179502 124 179877 124 180252 124 180628 123 181003 123 181378 123 181754 122 182129 122 182504 122 182879 122 183254 122 183630 121 184005 121 184380 121 184755 121 185130 121 185506 119 185881 119 186256 118 186631 117 187006 114 187381 108
english_setter_149,34239 3 34612 7 34986 10 35360 13 35734 17 36108 21 36482 26 36856 31 37230 34 37604 39 37978 42 38352 47 38727 52 39101 55 39476 59 39850 62 40225 64 40599 67 40974 69 41349 70 41723 73 42098 75 42473 77 42848 79 43223 81 43598 84 43972 89 44347 93 44722 100 45097 104 45472 107 45847 110 46221 112 46596 113 46971 114 47346 115 47721 116 48096 118 48471 119 48845 121 49220 122 49595 123 49970 123 50345 124 50720 124 51095 125 51470 125 51845 125 52220 125 52595 125 52970 125 53346 124 53721 124 54096 124 54471 124 54846 124 55221 124 55596 124 55972 123 56347 123 56722 124 57098 123 57473 124 57848 124 58224 124 58599 124 58975 124 59350 124 59726 124 60101 124 60477 124 60852 125 61228 125 61603 126 61979 125 62354 125 62730 123 63105 121 63481 118 63856 117 64232 115 64607 114 64983 113 65358 112 65734 111 66109 110 66485 109 66860 109 67236 108 67611 108 67987 107 68363 106 68738 107 69114 106 69490 105 69865 106 70241 105 70617 105 70992 106 71368 106 71744 106 72120 107 72496 107 72872 108 73247 109 73623 110 73999 110 74375 111 74751 111 75126 112 75502 112 75878 113 76253 114 76629 115 77005 115 77380 117 77756 117 78131 118 78507 118 78882 119 79258 119 79633 120 80009 120 80384 121 80760 121 81135 122 81511 122 81886 124 82262 126 82637 130 83013 133 83388 135 83763 137 84139 138 84514 140 84890 141 85265 143 85641 143 86016 144 86391 145 86767 146 87142 147 87517 149 87893 150 88268 152 88643 153 89018 155 89394 155 89769 156 90144 157 90519 158 90894 159 91269 160 91644 161 92020 161 92395 162 92769 164 93144 165 93519 166 93894 166 94269 167 94644 168 95018 169 95393 170 95768 170 96142 171 96517 172 96892 172 97266 174 97641 174 98016 175 98390 176 98765 177 99139 178 99514 179 99889 170 100065 4 100263 168 100442 4 100638 166 100818 6 101013 166 101193 10 101387 166 101569 11 101762 166 101944 13 102137 165 102319 15 102511 166 102695 15 102886 166 103071 16 103261 166 103446 18 103636 166 103822 18 104010 167 104198 19 104385 167 104574 21 104760 167 104951 20 105134 167 105327 21 105509 166 105704 20 105883 167 106080 20 106258 166 106456 20 106633 165 106833 19 107007 166 107209 18 107382 165 107586 16 107757 165 107962 14 108132 164 108339 10 108506 165 108717 4 108881 164 109256 164 109631 164 110005 164 110380 164 110755 164 111130 163 111505 163 111880 163 112255 163 112630 162 113005 162 113380 162 113755 162 114130 161 114505 161 114880 161 115255 161 115630 161 116005 161 116380 160 116755 160 117130 160 117506 159 117881 158 118256 158 118631 158 119006 158 119381 157 119756 157 120132 156 120507 155 120882 154 121258 152 121633 149 122008 141 122384 137 122760 133 123135 131 123511 127 123887 80 123977 16 124264 76 124640 73 125017 69 125397 62 125781 16 125813 16
Bengal_24,28723 8 29095 13 29468 17 29841 20 30215 22 30588 25 30962 27 31336 29 31709 31 32083 33 32457 34 32830 37 33204 38 33578 40 33952 41 34326 43 34700 44 35074 45 35448 47 35822 48 36196 49 36570 50 36944 51 37318 53 37692 54 38066 55 38440 56 38815 56 39189 57 39563 58 39937 59 40312 59 40686 61 41060 62 41435 62 41809 63 42184 63 42558 64 42933 64 43307 65 43682 65 44056 66 44431 66 44805 67 45180 67 45555 67 45929 68 46304 68 46679 69 47053 70 47428 70 47802 71 48177 71 48552 71 48927 71 49301 72 49676 72 50051 72 50425 73 50800 73 51175 73 51549 74 51924 74 52299 74 52674 74 53048 75 53423 75 53798 75 54173 75 54548 75 54922 76 55297 76 55672 76 56047 76 56422 76 56797 76 57172 76 57547 76 57921 77 58296 77 58671 77 59046 77 59421 77 59796 76 60171 76 60546 76 60921 76 61296 75 61671 75 62046 75 62421 74 62796 74 63171 73 63546 73 63921 73 64296 72 64671 72 65046 71 65422 70 65797 69 66172 68 66547 67 66922 66 67297 65 67672 65 68047 64 68422 63 68797 62 69172 61 69547 61 69922 60 70297 59 70672 58 71047 58 71422 57 71798 56 72173 55 72548 55 72923 54 73298 54 73673 53 74048 53 74423 53 74798 53 75173 52 75548 52 75924 51 76299 51 76674 51 77049 51 77424 51 77799 51 78174 51 78549 51 78924 51 79299 51 79675 50 80050 50 80425 50 80800 50 81175 50 81550 50 81925 50 82300 50 82675 50 83049 51 83424 51 83799 51 84174 51 84549 51 84923 52 85298 52 85673 51 86047 52 86421 53 86795 54 87169 55 87541 58 87910 64 88265 84 88638 86 89013 86 89387 87 89762 87 90137 87 90512 87 90887 87 91262 88 91637 88 92012 88 92387 88 92762 88 93137 88 93512 88 93887 88 94262 88 94637 88 95012 88 95387 88 95762 88 96137 88 96512 88 96887 88 97261 89 97636 89 98011 90 98386 90 98761 90 99136 90 99511 90 99885 91 100260 91 100635 92 101010 92 101384 93 101759 93 102133 58 102197 30 102508 56 102574 29 102882 56 102951 27 103257 55 103329 24 103631 55 103705 23 104006 54 104082 21 104381 53 104458 20 104756 52 104834 19 105132 50 105210 18 105508 47 105586 17 105884 45 105962 16 106261 42 106338 15 106639 36 106713 15 107016 30 107089 14 107464 14 107839 14 108215 13 108590 13 108965 13 109341 12 109716 12 110091 12 110466 11 110842 10 111217 10 111592 10 111967 10 112342 10 112717 10 113092 10 113468 9 113843 9 114218 9 114593 9 114968 9 115343 9 115718 9 116093 9 116468 9 116843 9 117218 9 117593 10 117968 10 118343 10 118718 10 119093 10 119468 10 119843 10 120218 10 120593 11 120968 11 121343 11 121717 12 122092 12 122467 12 122842 12 123217 12 123592 12 123966 13 124341 12 124716 12 125091 11 125466 11 125840 11 126215 11 126590 10 126965 10 127340 9 127714 9 128089 9 128464 8 128839 8 129214 8 129589 7 129964 7 130338 8 130713 7 131088 7 131463 7 131838 6 132213 6 132588 6 132963 6 133338 5 133713 5 134088 5 134463 5 134838 4 135213 4 135588 4 135962 5 136337 4 136712 4 137087 4 137461 5 137836 5 138211 5 138586 5 138961 4 139336 4 139711 4 140086 4 140461 3 140836 3 141211 3 141587 1
beagle_39,40407 4 40762 6 40781 6 41135 28 41508 31 41881 34 42254 37 42625 42 42996 47 43368 51 43740 55 44112 59 44485 61 44857 65 45230 68 45604 70 45977 73 46350 76 46724 78 47097 81 47470 84 47844 86 48217 89 48591 90 48965 92 49338 95 49712 97 50086 98 50459 101 50833 103 51207 105 51581 107 51955 109 52329 111 52703 113 52836 4 53077 116 53209 6 53451 118 53582 8 53825 121 53955 9 54199 140 54573 140 54948 139 55322 139 55696 139 56070 140 56444 140 56818 140 57192 140 57567 139 57941 140 58315 140 58689 141 59063 141 59437 141 59811 142 60185 142 60559 142 60933 143 61307 143 61681 144 62055 144 62430 144 62804 144 63179 144 63553 144 63928 144 64302 145 64677 145 65051 146 65426 146 65800 147 66175 147 66549 148 66924 148 67298 149 67672 150 68046 151 68420 153 68793 155 69164 159 69534 165 69906 168 70276 174 70643 182 71011 190 71379 198 71749 204 72121 208 72495 210 72868 214 73242 217 73616 219 73991 222 74365 226 74739 230 75114 235 75488 241 75862 246 76237 251 76611 256 76986 259 77360 264 77735 266 78109 267 78483 268 78858 268 79232 269 79606 270 79981 270 80355 271 80729 272 81104 272 81478 273 81852 274 82227 274 82601 210 82824 52 82975 204 83202 49 83350 201 83580 46 83724 202 83957 44 84098 203 84335 41 84473 205 84716 35 84847 208 85094 32 85222 210 85472 29 85596 212 85850 26 85971 213 86228 23 86345 215 86720 216 87094 219 87469 220 87844 219 88218 201 88429 8 88593 200 88967 198 89342 196 89717 195 90092 194 90467 193 90841 193 91216 191 91591 190 91966 189 92341 188 92716 187 93091 186 93466 185 93841 183 94216 183 94591 182 94966 181 95341 181 95717 180 96092 179 96467 179 96842 179 97218 179 97593 180 97968 182 98343 184 98719 187 99094 191 99469 194 99845 196 100220 199 100596 200 100971 205 101346 207 101722 208 102097 210 102472 212 102848 212 103223 214 103599 215 103974 216 104349 218 104725 219 105100 221 105476 225 105851 234 106227 139 106374 90 106602 133 106758 84 106978 129 107138 82 107354 127 107521 76 107730 125 107902 71 108105 124 108285 64 108481 123 108666 59 108857 121 109044 56 109233 120 109423 52 109609 118 109800 49 109985 116 110177 47 110361 115 110554 45 110737 113 110931 42 111113 111 111308 39 111488 111 111687 34 111864 109 112064 32 112239 109 112441 29 112615 108 112818 26 112990 107 113195 23 113366 106 113572 20 113742 105 113948 18 114118 103 114325 14 114493 103 114703 7 114870 99 115246 97 115623 93 116001 88 116377 85 116755 81 117133 76 117509 73 117887 66 118264 61 118641 56 119018 52 119396 47 119773 42 120150 38 120527 34 120905 28 121282 24 121659 19 122038 11
British_Shorthair_190,35189 2 35520 5 35850 7 36181 8 36512 9 36842 11 37173 12 37503 14 37833 16 38164 17 38495 18 38825 20 39155 22 39485 24 39813 28 40142 31 40470 35 40799 38 41130 39 41460 41 41790 43 42120 45 42451 46 42781 48 43112 49 43442 51 43773 52 44104 53 44434 55 44766 55 45097 56 45428 57 45759 58 46090 59 46420 61 46751 62 47082 63 47412 65 47742 67 48072 69 48402 71 48731 74 49060 77 49388 81 49715 86 50044 89 50373 92 50702 95 51031 98 51360 101 51691 102 52021 104 52351 106 52681 108 52952 6 53012 109 53275 21 53342 111 53599 35 53673 112 53924 46 54003 114 54250 55 54333 116 54574 66 54662 119 54902 72 54992 121 55231 79 55321 124 55559 218 55888 221 56218 223 56548 225 56878 227 57208 229 57538 231 57869 232 58198 235 58528 237 58858 239 59188 241 59519 242 59769 4 59849 244 60096 13 60179 246 60426 18 60509 270 60839 276 61169 293 61499 302 61829 310 62159 318 62488 9889 72379 330 72713 328 73047 326 73380 325 73713 324 74046 323 74379 322 74711 322 75044 321 75376 321 75709 320 76041 320 76373 320 76706 319 77038 319 77370 319 77702 319 78034 319 78366 319 78698 319 79030 319 79362 319 79694 319 80025 320 80357 320 80688 321 81020 321 81352 321 81684 321 82016 321 82347 322 82679 322 83011 322 83343 322 83675 322 84007 322 84340 321 84672 321 85004 321 85336 321 85667 322 85999 322 86331 322 86663 322 86995 322 87327 322 87659 322 87991 322 88323 322 88655 322 88987 322 89319 322 89651 322 89983 322 90316 321 90648 321 90980 321 91312 321 91644 321 91976 321 92308 321 92640 321 92972 321 93304 321 93635 322 93967 322 94299 322 94631 322 94964 321 95296 321 95628 321 95960 321 96292 321 96624 321 96956 321 97288 321 97620 321 97952 321 98284 321 98616 321 98948 321 99280 321 99612 321 99944 321 100276 321 100608 321 100940 321 101272 321 101604 321 101936 321 102268 321 102600 321 102932 321 103265 320 103597 320 103929 320 104261 320 104593 320 104925 320 105257 320 105589 320 105921 320 106253 320 106585 320 106917 320 107249 320 107581 320 107913 320 108245 320 108577 320 108909 320 109242 319 109574 319 109906 319 110238 319 110570 319 110902 319 111234 319 111566 319 111898 319 112230 319 112562 319 112894 319 113226 319 113558 319 113890 319 114222 319 114555 318 114887 318 115219 318 115551 318 115884 317 116216 317 116549 316 116881 316 117214 315 117546 315 117879 314 118211 314 118544 313 118876 313 119208 313 119541 312 119873 312 120205 312 120538 311 120870 311 121202 311 121535 310 121867 310 122199 310 122531 310 122864 309 123196 309 123528 309 123860 309 124192 309 124524 309 124856 309 125188 309 125520 309 125852 309 126183 310 126515 310 126847 310 127179 310 127511 310 127842 311 128174 311 128506 311 128838 311 129169 312 129501 312 129832 313 130164 313 130495 314 130827 314 131158 315 131489 316 131820 317 132151 318 132482 319 132813 320 133144 321 133475 322 133806 323 134137 324 134467 326 134796 329 135127 9374 144512 316 144857 298 145191 292 145526 285 145860 280 146194 273 146529 268 146862 263 147198 256 147532 249 147866 244 148200 239 148534 233 148867 229 149200 226 149534 221 149866 199 150068 16 150199 198 150532 197 150864 197 151198 195 151530 195 151863 194 152195 194 152528 193 152860 193 153192 193 153525 192 153857 192 154189 192 154521 192 154854 191 155186 191 155518 191 155850 191 156182 191 156514 191 156846 191 157178 191 157510 191 157842 191 158174 191 158506 191 158838 191 159170 191 159503 190 159835 190 160168 189 160500 189 160833 188 161166 187 161498 187 161831 186 162164 185 162497 184 162830 183 163162 183 163495 182 163828 181 164163 178 164498 175 164834 171 165168 1 165170 38 165209 128 165500 1 165502 18 165521 1 165556 1 165558 110 165832 1 165834 16 165890 109
pomeranian_49,28002 11 28374 18 28435 13 28747 22 28806 19 29119 27 29178 23 29492 32 29550 26 29865 37 29921 31 30237 44 30291 36 30609 93 30981 96 31352 100 31724 103 32096 106 32468 108 32841 110 33214 112 33586 115 33957 118 34329 121 34701 124 35072 127 35443 131 35815 134 36187 136 36559 139 36932 141 37305 142 37677 145 38050 147 38423 148 38796 150 39169 152 39542 154 39915 156 40289 156 40662 158 41036 159 41410 160 41783 161 42157 162 42531 163 42905 164 43279 164 43653 165 44027 166 44402 165 44776 166 45150 167 45524 168 45899 168 46273 168 46647 169 47021 170 47396 170 47770 170 48144 171 48519 171 48893 172 49267 172 49641 173 50016 173 50390 174 50764 174 51139 174 51513 175 51888 175 52262 176 52637 175 53012 175 53386 176 53761 176 54136 176 54510 177 54885 177 55260 177 55635 177 56010 177 56385 177 56760 177 57134 178 57509 179 57884 179 58259 179 58634 179 59008 180 59383 181 59758 181 60132 182 60507 183 60882 183 61201 6 61256 185 61574 11 61631 185 61948 16 62005 187 62322 19 62379 189 62696 23 62754 189 63071 25 63128 191 63445 29 63501 195 63820 33 63875 197 64194 38 64249 199 64569 43 64621 204 64943 258 65317 260 65692 262 66066 264 66441 265 66816 266 67190 268 67565 269 67939 271 68314 272 68688 274 69063 275 69438 276 69812 278 70187 279 70562 280 70936 282 71311 283 71686 283 72061 284 72435 285 72810 286 73185 286 73560 286 73934 288 74309 288 74684 289 75058 290 75433 290 75808 291 76183 291 76558 291 76933 291 77307 293 77682 293 78057 293 78432 293 78807 293 79182 293 79557 293 79931 294 80306 294 80681 293 81056 293 81431 293 81806 293 82181 293 82556 292 82931 292 83306 292 83681 291 84056 290 84431 290 84806 288 85181 242 85433 35 85556 239 85811 30 85931 238 86191 23 86306 237 86572 8 86681 236 87056 235 87431 234 87805 234 88180 234 88555 233 88930 233 89305 233 89680 232 90055 232 90430 232 90805 232 91180 231 91555 231 91930 231 92305 231 92680 231 93055 231 93430 231 93805 231 94180 232 94555 232 94930 232 95305 232 95680 232 96055 232 96430 232 96805 232 97180 232 97555 232 97930 232 98305 232 98680 232 99055 232 99430 231 99805 231 100180 231 100555 231 100931 230 101306 229 101681 229 102056 229 102431 228 102806 228 103182 227 103557 227 103932 226 104307 226 104683 225 105058 225 105433 224 105809 223 106184 223 106559 223 106934 222 107310 221 107685 221 108061 220 108436 220 108811 219 109187 218 109562 218 109937 218 110313 217 110688 216 111063 216 111439 215 111814 215 112190 214 112565 213 112940 213 113316 212 113691 212 114067 210 114442 210 114817 210 115193 209 115569 208 115944 207 116320 206 116696 205 117071 205 117447 204 117823 203 118198 203 118574 202 118950 200 119326 199 119702 198 120078 197 120455 195 120832 193 121210 190 121587 188 121967 183 122346 179 122724 176 123101 174 123478 172 123855 170 124232 168 124609 165 124986 163 125363 161 125740 159 126118 157 126496 154 126876 149 127261 139 127638 137 128015 135 128392 133 128769 132 129145 131 129522 129 129898 128 130275 126 130651 125 131028 124 131405 122 131782 120 132159 118 132536 116 132914 113 133297 105 133677 100 134058 94 134442 85 134840 62 135224 54 135609 44 135987 40 136365 37 136742 35 137119 33 137496 31 137872 30 138249 28 138625 27 139001 25 139378 23 139754 21 140130 19 140507 16 140884 13 141262 7
scottish_terrier_144,44749 4 45123 7 45497 9 45871 11 46246 13 46621 14 46996 15 47370 17 47745 18 48120 20 48495 21 48870 22 49245 23 49620 25 49995 27 50103 4 50370 30 50476 8 50746 31 50850 10 51121 33 51224 12 51496 35 51597 15 51871 36 51970 18 52246 37 52342 22 52621 38 52712 28 52748 2 52996 38 53082 46 53372 38 53454 50 53747 38 53827 53 54122 39 54200 56 54497 40 54573 59 54873 39 54946 61 55248 40 55319 64 55623 40 55693 65 55999 40 56066 67 56374 41 56439 70 56750 40 56812 72 57125 41 57185 74 57501 41 57558 76 57876 43 57930 79 58252 44 58303 81 58627 132 59003 131 59378 131 59754 130 60129 130 60505 129 60880 129 61256 128 61631 128 62007 127 62382 127 62758 126 63133 126 63509 125 63885 124 64260 124 64636 124 65012 123 65388 122 65763 122 66140 121 66516 120 66893 118 67269 117 67646 116 68022 115 68398 115 68774 114 69151 112 69526 112 69902 112 70278 111 70654 110 71029 111 71405 110 71780 110 72156 110 72532 109 72908 109 73283 109 73659 108 74034 109 74410 108 74785 109 75160 109 75536 108 75911 109 76286 109 76662 109 77037 109 77412 110 77788 109 78163 109 78538 109 78913 109 79288 109 79663 109 80038 109 80413 109 80788 109 81163 109 81538 109 81912 110 82287 110 82662 110 83037 110 83412 110 83786 111 84161 111 84536 111 84911 111 85285 112 85660 112 86035 112 86410 112 86784 112 87159 112 87534 112 87908 113 88283 113 88658 112 89033 112 89407 113 89782 113 90156 114 90531 113 90906 113 91280 114 91655 114 92030 113 92404 114 92779 114 93154 114 93528 115 93903 115 94278 115 94652 115 95027 115 95401 116 95776 116 96151 116 96526 116 96901 116 97275 116 97650 116 98025 116 98400 116 98774 117 99149 117 99524 116 99898 117 100273 117 100648 117 101023 117 101397 117 101772 117 102147 117 102521 118 102896 117 103271 117 103645 118 104020 118 104395 118 104769 119 105144 119 105519 119 105893 120 106268 119 106642 120 107016 121 107391 121 107765 122 108139 123 108514 123 108888 124 109262 124 109637 124 110011 125 110385 126 110760 125 111134 126 111508 127 111883 127 112257 127 112632 127 113006 128 113381 128 113756 127 114130 128 114505 128 114880 128 115254 129 115629 128 116004 128 116379 128 116753 129 117128 129 117503 129 117878 129 118252 130 118627 130 119002 130 119377 130 119752 130 120127 130 120501 131 120876 131 121251 131 121626 131 122001 131 122376 132 122750 133 123125 133 123500 133 123875 133 124250 133 124625 134 124999 135 125374 135 125749 135 126124 135 126499 136 126874 136 127248 137 127623 138 127998 138 128373 138 128748 138 129122 140 129497 140 129872 140 130246 142 130621 142 130996 142 131371 143 131745 144 132120 144 132495 145 132869 146 133244 146 133619 146 133993 147 134368 148 134743 148 135117 149 135492 149 135867 149 136241 150 136616 151 136991 151 137365 152 137740 152 138115 152 138489 153 138864 153 139239 153 139614 153 139988 154 140363 154 140738 154 141113 154 141488 153 141863 153 142237 154 142612 154 142987 154 143362 154 143737 154 144111 155 144486 155 144861 155 145236 154 145611 154 145985 155 146360 154 146735 154 147110 154 147485 153 147860 152 148234 152 148609 152 148984 151 149359 150 149734 149 150109 148 150484 147 150859 146 151234 146 151609 145 151984 145 152359 144 152734 144 153109 144 153483 144 153858 144 154233 144 154608 144 154983 144 155359 143 155734 143 156109 143 156484 143 156859 143 157234 143 157609 143 157984 143 158359 143 158734 143 159109 144 159484 144 159859 144 160234 144 160609 144 160984 144 161359 145 161734 145 162109 145 162484 145 162859 145 163234 145 163609 145 163984 146 164359 146 164734 146 165108 147 165483 147 165858 147 166232 149 166607 149 166982 149 167356 150 167731 150 168105 151 168480 151 168854 153 169229 153 169603 154 169978 154 170352 155 170726 156 171101 110 171214 43 171475 108 171592 40 171849 107 171970 37 172224 106 172347 35 172598 106 172723 34 172972 106 173099 33 173347 106 173476 31 173721 23 173747 80 173852 30 174095 21 174124 78 174230 26 174470 19 174500 76 174607 24 174844 19 174876 75 174984 22 175219 18 175252 74 175362 18 175593 18 175628 72 175740 14 175967 18 176003 72 176118 11 176342 17 176378 71 176716 17 176754 70 177090 17 177129 70 177464 17 177505 68 177838 17 177880 68 178212 17 178255 68 178586 17 178631 66 178960 17 179006 66 179334 16 179381 65 179709 15 179757 63 180083 14 180132 63 180457 13 180507 62 180832 12 180883 60 181206 11 181258 60 181581 10 181633 59 181956 8 182009 57 182332 5 182384 57 182760 55 183135 54 183511 52 183887 50 184262 50 184638 47 185014 45 185390 43 185767 38 186143 33 186520 27 186898 18 187276 12
Maine_Coon_23,32758 11 33255 20 33674 15 33752 28 34170 30 34250 35 34667 41 34747 42 35163 50 35245 48 35660 57 35743 53 36156 64 36240 58 36543 3 36650 76 36734 66 37043 7 37142 160 37543 9 37633 171 38043 11 38123 183 38544 12 38614 194 39044 14 39109 202 39545 16 39604 210 40046 19 40099 219 40546 24 40592 230 41047 280 41548 283 42049 285 42550 287 43050 290 43551 294 44052 301 44552 312 45053 319 45554 322 46054 324 46555 324 47056 324 47556 326 48057 325 48557 326 49057 327 49558 327 50058 327 50559 327 51059 328 51559 328 52059 329 52560 329 53060 329 53560 330 54060 330 54561 330 55061 330 55561 331 56061 331 56562 330 57062 331 57562 331 58062 331 58562 331 59063 330 59563 330 60063 330 60563 330 61063 330 61563 330 62063 329 62563 329 63063 328 63563 328 64063 327 64563 327 65063 326 65563 325 66062 326 66562 325 67062 325 67562 324 68062 324 68562 324 69062 323 69561 324 70061 324 70561 323 71061 323 71560 324 72060 325 72559 326 73059 326 73559 326 74058 327 74558 328 75057 329 75556 331 76056 331 76555 332 77054 334 77553 335 78052 337 78551 338 79050 340 79549 341 80047 344 80546 346 81045 347 81543 350 82042 351 82540 354 83039 356 83537 358 84036 359 84534 362 85033 363 85531 366 86030 367 86528 370 87027 371 87525 373 88024 375 88523 376 89022 377 89522 377 90021 379 90521 379 91020 380 91520 380 92021 379 92522 379 93024 377 93528 373 94032 369 94539 362 95053 348 95560 341 96065 337 96568 334 97071 331 97574 328 98076 326 98578 325 99081 322 99583 320 100085 318 100588 316 101091 313 101594 310 102096 309 102599 306 103102 304 103606 36 103651 255 104161 245 104666 241 105168 239 105671 237 106172 237 106674 235 107175 235 107676 235 108177 234 108678 234 109179 234 109680 234 110180 235 110681 236 111182 237 111682 239 112183 243 112683 254 113184 259 113684 264 114185 268 114685 272 115186 278 115686 285 116187 292 116687 297 117188 302 117688 306 118189 309 118690 311 119190 311 119691 310 120191 310 120692 309 121192 309 121693 308 122193 308 122694 307 123194 307 123695 306 124195 306 124696 305 125197 304 125697 304 126198 303 126699 302 127200 301 127701 300 128201 300 128702 299 129203 298 129704 297 130205 296 130706 295 131207 294 131707 294 132208 293 132709 292 133210 291 133711 290 134212 289 134713 288 135214 287 135715 286 136215 286 136716 285 137217 284 137717 284 138218 283 138719 282 139220 281 139720 281 140221 280 140722 193 140934 67 141222 187 141438 63 141723 182 141941 60 142223 178 142444 57 142724 174 142947 54 143224 172 143450 51 143725 168 143952 49 144225 167 144454 47 144725 165 144956 45 145226 162 145459 42 145726 161 145961 40 146226 160 146465 36 146726 159 146971 22 147226 157 147726 156 148226 154 148726 153 149226 151 149725 151 150225 149 150725 147 151225 145 151725 144 152224 143 152724 141 153223 140 153723 138 154223 137 154722 136 155221 136 155721 135 156220 135 156719 134 157218 134 157717 134 158215 135 158714 135 159213 135 159712 136 160211 136 160710 136 161209 137 161709 136 162208 137 162708 136 163208 136 163707 137 164207 136 164706 137 165206 137 165706 137 166205 138 166705 137 167205 137 167704 138 168204 138 168704 138 169203 139 169703 139 170203 138 170702 139 171202 139 171702 139 172202 138 172702 138 173201 138 173701 137 174201 136 174701 135 175200 134 175700 132 176200 130 176699 128 177199 126 177698 125 178197 124 178697 122 179196 121 179696 119 180195 119 180695 117 181194 116 181694 115 182194 114 182693 113 183193 112 183692 112 184192 111 184691 110 185191 108 185691 107 186190 107 186690 107 187190 106
yorkshire_terrier_106,89233 5 89724 20 90219 27 90716 32 91214 36 91712 40 92209 44 92707 47 93204 52 93702 55 94199 59 94696 63 95194 66 95692 69 96189 73 96688 75 97185 79 97683 82 98182 83 98680 86 99178 89 99677 92 100175 95 100673 99 101171 103 101669 107 102166 112 102663 118 103140 11 103159 124 103638 149 104137 153 104636 156 105135 160 105634 163 106134 166 106633 169 107133 171 107633 173 108133 175 108634 176 109134 179 109634 182 110135 185 110635 189 111136 196 111637 199 112137 203 112638 206 113139 207 113640 209 114141 212 114642 213 115143 215 115645 216 116145 218 116646 219 117146 222 117647 222 118148 223 118648 225 119149 226 119649 228 120149 230 120650 231 121150 233 121650 234 122150 237 122650 240 123150 242 123650 245 124150 247 124650 249 125150 251 125650 252 126150 254 126650 255 127150 257 127650 258 128150 259 128650 260 129150 261 129650 262 130150 263 130650 264 131149 266 131649 267 132149 267 132649 268 133149 268 133649 269 134149 270 134649 271 135148 273 135648 274 136147 276 136647 278 137146 283 137646 288 138145 291 138645 293 139144 294 139644 295 140143 297 140642 298 141141 299 141640 300 142139 301 142637 303 143136 304 143635 304 144134 305 144633 305 145131 306 145630 307 146129 307 146628 307 147126 307 147625 307 148124 307 148623 307 149122 306 149621 306 150120 305 150620 303 151120 301 151619 191 151814 105 152119 187 152317 100 152618 187 152818 97 153118 185 153320 92 153618 184 153821 88 154118 184 154321 85 154618 183 154821 81 155118 183 155321 78 155619 181 155821 75 156119 181 156321 73 156620 180 156821 71 157121 178 157321 69 157622 177 157821 68 158123 176 158321 66 158625 174 158820 66 159127 172 159319 65 159629 170 159818 64 160132 167 160317 63 160634 166 160816 62 161137 163 161315 62 161639 161 161815 60 162142 158 162314 60 162646 155 162812 61 163148 153 163311 61 163652 150 163810 61 164154 150 164309 61 164656 214 165159 211 165661 209 166162 208 166664 206 167166 204 167667 203 168168 203 168670 202 169171 202 169672 203 170173 203 170674 204 171175 205 171677 204 172178 205 172679 206 173181 206 173682 206 174183 206 174684 205 175187 203 175689 201 176191 199 176692 199 177194 196 177695 195 178196 160 178359 31 178698 142 178866 23 179199 131 179372 16 179701 123 179877 9 180202 119 180704 112 181207 105 181709 95 182214 76 182720 59 183227 46 183739 23
Siamese_14,4854 3 5186 5 5519 5 5852 6 6184 7 6517 7 6850 7 7183 7 7516 8 7848 9 8181 9 8514 9 8847 9 9180 9 9513 9 9846 9 10179 9 10512 9 10845 9 11178 9 11511 9 11844 9 12177 9 12510 9 12843 10 13176 10 13509 10 13842 10 14175 10 14508 10 14841 10 15174 10 15507 10 15840 10 16173 10 16506 10 16839 10 17172 10 17505 11 17838 11 18171 11 18504 11 18837 11 19170 11 19503 11 19836 10 20169 10 20502 10 20835 10 21167 11 21500 11 21833 11 22125 12 22165 11 22453 20 22498 11 22783 25 22830 12 23112 33 23162 12 23442 39 23494 13 23770 47 23825 15 24095 77 24408 97 24734 104 25054 117 25383 121 25713 124 26045 125 26377 126 26709 128 27042 128 27375 128 27708 129 28041 129 28374 129 28707 130 29041 129 29374 130 29708 129 30041 130 30375 129 30708 130 31041 131 31375 131 31708 132 32041 133 32192 9 32374 134 32520 15 32708 135 32848 21 33041 161 33374 162 33707 163 34040 163 34373 164 34706 164 35039 164 35372 164 35705 165 36038 165 36371 165 36704 165 37037 165 37370 165 37703 165 38037 164 38370 164 38703 164 39036 164 39369 164 39702 164 40035 164 40368 164 40701 164 41035 163 41368 163 41701 163 42034 163 42367 163 42700 163 43033 163 43366 163 43699 163 44032 163 44365 163 44698 162 45031 162 45364 162 45697 162 46031 161 46364 161 46697 161 47030 161 47363 161 47696 161 48029 160 48362 160 48695 160 49028 160 49361 160 49693 161 50026 161 50359 161 50692 161 51025 161 51358 161 51691 161 52024 19 52056 129 52357 17 52390 128 52690 14 52725 126 53023 11 53060 124 53356 10 53394 123 53688 9 53728 122 54021 7 54062 120 54354 6 54395 120 54688 3 54729 119 55063 118 55396 118 55729 118 56063 117 56396 117 56729 117 57063 116 57396 116 57729 116 58062 116 58395 116 58728 116 59061 115 59394 115 59727 115 60060 115 60393 115 60726 115 61059 115 61392 115 61724 116 62057 116 62390 115 62723 115 63056 115 63388 116 63721 116 64054 116 64387 116 64720 116 65053 116 65386 116 65718 116 66051 116 66384 116 66717 116 67050 116 67383 116 67715 117 68048 116 68381 116 68714 116 69047 116 69380 116 69713 116 70046 116 70379 115 70712 115 71045 115 71378 115 71711 115 72044 115 72377 114 72710 114 73043 114 73376 114 73709 114 74042 113 74374 114 74707 114 75040 114 75373 113 75706 113 76039 113 76372 113 76705 113 77038 112 77371 112 77704 112 78037 112 78370 111 78703 111 79036 111 79369 111 79701 112 80034 111 80367 111 80700 111 81033 111 81366 111 81699 110 82032 110 82365 110 82698 110 83030 111 83363 111 83696 111 84029 110 84362 110 84695 110 85028 110 85361 110 85694 110 86027 110 86360 109 86693 109 87026 109 87358 110 87691 110 88024 110 88357 109 88690 109 89023 109 89356 109 89689 109 90022 109 90355 109 90688 108 91020 109 91353 109 91686 109 92019 109 92352 109 92685 109 93018 109 93351 109 93684 108 94016 109 94349 109 94682 109 95015 109 95348 109 95681 109 96014 109 96346 110 96679 110 97012 110 97345 110 97678 110 98011 110 98344 109 98676 110 99009 110 99342 110 99675 110 100008 110 100341 110 100674 110 101006 111 101339 111 101672 111 102005 111 102338 111 102671 110 103003 111 103336 111 103669 111 104002 111 104335 111 104668 111 105001 111 105333 112 105666 111 105999 111 106332 111 106665 111 106998 111 107331 111 107664 111 107997 111 108330 111 108662 112 108995 111 109328 111 109661 111 109994 111 110327 111 110660 111 110993 111 111326 111 111658 112 111991 112 112324 112 112657 111 112990 111 113323 111 113656 111 113988 112 114321 112 114654 112 114987 112 115320 112 115653 112 115985 112 116318 112 116651 112 116984 112 117317 112 117650 112 117983 112 118315 113 118648 112 118981 112 119314 112 119647 112 119980 112 120313 111 120646 111 120979 111 121311 112 121644 111 121977 111 122310 111 122643 110 122976 110 123309 110 123642 109 123975 109 124308 108 124641 108 124974 108 125307 107 125640 107 125973 106 126306 106 126639 106 126972 105 127305 105 127638 105 127971 105 128304 105 128637 104 128970 104 129304 103 129637 103 129970 103 130303 103 130636 102 130969 102 131302 102 131635 102 131968 102 132301 102 132635 101 132968 101 133301 100 133634 100 133967 100 134300 100 134633 100 134967 99 135300 99 135633 99 135966 98 136300 97 136633 97 136966 97 137299 97 137633 96 137966 95 138299 95 138633 94 138966 94 139299 94 139633 93 139966 92 140299 92 140633 91 140966 91 141299 91 141633 90 141966 90 142300 89 142633 88 142967 87 143300 87 143634 87 143968 86 144301 86 144635 85 144969 84 145303 83 145636 84 145970 83 146304 83 146637 83 146971 83 147305 83 147638 84 147972 86 148059 10 148305 99 148639 99 148972 100 149306 99 149639 100 149972 100 150306 99 150639 100 150972 100 151306 99 151639 99 151972 98 152305 98 152639 81 152725 10 152972 79 153060 6 153305 78 153638 77 153971 76 154304 75 154637 74 154971 72 155304 71 155637 70 155970 68 156303 66 156636 65 156969 64 157302 63 157635 63 157968 62 158301 61 158634 61 158967 60 159300 59 159633 59 159966 58 160299 57 160633 55 160966 55 161299 54 161632 53 161965 52 162298 51 162632 49 162965 47 163298 46 163632 23 163965 20 164300 12
staffordshire_bull_terrier_134,54714 3 55079 18 55447 28 55817 34 56186 42 56549 55 56921 59 57293 63 57663 69 58036 72 58408 76 58779 82 59152 85 59523 90 59894 94 60266 98 60636 104 60992 124 61359 132 61729 138 62101 142 62473 146 62846 149 63218 153 63590 157 63963 160 64336 162 64709 165 65082 167 65455 170 65746 2 65828 172 66117 9 66201 175 66490 13 66574 177 66863 16 66946 180 67236 19 67319 182 67609 22 67692 184 67982 25 68063 188 68356 27 68437 189 68730 28 68809 192 69104 30 69182 194 69477 32 69556 195 69852 32 69929 197 70226 33 70302 199 70600 34 70676 200 70975 34 71049 202 71349 35 71423 203 71724 35 71797 204 72099 35 72170 206 72474 35 72544 207 72848 36 72917 209 73223 36 73291 210 73598 36 73665 211 73973 37 74037 214 74348 37 74411 215 74723 37 74784 217 75099 37 75156 220 75474 38 75528 223 75849 40 75897 229 76224 277 76599 249 76849 27 76974 248 77225 26 77349 249 77600 26 77724 250 77979 22 78099 250 78362 14 78475 249 78739 12 78850 250 79116 10 79225 250 79493 8 79600 250 79869 6 79975 251 80245 4 80350 251 80725 252 81100 252 81475 253 81850 253 82225 254 82600 254 82975 255 83350 255 83725 255 84100 256 84475 256 84850 256 85225 256 85600 257 85975 257 86350 257 86725 258 87100 258 87475 259 87850 259 88225 259 88600 260 88975 260 89350 260 89725 260 90100 260 90475 261 90850 261 91225 261 91600 261 91974 262 92349 262 92724 262 93099 262 93474 262 93849 262 94224 261 94599 261 94974 261 95349 261 95725 260 96100 259 96475 259 96850 259 97225 259 97600 258 97975 258 98350 258 98725 258 99101 256 99476 256 99851 256 100226 256 100601 255 100976 255 101351 255 101726 254 102101 254 102477 252 102852 252 103227 251 103602 251 103977 250 104352 249 104728 248 105103 145 105254 96 105478 143 105630 94 105853 142 106006 92 106228 142 106382 90 106603 142 106757 89 106978 141 107132 88 107353 141 107508 86 107728 141 107883 85 108103 140 108258 84 108478 140 108633 83 108853 140 109009 81 109228 139 109384 80 109604 138 109761 5 109769 69 109979 138 110149 63 110354 138 110526 60 110729 138 110903 57 111104 138 111280 54 111479 138 111656 52 111854 138 112033 49 112229 139 112409 47 112604 139 112784 45 112980 138 113160 43 113355 138 113535 43 113730 138 113910 42 114105 138 114285 41 114480 137 114660 40 114855 137 115035 39 115230 137 115409 39 115606 136 115783 39 115981 136 116158 38 116356 136 116532 38 116731 135 116905 39 117107 134 117277 41 117482 134 117648 44 117857 134 118020 46 118233 132 118393 48 118608 132 118767 47 118984 131 119141 48 119359 130 119515 47 119735 129 119889 47 120110 129 120263 47 120486 127 120637 47 120862 126 121010 48 121238 125 121384 47 121613 125 121755 50 121989 123 122126 53 122365 122 122499 53 122741 121 122873 52 123117 120 123247 51 123493 118 123621 51 123869 117 123996 50 124246 114 124370 49 124622 113 124745 47 124998 112 125120 45 125375 109 125496 41 125752 107 125871 34 126128 106 126247 23 126506 103 126623 17 126883 100 126999 12 127261 43 127308 50 127375 8 127646 23 127689 44 128032 6 128066 43 128444 40 128829 29 129207 26 129585 23 129961 23 130338 21 130715 20 131091 19 131469 17 131845 16 132221 16 132599 14 132976 13 133353 12 133731 9 134108 7 134485 6
saint_bernard_118,22716 17 23161 26 23608 32 24056 37 24482 63 24931 67 25380 70 25830 72 26280 74 26730 76 27180 78 27630 80 28080 81 28531 82 28981 84 29431 86 29882 87 30332 88 30783 89 31233 91 31684 92 32134 94 32584 96 33035 97 33485 100 33936 101 34386 103 34836 105 35287 107 35737 109 36188 111 36638 113 37088 115 37539 116 37989 118 38439 120 38890 121 39340 123 39790 125 40241 125 40691 127 41141 128 41591 130 42042 130 42492 132 42942 134 43392 135 43842 137 44293 137 44743 138 45193 140 45643 141 46093 143 46544 143 46994 144 47444 146 47894 147 48345 147 48795 149 49245 150 49696 150 50146 151 50596 153 51046 154 51497 154 51947 156 52398 156 52848 157 53299 157 53749 159 54199 160 54650 160 55100 161 55551 161 56001 163 56452 163 56902 164 57353 164 57803 165 58254 165 58704 167 59155 167 59605 168 60056 168 60507 168 60957 169 61408 169 61859 169 62309 170 62760 170 63211 171 63662 171 64113 171 64564 171 65015 171 65466 171 65917 171 66368 171 66819 171 67270 171 67721 171 68172 171 68623 171 69074 171 69525 171 69975 172 70426 172 70877 172 71328 172 71779 172 72230 172 72681 172 73132 172 73583 171 74033 172 74484 172 74935 172 75385 173 75836 173 76286 174 76736 175 77187 175 77637 176 78087 177 78537 178 78988 177 79438 178 79889 178 80340 178 80790 179 81241 179 81692 180 82143 180 82594 181 83045 181 83497 181 83948 181 84399 181 84850 181 85302 180 85753 180 86204 181 86656 181 87107 182 87559 182 88010 183 88462 183 88913 184 89365 185 89816 186 90268 186 90719 188 91171 188 91530 9 91622 190 91959 33 92074 190 92405 40 92525 192 92852 46 92976 194 93299 52 93428 194 93747 57 93879 196 94194 62 94330 199 94643 66 94782 200 95091 70 95233 203 95540 73 95685 205 95989 75 96136 209 96437 78 96587 215 96885 81 97038 223 97333 84 97490 236 97780 88 97941 241 98216 103 98392 245 98659 111 98844 247 99106 115 99295 377 99747 376 100198 376 100649 376 101101 375 101552 375 102004 374 102455 374 102907 373 103358 373 103810 372 104262 371 104713 371 105165 370 105616 370 106068 369 106520 368 106971 368 107423 367 107874 367 108326 366 108778 365 109229 365 109681 364 110132 364 110584 363 111035 363 111486 363 111937 363 112389 362 112840 362 113291 362 113742 362 114193 362 114644 362 115095 362 115546 362 115997 362 116448 362 116899 362 117350 362 117801 362 118252 362 118703 362 119154 362 119605 362 120056 362 120508 361 120959 361 121410 361 121861 361 122313 360 122764 360 123215 360 123666 360 124118 359 124569 359 125020 359 125471 359 125923 358 126374 358 126825 358 127277 357 127728 357 128180 356 128631 356 129083 355 129534 355 129986 354 130437 354 130889 353 131341 352 131793 351 132244 350 132696 348 133148 347 133599 347 134051 345 134502 345 134954 344 135405 345 135857 344 136308 344 136760 343 137211 344 137662 345 138114 344 138565 344 139017 343 139468 343 139919 343 140371 342 140822 342 141273 342 141725 341 142176 341 142628 340 143079 340 143531 339 143982 339 144434 338 144885 338 145337 337 145788 337 146240 336 146691 336 147143 335 147594 335 148046 334 148497 334 148949 333 149400 333 149852 332 150304 331 150755 331 151207 330 151658 330 152110 329 152561 329 153013 328 153464 328 153916 327 154367 327 154819 326 155270 326 155721 326 156173 325 156624 325 157075 325 157527 324 157978 324 158429 324 158881 323 159332 323 159783 323 160235 322 160686 322 161138 321 161589 321 162041 320 162492 320 162943 320 163395 319 163847 318 164298 318 164749 318 165201 317 165652 317 166104 316 166555 316 167007 315 167458 315 167909 315 168361 314 168812 314 169264 313 169715 313 170167 312 170618 312 171070 311 171521 311 171973 310 172424 310 172876 309 173328 308 173780 307 174231 307 174683 306 175135 305 175587 304 176038 304 176490 303 176941 303 177393 302 177845 301 178297 300 178748 300 179200 299 179651 299 180103 298 180555 297 181006 297 181458 296 181910 295 182361 295 182813 294 183265 293 183716 293 184168 292 184620 291 185072 290 185524 289 185976 288 186428 287 186880 286 187332 285 187784 284 188236 283 188688 282 189140 281 189592 280 190045 278 190497 252 190949 236 191402 228 191854 218 192307 210 192759 202 193212 192 193665 185 194118 177 194572 170 195025 164 195478 159 195932 153 196386 149 196839 145 197293 140 197747 136 198201 131 198655 126 199110 121 199564 116 200018 111 200473 105 200927 100 201381 95 201836 89 202290 85 202744 80 203200 73 203655 68 204109 64 204567 56 205028 44 205489 33 205946 25 206401 18 206858 8
newfoundland_178,7464 6 7820 9 8176 12 8532 14 8889 15 9245 17 9601 19 9958 20 10315 21 10671 23 11028 24 11384 26 11741 26 12097 28 12454 28 12810 30 13166 31 13199 1 13523 34 13879 35 14234 37 14590 38 14945 40 15300 42 15656 43 16011 46 16366 48 16722 49 16881 3 17077 51 17234 15 17432 53 17588 21 17788 54 17942 26 18143 56 18296 30 18498 58 18651 33 18854 59 19006 37 19208 62 19361 40 19563 64 19717 43 19917 67 20072 48 20272 69 20427 52 20627 71 20783 55 20982 73 21139 58 21337 75 21495 60 21693 76 21850 64 22048 78 22206 67 22404 79 22562 69 22759 81 22918 72 23114 83 23273 77 23470 84 23629 81 23825 86 23985 84 24180 88 24341 87 24535 90 24697 89 24890 92 25052 92 25245 94 25408 94 25601 95 25763 97 25957 95 26119 100 26313 96 26475 102 26669 97 26830 105 27025 98 27186 107 27381 99 27542 108 27737 100 27898 110 28093 101 28254 112 28449 102 28610 114 28805 103 28966 117 29161 104 29323 119 29516 106 29679 123 29872 107 30035 137 30229 107 30391 143 30585 108 30748 146 30941 109 31104 151 31297 110 31460 154 31653 111 31816 157 32008 112 32173 159 32363 114 32529 163 32716 118 32886 166 33067 124 33242 306 33598 307 33955 307 34311 308 34667 309 35024 308 35380 309 35736 310 36093 310 36449 311 36805 312 37161 313 37517 314 37872 316 38228 317 38584 318 38939 321 39295 322 39651 324 40006 326 40362 327 40718 328 41074 329 41430 330 41787 330 42143 331 42499 333 42856 333 43212 334 43569 334 43926 334 44282 335 44639 335 44996 335 45353 335 45709 336 46066 336 46423 336 46779 337 47136 337 47491 339 47848 339 48205 339 48561 340 48918 340 49275 340 49632 340 49989 340 50346 339 50703 339 51060 339 51417 339 51774 339 52131 339 52488 339 52845 339 53202 339 53559 339 53916 339 54273 339 54630 339 54987 339 55344 339 55701 339 56058 339 56415 339 56772 339 57129 339 57486 339 57843 339 58200 339 58557 340 58914 340 59271 340 59628 340 59985 340 60342 340 60698 341 61055 341 61412 341 61769 341 62126 341 62483 341 62840 341 63197 342 63554 342 63911 342 64268 342 64625 342 64982 342 65339 342 65696 342 66053 342 66410 342 66767 342 67124 343 67481 343 67838 343 68195 343 68552 343 68909 343 69266 343 69624 342 69981 342 70338 342 70695 342 71052 342 71409 342 71766 342 72123 342 72480 342 72837 342 73194 342 73551 342 73908 342 74265 341 74622 341 74979 341 75336 341 75693 341 76050 341 76407 341 76764 341 77121 341 77478 341 77835 341 78192 341 78549 341 78906 341 79263 341 79620 341 79977 341 80334 341 80691 341 81048 342 81405 341 81762 341 82119 341 82476 341 82833 341 83190 341 83547 341 83904 342 84261 342 84618 342 84975 342 85332 343 85689 343 86046 343 86403 343 86760 344 87117 344 87474 344 87831 344 88188 344 88545 345 88902 345 89259 345 89616 345 89973 345 90329 346 90686 346 91043 346 91400 346 91758 345 92115 345 92472 345 92829 345 93186 345 93543 345 93900 345 94258 344 94615 344 94973 343 95330 343 95688 342 96046 341 96403 341 96761 339 97118 339 97475 339 97833 338 98190 338 98547 338 98905 337 99263 336 99620 336 99978 335 100335 334 100693 333 101051 332 101408 332 101766 331 102123 331 102481 330 102838 330 103196 328 103553 328 103911 327 104269 326 104626 326 104984 325 105341 325 105699 324 106056 324 106414 323 106771 323 107129 322 107487 321 107845 320 108203 319 108560 318 108919 316 109277 315 109635 314 109993 312 110352 310 110711 308 111069 307 111427 306 111786 304 112144 303 112502 302 112860 301 113218 300 113575 299 113933 298 114291 297 114649 296 115006 296 115364 295 115722 294 116080 293 116438 292 116796 291 117154 290 117512 289 117870 288 118228 287 118586 286 118944 285 119302 284 119660 283 120018 282 120376 281 120734 280 121092 279 121450 278 121808 277 122166 277 122524 276 122882 275 123240 274 123598 273 123956 272 124314 271 124672 270 125031 268 125389 267 125747 266 126106 264 126464 263 126823 261 127182 259 127540 258 127899 256 128259 252 128617 63 128702 166 128977 57 129073 152 129336 51 129433 149 129695 47 129792 147 130054 43 130151 145 130413 38 130510 143 130772 33 130868 142 131132 25 131226 141 131493 15 131584 140 131943 138 132301 137 132658 137 133016 136 133374 135 133732 134 134090 133 134447 133 134805 132 135163 131 135521 130 135878 130 136236 129 136594 128 136952 127 137310 126 137668 125 138026 124 138383 124 138741 123 139099 122 139457 121 139815 120 140173 119 140530 119 140888 118 141246 117 141604 116 141961 116 142319 115 142677 114 143034 114 143392 113 143750 112 144108 111 144465 111 144823 110 145181 109 145539 108 145897 107 146255 106 146613 105 146971 104 147329 103 147687 102 148045 101 148403 100 148760 100 149118 99 149476 98 149834 96 150192 95 150550 94 150908 93 151266 92 151623 92 151981 91 152339 89 152697 88 153055 87 153413 86 153772 84 154130 83 154489 81 154848 79 155206 78 155565 76 155925 73 156283 72 156642 70 157002 67 157362 64 157721 62 158081 59 158441 56 158800 54 159160 50 159520 47 159880 44 160239 41 160598 38 160957 36 161316 33 161674 31 162033 28 162392 25 162751 21 163112 15
scottish_terrier_74,14421 3 14845 6 15270 7 15695 9 16120 10 16545 11 16970 12 17395 13 17820 14 18245 15 18671 15 19096 16 19521 17 19947 16 20372 17 20798 17 21223 18 21649 18 22074 19 22500 19 22925 20 23351 20 23776 21 24202 21 24627 22 25053 22 25478 23 25904 23 26329 24 26755 23 27181 23 27606 24 28032 24 28458 24 28883 25 29309 25 29734 26 30160 26 30585 27 31011 27 31436 27 31861 28 32287 28 32712 29 33138 29 33563 30 33988 31 34414 31 34839 32 35264 32 35689 33 36115 33 36540 34 36965 35 37390 36 37815 37 38240 38 38666 38 39090 40 39515 41 39940 42 40365 43 40790 44 41214 46 41639 47 42063 49 42488 50 42913 52 43338 53 43763 54 44188 55 44613 56 45038 57 45463 58 45888 59 46314 60 46739 61 47164 62 47589 63 48014 64 48439 65 48864 67 49289 68 49713 70 50138 71 50562 74 50987 75 51411 77 51836 78 52261 80 52686 81 53111 82 53536 83 53961 85 54386 86 54811 87 55237 88 55662 89 56086 91 56512 92 56936 94 57362 94 57787 95 58211 98 58636 99 59062 99 59486 101 59912 101 60337 103 60762 104 61187 105 61612 106 62037 107 62462 108 62887 109 63312 111 63737 112 64162 113 64587 114 65012 115 65437 117 65862 118 66287 119 66712 120 67137 121 67562 122 67987 123 68413 123 68838 125 69263 126 69688 127 70114 127 70539 128 70964 129 71390 129 71815 131 72240 132 72666 132 73091 133 73516 134 73941 135 74367 135 74792 136 75218 136 75643 138 76068 139 76494 139 76919 140 77344 141 77770 141 78195 142 78620 143 79046 143 79471 144 79896 145 80322 145 80747 146 81173 146 81598 147 82024 147 82449 148 82875 148 83300 149 83726 149 84151 150 84577 150 85002 151 85428 151 85853 151 86279 151 86705 151 87130 152 87556 152 87981 153 88407 153 88833 153 89258 154 89684 154 90110 154 90535 155 90961 155 91387 155 91812 156 92238 156 92664 156 93089 157 93515 157 93941 157 94366 158 94792 158 95217 159 95643 159 96069 159 96495 159 96920 160 97346 160 97772 160 98197 161 98623 161 99049 161 99475 161 99900 162 100326 162 100752 162 101177 163 101603 163 102029 163 102455 163 102880 164 103306 163 103732 163 104158 163 104583 164 105009 164 105435 164 105861 164 106286 165 106712 165 107138 165 107563 166 107989 166 108415 165 108841 165 109267 165 109692 166 110118 166 110544 166 110970 166 111396 166 111822 166 112247 167 112673 167 113099 167 113525 167 113951 167 114377 167 114803 167 115228 168 115654 167 116080 167 116506 167 116932 167 117357 168 117783 168 118209 168 118635 168 119060 169 119486 169 119912 169 120338 169 120764 169 121189 170 121615 170 122040 171 122466 171 122891 172 123317 173 123743 173 124168 174 124594 174 125019 175 125445 175 125870 176 126295 178 126721 178 127146 179 127572 179 127997 180 128423 181 128848 182 129274 183 129699 184 130124 185 130550 186 130975 187 131400 189 131826 189 132251 191 132676 192 133102 193 133527 194 133952 195 134377 197 134803 197 135228 199 135653 200 136079 200 136504 202 136930 202 137355 203 137781 203 138206 205 138632 205 139057 206 139483 206 139908 207 140334 207 140760 207 141185 209 141486 15 141611 209 141902 35 141957 9 142037 209 142326 71 142462 210 142751 81 142888 210 143177 95 143314 210 143602 101 143739 211 144029 102 144165 211 144455 104 144590 212 144882 105 145016 212 145309 105 145441 213 145736 107 145867 213 146163 108 146291 215 146591 109 146716 216 147018 113 147140 218 147445 339 147872 338 148299 337 148726 336 149153 334 149580 333 150007 332 150434 331 150860 331 151287 330 151714 329 152141 328 152567 327 152994 326 153420 326 153847 324 154274 323 154701 321 155128 320 155555 318 155982 316 156410 314 156839 310 157268 306 157698 302 158126 299 158554 296 158981 295 159408 293 159835 291 160262 290 160689 289 161115 288 161542 287 161968 287 162394 286 162821 285 163247 285 163673 284 164099 284 164525 284 164951 283 165377 283 165803 283 166229 283 166655 282 167081 282 167507 282 167933 282 168359 282 168785 282 169211 241 169466 26 169637 238 169895 23 170063 236 170323 21 170489 233 170751 19 170915 232 171178 17 171341 230 171606 15 171767 228 172033 14 172193 227 172460 13 172619 225 172888 10 173045 224 173315 9 173471 222 173742 7 173897 221 174323 220 174749 218 175175 217 175601 214 176027 212 176452 176 176641 20 176878 173 177071 13 177304 171 177501 6 177729 170 178155 169 178580 168 179005 168 179431 167 179856 167 180281 167 180705 168 181129 169 181553 170 181977 171 182401 173 182824 175 183249 176 183672 178 184097 178 184522 179 184947 179 185372 179 185797 179 186222 178 186647 177 187073 175 187498 174 187923 173 188348 171 188773 170 189198 166 189623 133 190048 126 190473 107 190898 101 191323 83 191748 82 192173 80 192597 80 193022 78 193447 78 193872 77 194297 77 194722 77 195147 76 195573 75 195998 75 196424 74 196851 72 197277 70 197704 67 198132 61 198564 52 199006 34 199443 14
boxer_74,315 184 814 185 1314 187 1814 187 2314 187 2813 188 3312 189 3812 189 4312 189 4811 190 5311 190 5811 190 6311 190 6811 190 7311 190 7810 191 8310 191 8810 191 9310 191 9809 192 10309 192 10809 192 11308 193 11808 193 12307 194 12807 194 13307 194 13806 195 14306 195 14805 196 15304 197 15613 15 15804 197 16110 23 16303 198 16608 29 16802 199 17106 35 17302 199 17604 43 17801 200 18103 52 18300 201 18601 59 18799 202 19100 64 19298 203 19599 69 19798 203 20098 74 20297 204 20597 78 20796 205 21095 82 21295 206 21594 85 21794 207 22093 88 22293 208 22592 91 22792 209 23091 93 23292 209 23590 96 23791 210 24088 99 24290 211 24588 101 24789 212 25087 103 25289 212 25586 105 25788 213 26085 107 26288 213 26585 109 26787 214 27084 111 27287 214 27584 112 27787 214 28083 114 28286 215 28582 116 28786 215 29082 118 29285 216 29582 119 29785 216 30081 121 30284 217 30581 122 30783 218 31081 124 31282 219 31580 126 31781 24 31815 186 32080 127 32279 24 32320 181 32579 129 32739 12 32778 24 32828 173 33079 130 33233 23 33276 24 33332 169 33579 132 33728 36 33771 28 33834 167 34078 134 34219 78 34336 165 34578 136 34716 80 34838 163 35077 219 35340 161 35577 218 35841 160 36076 220 36343 158 36576 220 36845 156 37076 220 37346 155 37575 222 37847 154 38075 222 38349 152 38574 224 38850 151 39074 224 39352 149 39573 226 39853 148 40073 227 40355 146 40573 227 40857 144 41072 230 41358 143 41572 231 41859 142 42072 233 42361 140 42571 235 42863 138 43071 236 43364 137 43571 238 43838 4 43866 135 44070 240 44338 6 44367 134 44570 242 44838 8 44868 133 45070 243 45338 9 45369 132 45570 245 45839 10 45870 131 46070 247 46340 10 46371 130 46569 250 46840 11 46873 128 47069 251 47341 12 47374 127 47568 254 47842 12 47875 126 48068 256 48342 13 48376 125 48567 259 48843 13 48877 124 49067 260 49344 13 49378 123 49566 263 49845 12 49879 122 50066 264 50346 12 50380 121 50565 266 50847 12 50882 119 51065 267 51349 11 51383 118 51564 269 51850 11 51884 117 52064 270 52351 12 52385 116 52563 272 52853 11 52886 115 53062 274 53354 11 53387 114 53562 275 53855 11 53888 113 54061 277 54356 11 54389 112 54561 278 54857 11 54890 111 55060 280 55358 11 55391 110 55560 281 55859 10 55892 109 56059 283 56360 10 56393 108 56558 285 56861 10 56893 108 57058 286 57361 11 57394 107 57557 288 57862 11 57895 106 58057 288 58363 11 58396 105 58556 290 58863 12 58896 105 59055 292 59364 12 59397 104 59555 292 59864 13 59898 103 60054 294 60365 13 60399 102 60554 296 60865 14 60900 101 61053 298 61365 15 61401 100 61552 300 61866 15 61901 100 62052 301 62366 16 62402 99 62551 303 62866 17 62903 98 63051 305 63366 18 63404 97 63550 307 63866 19 63904 97 64049 309 64366 20 64405 96 64549 310 64866 21 64905 96 65049 314 65366 22 65406 95 65548 341 65907 94 66048 342 66407 94 66548 343 66907 94 67048 344 67408 93 67547 346 67908 93 68047 347 68408 93 68547 348 68908 93 69046 351 69408 93 69546 352 69908 93 70046 354 70408 93 70546 355 70907 94 71045 360 71406 95 71545 456 72045 456 72545 456 73045 456 73545 456 74045 456 74545 456 75045 456 75545 456 76045 456 76545 456 77045 456 77545 456 78045 456 78545 456 79045 456 79545 456 80045 456 80545 456 81045 456 81545 456 82045 456 82545 456 83045 456 83545 456 84045 456 84545 456 85046 455 85546 455 86046 455 86546 455 87046 455 87546 455 88046 455 88546 455 89046 455 89546 455 90046 455 90545 456 91045 456 91545 456 92045 456 92545 456 93045 456 93545 456 94045 456 94544 457 95044 457 95544 457 96044 457 96544 457 97043 458 97543 458 98043 458 98543 458 99043 458 99543 458 100042 459 100542 459 101042 459 101542 459 102042 459 102541 460 103041 460 103541 460 104041 460 104541 460 105041 460 105541 460 106041 460 106540 461 107040 461 107540 461 108040 461 108540 461 109040 461 109540 461 110040 461 110540 461 111040 461 111540 461 112040 461 112540 461 113040 461 113540 461 114040 461 114540 461 115040 461 115540 461 116040 461 116540 461 117040 461 117540 461 118040 461 118540 461 119040 461 119540 461 120040 461 120540 461 121039 462 121539 462 122039 462 122539 462 123039 462 123539 462 124039 462 124539 462 125038 463 125538 463 126038 463 126538 463 127038 463 127538 463 128038 463 128538 463 129038 463 129538 463 130038 463 130538 463 131038 463 131538 463 132038 463 132538 463 133037 464 133537 464 134037 464 134537 464 135037 464 135537 464 136037 464 136537 464 137037 464 137536 465 138036 465 138536 465 139036 465 139536 465 140036 465 140536 465 141036 465 141536 465 142036 465 142536 465 143036 465 143536 465 144036 465 144536 465 145036 465 145536 465 146036 465 146536 465 147036 465 147536 465 148036 465 148536 465 149036 465 149536 465 150036 465 150536 465 151036 465 151536 465 152036 465 152536 465 153035 466 153535 466 154035 466 154535 466 155035 466 155534 467 156034 467 156534 467 157033 468 157533 468 158033 468 158532 469 159032 469 159531 470 160031 470 160530 471 161030 471 161529 472 162029 472 162528 473 163027 474 163527 401 163929 72 164027 398 164433 68 164526 397 164936 65 165025 396 165440 16 165462 39 165525 394 165967 34 166025 393 166470 31 166525 391 166973 28 167024 390 167476 25 167524 389 167981 20 168023 390 168484 17 168523 390 168987 14 169023 389 169522 390 170021 391 170521 391 171020 392 171519 393 172018 394 172517 395 173016 396 173515 397 174014 399 174513 400 175012 401 175512 401 176012 401 176511 402 177011 402 177511 402 178011 403 178512 402 179012 402 179512 402 180012 402 180439 4 180513 400 180938 7 181013 400 181438 8 181514 398 181937 10 182015 397 182437 10 182526 386 182937 11 183027 384 183436 13 183529 381 183936 13 184030 380 184436 14 184531 378 184935 15 185031 378 185435 16 185532 376 185934 17 186032 375 186434 17 186533 374 186933 19 187033 373 187432 20 187533 373 187931 21 188034 371 188430 22 188534 371 188928 24 189035 369 189427 25 189535 368 189925 27 190035 369 190423 29 190536 368 190922 30 191037 367 191420 32 191537 365 191918 34 192038 363 192416 36 192538 363 192914 38 193038 364 193413 39 193539 364 193911 41 194039 412 194540 411 195040 411 195540 411 196040 411 196540 410 197040 410 197540 409 198040 409 198540 408 199040 408 199540 408 200040 407 200540 407 201040 107 201157 289 201540 102 201663 283 202040 100 202171 274 202540 99 202676 269 203040 98 203181 263 203540 98 203686 257 204041 97 204191 252 204541 97 204701 241 205041 98 205213 228 205541 98 205717 224 206041 99 206220 220 206541 100 206725 214 207041 103 207228 211 207541 105 207730 208 208041 110 208232 205 208541 115 208734 203 209041 121 209236 200 209542 123 209738 197 210042 127 210240 195 210542 129 210742 192 211042 132 211244 190 211542 135 211747 186 212042 138 212250 183 212542 139 212754 178 213042 141 213263 169 213542 141 213780 151 214043 140 214288 142 214543 140 214793 137 215043 140 215300 129 215543 140 215807 121 216043 140 216311 116 216544 138 216815 112 217044 138 217318 109 217544 137 217828 98 218045 136 218337 89 218545 135 218843 83 219045 134 219346 79 219546 132 219849 76 220046 132 220353 72 220546 131 220857 68 221047 128 221359 66 221547 127 221861 63 222047 126 222363 61 222548 123 222864 60 223048 122 223365 59 223548 120 223866 57 224049 118 224367 56 224550 115 224868 55 225051 113 225369 54 225552 110 225869 54 226053 107 226369 53 226554 105 226870 52 227055 102 227370 52 227557 98 227871 51 228059 94 228372 49 228560 92 228872 49 229063 86 229373 48 229566 81 229873 47 230076 69 230374 46 230610 31 230874 46 231119 18 231375 45 231876 43 232376 43 232877 42 233377 42 233878 40 234378 40 234878 40 235378 40 235878 40 236379 38 236879 38 237379 38 237880 37 238380 36 238880 36 239380 36
scottish_terrier_107,61350 3 61724 5 62098 6 62473 7 62848 7 63222 8 63597 8 63972 8 64346 9 64721 9 65096 9 65470 10 65845 10 66197 1 66220 10 66572 2 66594 11 66946 3 66969 10 67321 3 67344 10 67696 3 67718 11 68071 3 68092 11 68446 3 68467 11 68821 2 68841 12 69197 1 69216 11 69590 12 69964 13 70338 13 70712 14 71086 15 71399 9 71459 16 71768 22 71833 17 72136 35 72198 2 72206 19 72507 42 72572 28 72878 60 72946 28 73248 70 73320 29 73618 106 73988 110 74360 113 74733 115 75106 117 75480 118 75854 118 76228 119 76602 120 76977 120 77352 120 77727 119 78102 119 78478 118 78855 116 79231 115 79607 114 79984 111 80360 110 80736 109 81112 108 81488 107 81863 107 82239 106 82615 105 82991 104 83367 103 83743 103 84118 103 84494 102 84870 101 85246 100 85621 100 85997 99 86372 99 86747 99 87122 100 87498 99 87873 99 88248 99 88623 100 88998 100 89373 100 89748 100 90124 100 90499 100 90874 100 91249 101 91624 101 91999 102 92374 102 92749 103 93124 104 93499 104 93874 105 94249 106 94624 107 94999 108 95375 108 95750 109 96125 110 96500 111 96875 112 97251 18 97276 87 97626 13 97654 84 98002 8 98031 83 98378 5 98407 83 98783 83 99159 83 99535 82 99911 82 100286 83 100662 83 100768 4 101038 82 101141 8 101414 82 101515 11 101789 83 101888 15 102165 83 102262 19 102541 84 102636 22 102916 86 103009 25 103292 118 103668 118 104043 118 104419 117 104795 116 105170 116 105546 115 105921 115 106297 114 106672 114 107048 113 107423 113 107799 112 108174 112 108550 111 108925 110 109301 109 109676 109 110052 108 110427 108 110803 107 111178 106 111554 105 111929 105 112305 103 112680 103 113056 101 113432 100 113807 100 114183 98 114559 97 114935 95 115310 95 115686 93 116062 91 116438 90 116813 89 117189 87 117565 86 117941 84 118316 83 118692 81 119068 80 119444 78 119820 76 120196 74 120572 73 120948 71 121324 69 121699 69 122076 66 122452 65 122828 63 123204 61 123579 61 123956 58 124332 57 124708 55 125084 54 125460 53 125836 51 126212 50 126588 48 126964 47 127341 45 127717 43 128093 42 128470 39 128846 38 129223 35 129599 34 129975 32 130352 30 130728 28 131104 27 131480 25 131857 23 132233 22 132609 20 132985 18 133362 16 133739 13
american_pit_bull_terrier_24,65984 11 66379 22 66776 30 67174 35 67573 38 67972 42 68371 45 68770 49 69170 51 69570 54 69969 57 70369 59 70769 62 71169 64 71569 67 71969 69 72370 71 72769 76 73170 79 73569 84 73969 88 74369 91 74769 95 75170 13 75191 15 75209 58 75570 13 75614 56 75971 10 76017 57 76371 9 76420 56 76772 8 76822 58 77172 7 77224 60 77572 6 77625 63 77973 5 78027 64 78373 6 78429 65 78773 6 78830 67 79172 8 79231 68 79570 11 79632 69 79969 13 80033 70 80365 18 80434 72 80761 24 80835 73 81115 11 81153 33 81236 74 81514 18 81549 39 81637 75 81913 23 81945 44 82038 76 82313 78 82438 78 82712 81 82839 79 83112 82 83239 82 83512 84 83639 84 83911 87 84039 86 84311 88 84439 89 84711 90 84839 92 85111 92 85239 94 85511 93 85638 99 85911 95 86038 60 86109 29 86311 96 86438 60 86512 28 86711 98 86839 59 86914 28 87111 99 87239 59 87317 26 87512 100 87640 58 87719 25 87912 102 88041 57 88121 25 88313 103 88442 56 88523 24 88713 104 88842 57 88925 24 89114 105 89243 56 89326 24 89515 105 89643 57 89728 24 89915 107 90044 57 90130 23 90316 107 90445 56 90531 24 90717 108 90846 56 90933 23 91118 108 91247 56 91334 24 91519 108 91648 56 91736 24 91920 109 92049 56 92137 24 92321 109 92450 56 92538 25 92722 109 92851 56 92940 24 93123 109 93252 56 93341 25 93524 109 93653 56 93743 25 93925 109 94054 56 94145 25 94326 109 94455 56 94546 25 94727 109 94856 57 94948 25 95128 109 95257 57 95350 25 95529 108 95658 57 95752 25 95930 108 96059 57 96154 26 96331 108 96460 57 96557 25 96732 108 96861 57 96959 25 97133 108 97262 57 97362 25 97534 107 97663 57 97764 25 97936 106 98065 56 98167 26 98337 106 98465 57 98569 26 98738 106 98866 57 98971 27 99139 106 99267 57 99374 27 99540 106 99668 57 99776 27 99941 106 100069 57 100178 28 100342 105 100469 59 100580 28 100743 105 100870 59 100982 28 101144 105 101271 59 101384 29 101545 104 101672 59 101786 29 101946 104 102073 59 102188 29 102347 103 102473 60 102589 30 102748 102 102874 60 102991 30 103149 102 103275 61 103393 30 103550 101 103675 62 103795 30 103951 101 104076 62 104196 31 104352 101 104477 63 104598 31 104753 101 104877 64 104999 32 105154 101 105278 65 105401 32 105556 100 105678 67 105803 31 105957 100 106079 67 106204 32 106358 100 106479 69 106606 32 106759 100 106880 70 107009 30 107160 100 107280 72 107411 30 107561 70 107641 20 107679 75 107815 28 107962 67 108045 18 108079 78 108218 26 108364 64 108448 17 108478 82 108621 25 108765 62 108850 17 108878 85 109023 24 109166 60 109252 19 109276 20 109302 67 109425 24 109567 58 109654 40 109709 67 109827 23 109968 55 110056 38 110115 66 110230 21 110369 53 110458 35 110522 64 110632 21 110770 51 110860 33 110926 63 111035 19 111171 47 111262 31 111330 62 111437 18 111572 38 111664 30 111734 61 111839 17 111974 32 112066 28 112136 61 112242 14 112375 28 112468 27 112540 60 112645 12 112776 25 112869 27 112944 58 113049 7 113177 24 113271 26 113347 58 113578 22 113673 25 113751 57 113980 20 114075 24 114157 52 114381 19 114477 23 114562 19 114594 16 114782 18 114879 22 115002 7 115184 16 115281 22 115585 15 115683 21 115987 13 116085 20 116389 11 116487 19 116790 10 116889 18 117192 8 117293 15 117595 6 117696 13 117997 5 118102 5 118400 3
yorkshire_terrier_91,69235 10 69732 19 70230 25 70728 35 71226 47 71725 51 72223 56 72722 68 73221 78 73719 82 74217 86 74716 90 75214 93 75426 7 75712 96 75918 16 76211 98 76414 21 76709 100 76912 24 77208 101 77410 26 77707 102 77907 30 78205 105 78405 31 78704 106 78903 33 79203 107 79401 35 79702 108 79900 36 80201 108 80398 39 80699 110 80896 41 81042 27 81198 110 81396 41 81538 37 81697 111 81895 42 82035 45 82196 113 82393 44 82533 50 82695 116 82890 47 83030 57 83194 119 83385 51 83527 66 83693 122 83880 56 84025 72 84192 126 84377 58 84523 78 84691 132 84874 61 85022 83 85190 135 85372 61 85521 86 85689 139 85871 58 86020 90 86188 142 86370 56 86520 92 86687 144 86869 52 87020 94 87186 148 87368 51 87520 98 87685 152 87868 49 88019 100 88183 157 88350 64 88519 102 88682 230 89019 105 89181 230 89519 106 89679 231 90019 108 90178 231 90519 111 90676 231 91019 112 91175 231 91519 115 91673 230 92020 116 92171 220 92520 119 92669 221 93020 124 93166 224 93520 370 94020 371 94521 370 95021 371 95522 370 96022 371 96523 371 97023 372 97524 372 98025 372 98525 373 99026 374 99527 374 100028 375 100528 377 100959 6 101029 377 101455 14 101530 380 101951 21 102031 399 102448 25 102531 256 102791 183 103032 248 103304 171 103533 245 103806 169 104033 244 104306 170 104534 242 104808 168 105035 240 105308 167 105535 239 105808 167 106036 238 106309 166 106536 237 106810 165 107037 235 107310 164 107538 234 107811 161 108038 234 108311 160 108539 232 108811 158 109039 232 109311 157 109539 231 109811 156 110039 231 110310 155 110540 230 110809 155 111040 230 111308 154 111540 231 111799 163 112040 231 112298 163 112540 231 112796 165 113040 232 113294 166 113539 233 113792 168 114039 236 114290 169 114539 239 114786 173 115039 420 115539 419 116038 419 116538 419 117038 418 117538 417 118038 417 118538 416 119038 414 119538 413 120037 412 120537 411 121037 410 121537 408 122037 407 122537 406 123037 405 123537 404 124037 404 124537 403 125037 402 125537 402 126038 400 126538 400 127038 400 127539 398 128039 398 128539 398 129039 398 129540 397 130040 397 130540 397 131041 396 131542 395 132042 395 132542 395 133043 394 133543 394 134043 395 134544 394 135044 394 135544 394 136045 393 136545 393 137045 394 137545 394 138045 395 138545 395 139045 395 139545 396 140045 396 140545 397 141045 397 141545 398 142045 399 142545 399 143045 400 143545 401 144045 401 144546 401 145046 402 145546 403 146046 403 146546 404 147046 405 147547 406 148047 407 148547 408 149047 410 149548 410 150048 413 150548 415 151048 417 151548 419 152049 420 152549 422 153049 424 153549 425 154050 425 154550 426 155050 427 155550 428 156050 429 156551 429 157051 429 157551 430 158051 430 158551 430 159050 432 159550 432 160050 432 160549 433 161049 433 161548 435 162048 435 162547 436 163046 437 163546 437 164045 438 164545 438 165044 439 165543 163 165718 265 166042 160 166220 263 166541 157 166722 261 167040 154 167224 258 167540 151 167725 257 168039 149 168226 256 168538 148 168727 254 169037 146 169228 253 169536 145 169730 251 170035 144 170232 248 170534 142 170734 246 171034 139 171235 245 171533 137 171737 243 172032 134 172239 240 172531 131 172741 238 173031 128 173243 236 173530 124 173744 235 174029 119 174246 47 174304 22 174327 151 174528 115 174748 41 174809 9 174835 143 175027 110 175252 34 175344 134 175527 106 175758 16 175852 6 175907 70 176026 102 176413 63 176525 99 176917 59 177024 97 177419 56 177524 96 177921 53 178023 95 178424 49 178523 93 178926 46 179022 93 179429 43 179522 92 179933 38 180021 92 180436 34 180520 92 180939 29 181019 92 181442 25 181519 90 181946 19 182018 89 182518 87 183018 84 183517 82 184017 79 184517 77 185017 74 185517 72 186017 68 186518 65 187018 62 187519 56 188021 51 188523 44 189027 35 189531 25 190037 12
Persian_174,181 221 675 227 1172 231 1670 233 2167 237 2665 239 3163 242 3662 243 4160 246 4659 247 5157 250 5656 252 6154 254 6652 257 7151 259 7649 261 8148 263 8647 265 9145 268 9643 270 10142 272 10640 274 11139 275 11638 276 12137 278 12636 279 13135 280 13634 281 14133 282 14632 283 15131 284 15630 286 16128 288 16627 289 17125 291 17624 293 18122 295 18620 297 19119 298 19617 301 20116 302 20614 304 21113 305 21611 307 22110 309 22609 310 23107 312 23606 314 24106 314 24605 315 25104 316 25603 317 26102 319 26602 319 27101 320 27600 321 28099 322 28599 323 29098 324 29597 325 30096 326 30596 327 31095 328 31595 328 32094 329 32594 329 33093 330 33593 331 34093 331 34593 331 35093 331 35593 331 36092 333 36592 333 37092 333 37592 333 38092 333 38592 332 39092 332 39592 332 40092 332 40591 333 41091 333 41591 333 42091 333 42591 333 43091 333 43591 332 44091 332 44591 332 45091 332 45591 332 46091 332 46591 332 47091 332 47591 332 48091 332 48591 332 49090 333 49590 333 50090 333 50590 333 51090 333 51590 333 52090 333 52590 333 53090 333 53590 333 54090 333 54590 334 55090 333 55590 333 56090 333 56590 333 57090 333 57590 333 58090 333 58590 333 59090 332 59590 332 60090 332 60590 332 61090 332 61590 332 62090 332 62590 332 63089 333 63589 333 64089 333 64588 334 65088 334 65587 335 66087 335 66586 336 67086 336 67585 337 68085 337 68584 338 69083 339 69582 340 70081 341 70579 343 71078 344 71576 346 72074 348 72572 350 73070 352 73568 354 74065 357 74562 360 75059 363 75556 366 76042 380 76536 386 77032 390 77531 391 78031 391 78530 392 79030 392 79530 391 80029 392 80529 392 81028 393 81528 393 82028 393 82527 393 83027 393 83527 393 84027 392 84527 392 85027 392 85527 392 86027 392 86526 393 87026 392 87525 393 88024 394 88524 394 89023 395 89522 396 90021 397 90521 397 91019 399 91518 400 92017 402 92516 403 93015 405 93514 407 94013 408 94512 410 95012 411 95511 413 96010 415 96508 418 97006 421 97506 421 98005 423 98505 424 99005 425 99505 425 100005 426 100505 427 101004 428 101504 429 102003 431 102502 432 103001 434 103501 434 104001 435 104501 436 105001 436 105501 437 106001 437 106501 438 107001 438 107501 439 108001 439 108501 440 109001 440 109501 441 110001 442 110501 442 111001 443 111501 443 112001 444 112501 444 113001 445 113501 445 114001 446 114501 446 115001 446 115501 446 116001 446 116501 446 117001 446 117501 446 118001 446 118501 446 119001 446 119501 446 120001 446 120501 446 121001 446 121501 446 122001 446 122501 446 123001 446 123501 446 124001 446 124501 446 125001 446 125501 446 126001 446 126501 446 127001 446 127501 446 128001 446 128501 445 129001 445 129501 445 130001 129 130131 315 130501 129 130632 313 131001 129 131132 313 131501 129 131632 313 132001 443 132501 443 133001 442 133501 441 134001 440 134501 439 135001 438 135501 436 136001 434 136501 432 137001 428 137501 425 138001 422 138501 420 139001 419 139501 418 140001 417 140501 417 141001 416 141501 416 142001 416 142501 416 143001 415 143501 415 144001 415 144501 414 145001 414 145501 414 146001 414 146501 413 147001 413 147501 413 148001 413 148501 413 149001 413 149501 413 150001 413 150501 413 151001 413 151501 413 152001 413 152501 413 153001 413 153501 360 153875 39 154001 357 154378 36 154501 352 154881 33 155001 348 155383 32 155503 342 155884 31 156004 339 156385 30 156505 335 156887 28 157006 331 157388 28 157508 327 157889 27 158010 322 158389 27 158511 319 158890 26 159012 315 159391 25 159513 312 159892 23 160013 310 160393 22 160514 307 160894 21 161015 305 161395 19 161515 304 161896 18 162016 302 162397 16 162516 301 162899 14 163017 299 163401 11 163518 297 163903 7 164019 295 164521 293 165022 291 165522 290 166023 288 166524 285 167029 279 167530 277 168030 276 168531 274 169031 272 169532 270 170032 269 170533 267 171034 265 171535 262 172036 260 172537 258 173037 257 173538 255 174038 253 174539 251 175040 249 175541 247 176042 245 176543 243 177044 241 177546 238 178047 236 178549 233 179051 230 179553 227 180056 222 180559 218 181062 214 181564 211 182066 207 182569 203 183070 201 183572 197 184075 192 184577 189 185080 184 185582 181 186084 178 186586 174 187087 172 187589 169 188090 168 188590 167 189091 165 189591 165 190092 164 190593 162 191094 160 191595 158 192095 158 192594 159
Bengal_101,51204 13 51651 49 52100 61 52191 35 52552 80 52638 45 53003 136 53452 142 53903 147 54351 154 54781 180 55233 183 55686 185 56140 187 56593 189 57047 190 57500 192 57954 193 58408 194 58862 195 59316 196 59770 197 60224 198 60678 199 61131 201 61585 203 62039 204 62493 205 62947 206 63401 207 63855 208 64309 209 64763 210 65217 211 65671 212 66125 213 66580 213 67034 214 67488 215 67943 215 68397 216 68851 217 69306 217 69760 218 70214 219 70668 221 71122 222 71576 223 72030 224 72484 225 72938 226 73393 226 73847 227 74301 228 74755 229 75210 229 75664 230 76118 231 76572 232 77027 232 77481 233 77935 234 78389 235 78844 235 79298 236 79753 236 80207 237 80662 237 81116 238 81571 238 82026 238 82480 239 82935 239 83390 239 83844 240 84299 241 84754 241 85208 242 85663 242 86118 242 86573 242 87028 242 87483 242 87938 242 88393 242 88848 242 89303 241 89758 241 90213 241 90668 241 91123 241 91578 241 92033 241 92488 241 92943 240 93398 240 93853 240 94308 240 94763 240 95218 239 95673 239 96128 239 96583 239 97038 239 97493 239 97948 238 98403 238 98858 238 99313 238 99768 238 100223 238 100679 237 101134 237 101589 238 102044 238 102499 238 102954 238 103409 238 103864 238 104319 238 104774 239 105229 239 105684 239 106139 240 106594 240 107049 240 107505 239 107960 239 108415 240 108870 240 109325 240 109780 240 110236 239 110691 239 111146 239 111601 239 112057 238 112512 238 112967 238 113423 237 113878 237 114333 237 114788 237 115244 235 115699 235 116154 235 116609 235 117065 234 117520 233 117975 233 118430 233 118886 231 119341 230 119796 230 120252 228 120707 228 121162 227 121617 227 122073 225 122528 225 122983 224 123439 222 123894 222 124350 220 124805 220 125260 219 125715 219 126171 218 126626 217 127081 217 127536 217 127991 217 128447 216 128902 216 129357 216 129812 215 130267 215 130722 215 131177 215 131632 215 132087 215 132543 214 132998 214 133453 214 133908 214 134363 215 134818 215 135273 215 135728 215 136183 216 136638 216 137093 216 137548 217 138003 217 138458 217 138913 218 139368 218 139823 219 140278 219 140733 179 140922 31 141189 158 141350 3 141382 26 141644 155 141842 22 142099 152 142300 19 142554 149 142757 17 143009 147 143214 16 143464 146 143671 14 143919 145 144127 14 144374 143 144584 12 144829 142 145040 12 145284 141 145496 11 145739 140 145952 10 146194 139 146408 10 146649 138 146864 9 147104 137 147320 8 147559 136 147776 7 148014 135 148232 6 148469 135 148687 6 148924 134 149143 5 149379 134 149598 5 149834 134 150054 4 150289 133 150509 4 150744 133 150965 2 151199 132 151420 2 151654 132 152109 132 152564 132 153019 131 153474 131 153929 131 154384 130 154839 130 155294 130 155749 130 156204 129 156659 129 157114 129 157569 128 158023 129 158478 129 158933 128 159388 128 159843 128 160298 127 160753 127 161207 127 161662 127 162117 126 162572 126 163027 125 163481 125 163936 125 164391 124 164845 124 165300 123 165755 122 166209 121 166664 120 167118 119 167573 118 168027 117 168482 115 168936 115 169390 114 169845 113 170299 113 170753 113 171208 111 171662 111 172116 112 172570 112 173024 112 173478 113 173932 113 174386 114 174840 114 175294 115 175748 115 176203 115 176657 116 177111 117 177566 117 178020 118 178475 117 178930 117 179384 118 179839 118 180294 118 180749 118 181204 117 181659 117 182115 116 182570 116 183025 116 183481 114 183936 114 184392 113 184848 112 185303 112 185758 112 186214 110 186669 110 187125 109 187580 109 188035 108 188491 107 188946 107 189402 106 189857 105 190312 105 190768 103 191223 102 191679 101 192134 100 192589 100 193045 98 193500 97 193956 95 194411 95 194866 94 195322 93 195777 92 196233 90 196688 90 197144 88 197599 88 198055 87 198510 86 198966 84 199421 84 199877 82 200332 81 200787 80 201242 79 201698 77 202153 76 202608 74 203064 71 203519 69 203974 67 204429 64 204884 60 205340 55 205795 50 206250 38 206705 34 207160 31 207615 28 208070 26 208525 24 208980 23 209435 22 209890 20 210345 19 210799 19 211254 19 211709 18 212164 17 212618 17 213073 16 213528 16 213983 15 214438 14 214893 14 215348 13 215803 12 216258 11 216713 11 217168 10 217623 9 218078 8 218533 7 218988 6 219444 3
boxer_79,69179 16 69520 57 69888 72 70260 82 70631 90 71003 103 71376 113 71748 123 72119 140 72492 147 72864 158 73236 168 73609 176 73981 195 74355 211 74728 220 75101 230 75474 235 75848 237 76221 240 76595 241 76968 244 77341 246 77714 249 78088 17 78110 228 78461 16 78492 220 78834 16 78869 218 79208 16 79248 136 79411 50 79582 16 79630 123 79789 46 79928 3 79955 17 80007 28 80041 79 80168 39 80302 4 80329 18 80383 24 80417 70 80546 32 80676 5 80702 19 80759 22 80793 68 80924 26 81051 4 81075 21 81135 20 81169 64 81311 10 81426 3 81448 23 81512 17 81545 62 81820 27 81888 15 81920 61 82193 29 82263 14 82296 60 82566 31 82639 12 82671 59 82940 33 83015 10 83046 59 83313 36 83390 9 83421 58 83686 39 83766 6 83796 58 84059 42 84170 58 84432 46 84545 58 84805 49 84919 59 85179 55 85293 60 85552 69 85667 61 85926 70 86041 62 86299 72 86415 63 86671 75 86789 64 87044 77 87163 65 87418 78 87537 66 87792 80 87911 67 88167 80 88285 68 88542 80 88659 69 88917 81 89033 70 89292 82 89407 71 89667 83 89781 72 90042 83 90155 73 90417 84 90530 73 90792 84 90904 74 91167 85 91278 75 91542 85 91653 75 91917 85 92027 77 92292 86 92402 77 92667 86 92777 77 93042 85 93151 78 93417 85 93526 78 93792 85 93900 79 94167 85 94275 79 94542 84 94650 79 94917 83 95025 79 95292 82 95399 80 95667 81 95774 81 96042 80 96149 81 96417 79 96523 83 96792 77 96898 83 97167 77 97273 84 97542 76 97647 86 97918 75 98022 87 98293 74 98396 89 98668 74 98770 92 99043 74 99144 96 99418 74 99518 101 99793 74 99892 108 100168 74 100266 114 100416 12 100543 74 100639 118 100788 25 100918 74 101013 124 101157 36 101293 74 101387 131 101528 43 101668 75 101761 189 102043 76 102122 3 102133 194 102418 285 102793 286 103168 287 103543 287 103918 288 104293 288 104669 69 104747 210 105044 55 105125 207 105421 44 105506 201 105796 42 105883 200 106173 36 106260 199 106549 10 106639 195 106926 6 107016 194 107399 187 107781 180 108163 174 108546 52 108612 100 108925 45 108990 97 109307 33 109373 89 109692 15 109762 75 110144 12 110175 36 110568 17 110953 5
Persian_155,27098 13 27483 19 27869 24 28251 32 28632 41 29015 48 29398 55 29785 58 30172 61 30558 65 30946 68 31035 2 31333 71 31420 8 31720 75 31806 11 32107 78 32192 14 32494 101 32882 102 33269 103 33657 104 34044 106 34432 107 34819 109 35206 110 35593 112 35981 113 36369 114 36756 116 37143 118 37531 119 37919 120 38307 121 38695 122 39083 123 39472 123 39860 124 40249 124 40638 123 41027 123 41415 124 41804 124 42193 124 42582 124 42971 124 43360 124 43749 124 44137 125 44526 125 44915 124 45304 124 45693 124 46082 124 46471 124 46859 125 47248 125 47637 125 48026 125 48415 125 48804 125 49193 125 49582 125 49971 125 50360 125 50749 125 51138 125 51527 125 51916 125 52305 125 52694 125 53083 125 53472 125 53861 125 54250 125 54639 125 55028 125 55417 125 55807 124 56196 124 56585 124 56974 124 57364 123 57753 123 58143 122 58532 121 58922 120 59312 119 59701 119 60091 118 60481 117 60870 116 61260 115 61649 115 62039 114 62428 113 62818 112 63207 112 63596 111 63986 110 64375 110 64764 109 65154 108 65543 108 65932 108 66321 107 66710 107 67100 106 67489 106 67878 106 68267 105 68656 105 69045 105 69435 104 69824 104 70213 104 70602 103 70991 103 71380 103 71770 102 72159 102 72548 102 72937 102 73326 102 73715 102 74105 101 74494 101 74883 101 75272 101 75661 101 76050 101 76440 100 76829 100 77218 100 77607 101 77996 101 78385 102 78775 101 79164 102 79553 102 79942 102 80331 103 80720 104 81109 104 81498 105 81888 104 82277 105 82666 105 83055 106 83444 106 83833 106 84223 106 84612 106 85001 106 85390 106 85779 107 86168 107 86558 106 86947 106 87336 106 87725 106 88114 106 88503 107 88893 106 89282 106 89671 106 90060 106 90450 105 90839 105 91228 105 91617 105 92006 105 92396 104 92785 105 93174 105 93563 105 93952 105 94341 105 94731 104 95120 104 95509 104 95898 104 96287 104 96676 105 97066 104 97455 104 97844 104 98233 104 98622 104 99011 105 99400 105 99789 105 100178 105 100567 105 100956 106 101345 106 101735 105 102124 105 102513 105 102902 106 103291 106 103680 106 104069 106 104458 107 104847 107 105237 106 105626 106 106015 106 106404 107 106793 107 107183 106 107572 106 107961 106 108351 105 108740 105 109129 105 109519 104 109908 104 110297 104 110687 103 111076 103 111466 102 111856 100 112245 100 112635 99 113025 97 113414 97 113804 96 114193 95 114583 94 114973 92 115362 92 115752 90 116142 89 116531 88 116921 86 117311 85 117700 84 118090 82 118479 82 118869 80 119259 79 119648 78 120038 77 120428 76 120817 76 121207 75 121596 75 121986 74 122376 73 122765 73 123155 73 123544 73 123934 72 124324 72 124713 72 125103 72 125493 71 125882 71 126272 71 126662 70 127051 70 127441 69 127830 69 128220 68 128610 67 128999 67 129389 66 129779 65 130168 65 130558 63 130948 62 131337 61 131727 59 132116 59 132506 57 132896 56 133285 55 133675 54 134065 52 134454 52 134844 51 135233 51 135623 50 136013 49 136402 49 136792 48 137182 47 137571 47 137961 47 138351 46 138740 47 139130 46 139520 46 139909 46 140299 45 140688 46 141078 45 141467 46 141857 45 142246 45 142636 45 143025 45 143415 44 143804 44 144194 43 144583 44 144973 43 145362 43 145751 43 146141 42 146530 41 146919 41 147308 41 147697 41 148086 41 148476 39 148865 39 149254 38 149643 38 150032 37 150421 37 150810 36 151199 36 151588 35 151977 34 152366 34 152755 33 153144 32 153533 31 153922 31 154311 30 154700 30 155089 29 155478 29 155867 29 156256 29 156645 28 157034 28 157422 29 157811 30 158200 30 158589 30 158978 30 159367 30 159756 31 160145 31 160534 31 160923 32 161312 32 161701 33 162090 33 162479 34 162869 33 163258 34 163647 35 164036 35 164425 36 164814 37 165204 37 165593 38 165982 38 166372 38 166761 38 167150 39 167540 38 167929 39 168319 38 168708 38 169098 38 169487 38 169877 37 170266 37 170656 36 171045 36 171435 35 171824 35 172214 34 172604 32 172993 32 173383 31 173773 29 174162 29 174552 27 174942 26 175332 24 175722 23 176112 21 176502 20 176892 18 177282 16 177673 13 178065 9
shiba_inu_137,34324 3 34825 8 35325 12 35826 13 36325 16 36825 16 37324 18 37823 19 38321 21 38814 29 39314 29 39814 29 40314 29 40814 29 41314 30 41814 30 42314 30 42814 31 42851 5 43314 31 43350 11 43815 30 43850 14 44315 30 44350 15 44815 30 44849 18 45315 30 45349 19 45819 26 45849 21 46320 25 46349 23 46820 25 46850 31 46892 3 47320 25 47350 46 47820 25 47851 45 48320 24 48351 44 48820 24 48852 44 49319 26 49352 45 49819 26 49850 48 50318 27 50348 56 50818 27 50848 59 51318 26 51348 60 51818 26 51848 60 52318 27 52348 60 52819 26 52848 59 53319 86 53820 79 54320 58 54820 40 55320 38 55820 37 56320 36 56820 34 57321 32 57822 31 58322 31 58824 30 59325 30 59826 30 60327 30 60827 30 61328 30 61829 30 62330 30 62831 31 63332 35 63834 34 64337 37 64840 34 65344 31
scottish_terrier_57,61983 10 62309 17 62636 23 62964 28 63295 30 63624 33 63954 35 64284 38 64611 43 64938 48 65266 52 65594 56 65924 58 66254 60 66582 64 66910 68 67226 84 67550 92 67879 95 68207 99 68536 102 68866 104 69196 106 69525 109 69854 112 70182 116 70487 143 70810 152 71135 159 71466 160 71797 161 72129 161 72461 161 72793 161 73126 160 73459 159 73792 158 74125 157 74458 156 74793 153 75127 151 75462 148 75795 147 76129 144 76461 144 76794 143 77126 143 77458 143 77790 143 78123 141 78455 141 78787 141 79119 141 79450 142 79782 142 80114 142 80446 142 80777 144 81109 144 81441 144 81772 145 82103 146 82435 147 82766 148 83097 149 83428 151 83759 152 84090 153 84421 155 84752 156 85083 157 85414 158 85745 160 86075 162 86406 163 86737 164 87068 165 87399 166 87731 166 88063 166 88395 165 88729 163 89064 12 89089 135 89425 131 89758 130 90092 128 90426 125 90760 123 91108 107 91444 103 91778 100 92112 98 92448 7 92468 74 92802 71 93136 69 93469 67 93802 66 94134 65 94467 63 94799 63 95132 61 95464 61 95796 60 96129 59 96461 58 96793 57 97126 56 97458 55 97790 55 98123 53 98455 52 98787 52 99119 51 99452 50 99784 50 100116 49 100448 49 100780 49 101113 48 101445 47 101777 47 102109 47 102442 46 102774 45 103106 45 103438 45 103771 44 104103 44 104435 44 104767 44 105100 43 105432 43 105765 42 106097 42 106430 41 106762 41 107095 40 107427 40 107760 39 108093 38 108426 37 108760 34 109094 32 109427 31 109762 28 110096 25 110430 23 110765 20 111099 18 111433 15 111767 13 112100 12 112434 10 112767 9 113100 7 113434 5
Maine_Coon_272,22491 18 23070 49 23663 62 24256 73 24851 81 25447 87 26043 94 26639 100 27236 106 27833 112 28431 116 29029 121 29626 127 30223 132 30818 140 31410 150 32005 156 32599 164 33195 169 33789 177 34385 182 34982 186 35580 189 36178 192 36776 195 37374 198 37972 201 38571 203 39169 206 39767 209 40366 211 40963 216 41560 220 42158 224 42756 227 43353 232 43951 235 44548 240 45145 244 45743 248 46340 253 46936 258 47532 264 48129 269 48726 273 49310 290 49905 297 50501 303 51098 308 51580 3 51695 313 52176 19 52293 316 52774 23 52892 320 53372 27 53491 323 53970 30 54090 326 54569 32 54690 329 55168 33 55290 332 55768 33 55890 335 56367 34 56491 337 56966 35 57091 340 57565 36 57692 342 58164 37 58293 343 58763 38 58894 345 59362 39 59495 347 59961 40 60096 348 60559 42 60698 348 61158 43 61300 349 61757 44 61903 349 62355 46 62506 349 62954 47 63109 349 63553 48 63712 349 64151 50 64315 349 64749 52 64918 351 65348 53 65521 354 65947 54 66122 370 66545 56 66724 380 67143 58 67326 390 67740 61 67927 474 68528 473 69129 472 69729 472 70330 471 70931 470 71531 470 72132 469 72733 468 73333 468 73933 468 74534 467 75134 467 75734 467 76334 467 76935 466 77535 466 78135 466 78735 466 79336 465 79936 465 80536 465 81136 465 81737 464 82337 464 82937 464 83538 463 84138 463 84738 463 85339 462 85939 462 86539 462 87139 462 87740 461 88340 461 88940 461 89540 461 90140 461 90741 460 91341 460 91941 460 92541 460 93141 460 93742 459 94342 459 94942 459 95543 458 96143 458 96743 458 97343 458 97944 457 98544 457 99144 457 99745 456 100345 456 100946 455 101547 454 102147 454 102747 454 103347 454 103947 454 104547 454 105147 454 105747 454 106347 454 106946 455 107546 455 108146 455 108746 455 109345 456 109944 457 110544 457 111143 458 111742 459 112342 459 112941 460 113540 461 114140 461 114739 462 115338 463 115937 464 116536 465 117136 465 117735 466 118333 468 118932 469 119531 470 120130 471 120728 473 121327 474 121926 475 122525 476 123124 477 123723 478 124322 479 124922 27 124993 408 125521 23 125609 392 126121 20 126213 388 126720 18 126816 385 127320 16 127418 383 127920 13 128019 382 128521 9 128621 380 129122 4 129223 378 129824 377 130425 376 131026 375 131627 374 132228 373 132829 372 133430 371 134030 371 134631 370 135232 369 135832 369 136433 368 137033 368 137634 367 138235 366 138835 366 139436 365 140036 365 140637 364 141238 363 141839 362 142439 362 143040 361 143641 360 144242 359 144843 358 145445 356 146047 354 146649 352 147253 348 147866 335 148473 328 149077 324 149679 322 150281 320 150883 318 151485 316 152086 315 152687 314 153289 312 153890 311 154490 311 155091 310 155692 309 156293 308 156893 308 157494 307 158094 307 158695 306 159296 305 159896 305 160496 305 161097 304 161697 304 162298 303 162898 303 163498 303 164098 303 164698 303 165298 303 165899 302 166499 302 167099 302 167699 302 168299 302 168899 302 169499 302 170099 302 170699 302 171299 302 171899 302 172499 302 173099 302 173700 301 174300 301 174900 301 175500 301 176100 301 176700 301 177300 301 177900 301 178501 300 179101 300 179701 300 180301 300 180902 299 181502 299 182103 298 182703 298 183303 298 183904 297 184504 297 185105 296 185705 296 186305 296 186906 295 187506 295 188107 294 188707 294 189307 294 189908 293 190508 293 191108 293 191709 292 192309 292 192909 292 193510 291 194110 291 194711 290 195311 290 195912 289 196512 289 197113 288 197713 288 198314 287 198914 287 199515 286 200115 286 200716 285 201316 285 201917 284 202518 283 203118 283 203719 282 204320 281 204921 280 205522 279 206122 279 206723 278 207324 277 207926 275 208527 274 209128 273 209729 272 210330 271 210931 270 211532 269 212133 268 212735 266 213336 265 213937 264 214538 263 215139 262 215740 261 216341 260 216942 259 217543 258 218144 257 218746 255 219347 254 219949 252 220552 249 221154 247 221756 245 222359 242 222961 240 223563 238 224165 236 224767 234 225369 232 225970 231 226572 229 227175 226 227777 224 228379 222 228983 218 229587 214 230191 210 230795 206 231398 203 232001 200 232604 197 233207 192 233809 189 234412 184 235015 180 235619 175 236222 171 236825 166 237429 161 238032 157 238635 153 239238 149 239841 144 240444 140 241050 132 241656 123 242262 113 242869 100 243504 60 244111 49 244715 41 245320 32
Russian_Blue_33,54209 19 54706 27 55203 33 55631 8 55701 38 56131 12 56199 42 56412 6 56630 16 56697 47 56911 8 57131 19 57195 51 57410 9 57631 24 57693 54 57909 11 58131 29 58190 59 58408 13 58631 33 58687 64 58907 15 59131 38 59182 70 59407 16 59632 122 59906 17 60132 123 60406 17 60632 125 60905 18 61133 125 61404 20 61633 127 61904 20 62134 128 62403 21 62634 130 62902 21 63134 132 63402 21 63635 134 63901 22 64135 136 64400 22 64635 138 64900 21 65136 139 65399 22 65636 141 65899 21 66136 143 66398 21 66636 145 66897 21 67137 145 67396 20 67637 146 67896 19 68137 148 68395 19 68637 150 68894 19 69137 152 69393 18 69637 153 69892 18 70138 155 70391 18 70638 159 70890 17 71138 164 71317 10 71390 16 71638 190 71889 15 72138 190 72388 15 72638 191 72888 13 73138 191 73387 12 73638 191 73887 10 74138 191 74386 10 74638 191 74885 11 75139 190 75384 11 75638 191 75884 10 76138 191 76383 11 76638 191 76883 10 77138 191 77383 8 77638 191 77882 8 78138 191 78382 8 78638 191 78882 8 79138 191 79382 7 79638 191 79882 7 80138 191 80382 6 80637 193 80882 6 81137 193 81383 5 81637 194 81883 4 82136 195 82383 4 82636 195 82884 2 83136 196 83636 196 84136 196 84636 196 85135 198 85635 198 86135 198 86635 198 87135 198 87635 198 88135 198 88635 198 89134 199 89634 199 90134 199 90634 200 91134 200 91634 200 92134 200 92634 201 93134 201 93634 202 94134 202 94633 204 95133 204 95633 205 96133 206 96633 206 97133 207 97633 208 98133 208 98633 209 99133 210 99632 211 100132 212 100632 212 101133 211 101633 211 102133 211 102633 211 103133 211 103633 211 104133 211 104632 212 105132 212 105632 212 106132 212 106631 213 107131 213 107630 215 108130 215 108629 216 109129 216 109629 216 110128 217 110628 218 111128 218 111628 219 112128 221 112628 222 113128 224 113628 229 113862 15 114128 258 114628 263 115128 266 115629 266 116129 266 116629 266 117130 264 117630 264 118131 262 118631 261 119132 259 119632 258 120133 256 120634 253 121135 251 121635 250 122136 248 122637 246 123138 244 123639 242 124140 239 124641 237 125143 234 125644 232 126145 230 126647 227 127148 225 127649 223 128150 220 128651 218 129152 216 129654 213 130155 210 130656 208 131156 207 131657 204 132157 203 132658 201 133158 200 133659 198 134159 198 134660 196 135160 196 135661 194 136161 194 136661 193 137161 192 137661 192 138161 191 138660 192 139160 191 139659 191 140159 191 140658 191 141158 191 141657 191 142157 190 142656 190 143156 189 143655 189 144154 190 144654 189 145153 190 145653 189 146152 189 146652 189 147151 189 147650 189 148150 189 148649 189 149148 189 149648 189 150147 189 150647 189 151146 189 151646 189 152145 190 152645 189 153144 190 153644 190 154143 190 154643 190 155142 190 155642 190 156141 190 156641 190 157141 189 157640 189 158140 189 158640 188 159139 189 159639 188 160139 187 160639 187 161138 187 161638 186 162138 186 162638 185 163138 184 163638 183 164138 183 164638 182 165138 183 165639 181
Maine_Coon_170,406 92 905 94 1403 97 1902 99 2400 101 2897 104 3395 106 3893 108 4392 109 4890 111 5388 113 5886 115 6384 117 6883 118 7381 120 7879 122 8378 123 8876 125 9375 126 9873 128 10371 130 10869 132 11367 134 11865 136 12363 138 12860 141 13358 143 13856 145 14353 148 14851 150 15349 152 15847 154 16345 156 16843 158 17341 160 17839 162 18337 164 18835 166 19333 168 19831 170 20329 172 20827 174 21326 175 21823 178 22321 180 22819 182 23317 184 23814 187 24312 189 24810 191 25308 193 25806 195 26304 197 26801 200 27296 205 27588 2 27789 212 28087 7 28282 219 28586 12 28777 224 29087 14 29272 229 29587 17 29768 233 30087 20 30265 236 30587 22 30762 239 31087 25 31259 242 31588 26 31756 245 32088 28 32252 249 32589 29 32749 252 33089 31 33246 255 33590 32 33744 257 34090 34 34242 259 34591 35 34740 261 35091 37 35239 262 35592 37 35737 264 36092 39 36236 265 36593 40 36734 267 37094 40 37233 268 37594 42 37731 270 38095 43 38229 272 38596 44 38727 274 39096 46 39225 276 39597 48 39722 279 40098 50 40218 283 40598 55 40709 292 41099 65 41173 1 41185 316 41599 402 42100 401 42601 400 43101 400 43602 399 44102 399 44603 398 45104 397 45604 397 46105 396 46605 396 47106 395 47606 395 48107 394 48607 394 49108 393 49609 392 50109 392 50609 392 51110 391 51610 391 52111 390 52611 390 53112 389 53612 389 54112 389 54613 388 55113 388 55614 387 56114 387 56614 387 57115 386 57615 386 58115 386 58616 385 59116 385 59616 385 60116 385 60617 384 61117 384 61617 384 62117 384 62617 384 63118 383 63618 383 64118 383 64619 382 65119 382 65619 382 66119 382 66620 381 67120 381 67620 381 68121 380 68621 380 69121 380 69621 380 70122 379 70622 379 71122 379 71622 379 72122 379 72622 379 73122 379 73622 379 74122 379 74622 379 75122 379 75621 380 76121 380 76621 380 77121 380 77621 380 78120 381 78620 381 79120 381 79620 381 80120 381 80620 381 81119 382 81619 382 82119 382 82618 383 83118 383 83618 383 84118 383 84618 383 85117 384 85617 384 86117 384 86617 384 87116 385 87616 385 88115 386 88615 386 89115 386 89614 387 90114 387 90614 387 91113 388 91613 388 92113 388 92613 388 93112 389 93612 389 94112 389 94612 389 95111 390 95611 390 96111 390 96610 391 97110 391 97610 391 98109 392 98609 392 99109 392 99608 393 100108 393 100607 394 101107 394 101606 395 102105 396 102605 396 103104 397 103603 398 104102 399 104602 399 105101 400 105600 401 106099 402 106598 403 107097 404 107596 405 108095 406 108594 407 109093 408 109592 409 110091 410 110590 411 111090 411 111589 412 112088 413 112587 414 113085 416 113584 417 114083 418 114582 419 115081 420 115580 421 116079 422 116578 423 117076 425 117575 426 118074 427 118572 429 119071 430 119569 432 120068 433 120566 435 121064 437 121562 439 122060 441 122558 443 123056 445 123554 447 124052 449 124550 451 125048 453 125546 455 126045 456 126543 458 127042 459 127540 461 128039 462 128538 463 129037 464 129536 465 130036 465 130536 465 131036 465 131537 34 131588 413 132041 2 132093 408 132596 405 133098 403 133600 401 134102 399 134604 397 135105 396 135607 394 136108 393 136609 392 137110 391 137612 389 138113 388 138615 386 139117 384 139619 382 140122 379 140625 376 141127 374 141630 371 142132 369 142634 367 143135 366 143637 364 144138 363 144639 362 145140 361 145641 360 146142 359 146643 358 147144 357 147645 356 148145 356 148646 355 149147 354 149648 353 150149 352 150650 351 151151 350 151652 349 152153 348 152654 347 153155 346 153657 344 154159 275 154445 56 154662 266 154952 49 155165 259 155463 5 155479 12 155669 251 156172 244 156675 237 157179 52 157236 1 157239 6 157276 132 157683 40 157788 117 158190 28 158294 106 158696 16 158798 98 159302 88 159806 66 160310 53 160813 46 161316 39 161818 34 162322 27 162827 19
saint_bernard_44,35364 6 35858 16 36354 22 36850 28 37346 34 37841 42 38332 56 38827 76 39321 93 39812 120 40302 133 40794 142 41289 148 41786 152 42284 154 42782 157 43280 159 43779 160 44277 162 44776 125 44917 21 45275 120 45421 17 45773 117 45925 12 46272 115 46428 7 46770 116 47268 116 47767 116 48265 117 48762 119 49253 128 49712 168 50195 185 50690 190 51186 195 51684 197 52182 200 52680 203 53178 206 53677 208 54175 211 54673 213 55172 215 55670 217 56169 219 56667 221 57165 224 57664 225 58163 227 58661 229 59159 231 59657 233 60156 235 60608 10 60653 238 61106 19 61151 240 61604 33 61642 249 62103 288 62601 290 63100 292 63599 293 64098 295 64597 297 65096 299 65595 301 66094 304 66593 307 67092 311 67591 315 68090 319 68590 324 69088 334 69588 365 70087 112 70206 249 70586 112 70710 247 71085 112 71213 245 71584 113 71715 244 72083 114 72217 243 72582 115 72719 241 73081 117 73220 241 73580 118 73722 240 74080 119 74223 240 74579 121 74724 239 75078 122 75225 238 75577 125 75726 237 76076 127 76228 235 76575 129 76729 170 76919 44 77074 131 77230 166 77423 40 77573 133 77731 163 77928 35 78073 134 78232 160 78433 30 78572 137 78734 157 78939 23 79071 139 79235 155 79445 16 79571 141 79737 152 79950 9 80070 144 80238 151 80570 146 80740 148 81069 149 81256 132 81568 151 81760 128 82068 153 82262 125 82567 155 82764 123 83067 156 83265 122 83567 156 83766 121 84066 158 84267 120 84566 158 84768 119 85065 160 85268 119 85565 160 85768 119 86065 160 86268 119 86564 161 86768 119 87064 162 87268 119 87564 162 87768 120 88064 162 88268 120 88563 163 88768 121 89063 163 89268 121 89563 164 89768 121 90063 164 90267 123 90563 164 90767 124 91062 165 91266 126 91562 165 91766 127 92062 165 92265 129 92562 165 92765 130 93062 165 93264 131 93562 166 93763 134 94062 166 94262 136 94562 166 94760 139 95062 168 95259 142 95562 169 95756 147 96062 171 96252 153 96563 172 96745 163 97063 349 97563 354 98063 365 98431 4 98563 384 99063 389 99564 391 100064 394 100564 397 101064 399 101564 400 102064 402 102565 402 103065 403 103565 404 104065 405 104565 405 105066 333 105427 44 105566 317 105936 35 106066 302 106442 29 106566 293 106945 26 107067 285 107449 22 107567 279 107951 19 108067 272 108454 16 108568 265 108956 14 109068 256 109458 11 109569 240 109961 7 110069 228 110570 218 111070 209 111571 201 112071 195 112572 189 113073 184 113573 180 114074 175 114575 170 115075 164 115576 140 116077 132 116578 126 117079 121 117581 117 118083 112 118587 8 118599 93 119104 87 119606 84 120108 82 120610 79 121111 78 121612 77 122113 75 122614 73 123115 71 123616 69 124117 67 124618 65 125119 63 125619 57 126120 54 126621 46 127121 44 127622 41 128122 40 128623 37 129124 34 129624 33 130125 31 130626 29 131126 27 131627 25 132128 23 132628 22 133129 20 133630 17 134131 15 134632 13 135133 10 135635 6
leonberger_175,39178 6 39506 16 39838 21 40170 25 40503 27 40836 30 41169 32 41502 35 41835 38 42169 39 42502 42 42836 44 42965 8 43169 46 43278 11 43294 16 43503 49 43603 48 43836 54 43927 65 44170 57 44255 79 44503 73 44581 93 44837 176 45170 181 45504 202 45837 207 46170 213 46504 216 46837 220 47171 223 47504 228 47837 233 48171 237 48504 244 48838 247 49171 250 49504 253 49838 254 50171 256 50505 257 50838 259 51171 261 51505 263 51838 265 52171 268 52504 269 52838 269 53171 270 53504 271 53838 271 54171 272 54504 273 54838 273 55171 274 55505 274 55838 275 56172 275 56505 276 56839 276 57172 277 57506 277 57839 278 58173 278 58506 279 58840 279 59174 279 59507 280 59841 280 60174 278 60508 276 60841 238 61086 28 61175 236 61508 237 61842 236 62175 236 62509 234 62843 233 63177 233 63511 135 63649 95 63844 135 63984 94 64178 135 64318 94 64512 134 64653 94 64846 133 64987 94 65180 133 65321 94 65514 133 65655 94 65848 133 65989 94 66182 134 66323 93 66516 135 66657 93 66850 136 66990 93 67185 136 67323 93 67519 231 67853 230 68187 230 68521 229 68855 229 69189 229 69524 228 69858 228 70192 228 70526 228 70861 227 71195 228 71530 227 71864 228 72199 228 72534 231 72869 245 73204 249 73539 250 73874 250 74208 251 74543 251 74878 251 75212 252 75547 252 75881 252 76216 252 76550 252 76885 252 77219 252 77553 252 77888 252 78222 252 78557 251 78892 249 79226 249 79561 248 79895 248 80230 246 80565 245 80900 243 81235 240 81570 236 81905 229 82240 219 82576 204 82912 198 83247 194 83583 189 83919 185 84254 182 84591 175 84926 173 85261 170 85597 165 85932 163 86267 160 86602 158 86937 156 87271 154 87606 152 87941 150 88276 46 88327 96 88611 41 88662 94 88946 37 88997 91 89281 32 89332 88 89617 26 89666 86 89952 22 90000 82 90290 13 90335 26 90372 40 90669 23 90707 36 91003 21 91043 30 91337 19 91378 26 91671 18 91713 22 92005 17 92048 18 92339 16 92383 16 92674 14 92718 14 93008 12 93052 13 93342 11 93387 11 93677 9 93721 11 94012 6 94056 9 94347 4 94390 8 94725 7 95060 5 95394 5 95729 3
wheaten_terrier_134,42223 2 42597 4 42971 5 43345 6 43719 7 44093 7 44467 8 44842 8 45216 9 45590 9 45964 10 46339 10 46713 10 47087 11 47461 12 47835 13 48209 13 48583 14 48958 14 49332 15 49706 16 50079 18 50453 19 50827 20 51200 22 51574 23 51947 25 52320 27 52694 29 53008 20 53067 31 53380 38 53439 34 53752 49 53812 36 54125 99 54498 101 54872 102 55244 106 55616 109 55988 112 56358 118 56730 121 57101 126 57471 131 57840 137 58210 143 58580 148 58950 153 59321 157 59694 160 60067 162 60440 164 60814 165 61187 167 61561 168 61935 169 62309 170 62683 171 63056 173 63429 175 63803 176 64177 177 64550 179 64923 181 65297 182 65671 183 66045 184 66419 185 66793 187 67168 187 67542 188 67916 189 68291 189 68665 191 69040 191 69414 192 69789 193 70163 194 70538 194 70913 194 71287 195 71662 195 72037 195 72411 196 72786 196 73160 198 73535 198 73910 198 74285 198 74659 199 75034 200 75408 201 75783 201 76158 202 76532 203 76907 204 77282 204 77656 206 78031 206 78405 208 78780 208 79154 210 79529 210 79903 212 80278 212 80652 213 81026 215 81400 216 81774 217 82149 218 82523 219 82897 220 83272 221 83646 222 84021 223 84396 223 84770 225 85145 226 85520 226 85895 226 86270 226 86645 226 87020 227 87395 227 87770 227 88145 228 88519 229 88894 229 89269 230 89644 230 90019 230 90394 230 90769 231 91144 231 91519 231 91894 231 92269 232 92644 232 93019 232 93394 233 93769 233 94144 233 94519 234 94894 234 95270 233 95645 233 96020 233 96395 234 96771 233 97146 233 97521 233 97897 232 98272 232 98648 231 99023 231 99399 231 99774 231 100150 230 100525 230 100901 229 101276 229 101652 228 102027 228 102403 227 102778 227 103154 226 103529 226 103905 225 104280 225 104655 225 105031 224 105406 224 105782 223 106157 223 106533 222 106908 222 107284 221 107659 221 108035 220 108411 219 108786 219 109162 218 109537 218 109913 218 110289 217 110664 217 111040 216 111415 216 111791 215 112166 215 112542 214 112918 213 113293 213 113669 212 114044 212 114420 211 114796 211 115171 211 115547 210 115923 209 116298 209 116674 209 117050 208 117426 207 117803 205 118179 204 118555 203 118931 202 119307 201 119684 199 120060 199 120437 197 120813 196 121189 195 121566 193 121942 192 122319 190 122695 189 123072 188 123449 186 123825 185 124202 183 124578 183 124955 181 125332 179 125709 177 126086 175 126465 171 126845 167 127224 163 127603 159 127980 157 128357 155 128735 152 129113 149 129499 138 129877 135 130254 133 130630 132 131006 131 131383 129 131759 128 132134 128 132510 127 132886 126 133261 126 133637 125 134013 124 134388 125 134764 124 135139 124 135515 123 135891 122 136266 122 136642 122 137018 121 137394 120 137770 119 138146 118 138522 118 138898 117 139274 116 139650 65 139721 44 140026 60 140106 34 140402 57 140483 32 140778 55 140861 29 141154 52 141238 28 141530 50 141615 26 141906 47 141992 24 142282 44 142368 23 142659 40 142745 20 143036 36 143122 18 143413 32 143498 17 143790 28 143875 15 144167 24 144253 11 144544 21 144630 8 144922 15 145301 6
havanese_87,22263 3 22593 7 22925 9 23245 1 23257 10 23576 7 23590 10 23909 10 23921 13 24241 26 24573 27 24905 28 25237 29 25569 30 25902 30 26234 31 26567 31 26899 32 27231 33 27564 33 27897 33 28230 33 28563 33 28896 33 29228 34 29561 34 29894 33 30227 33 30560 33 30892 34 31225 33 31558 33 31890 34 32223 34 32555 34 32887 35 33219 36 33551 36 33883 37 34214 39 34546 39 34877 41 35202 49 35534 49 35865 51 36198 50 36530 51 36863 51 37196 50 37528 51 37860 51 38193 51 38520 2 38525 51 38852 57 39182 60 39513 61 39845 61 40174 65 40505 66 40837 66 41169 66 41501 66 41833 64 42166 63 42498 63 42831 62 43164 61 43496 61 43829 60 44162 58 44494 58 44826 58 45141 2 45157 58 45473 3 45489 55 45806 5 45819 56 46138 7 46150 56 46471 8 46482 55 46803 9 46814 55 47115 3 47133 67 47448 4 47456 8 47465 67 47700 16 47782 82 48029 22 48116 80 48360 25 48452 18 48481 5 48495 33 48691 29 48785 16 48830 30 49022 32 49118 16 49164 29 49354 34 49451 15 49499 26 49686 36 49785 13 49833 25 50017 39 50118 13 50167 23 50349 41 50452 11 50500 23 50681 43 50786 9 50834 23 51013 45 51121 6 51167 22 51346 46 51422 5 51456 2 51501 22 51678 48 51754 8 51834 22 52010 50 52085 10 52167 23 52342 51 52417 12 52501 22 52674 53 52749 14 52834 23 53007 54 53080 16 53167 23 53339 56 53412 18 53500 23 53672 57 53744 19 53833 24 54004 59 54074 23 54166 24 54337 62 54405 26 54499 25 54669 95 54833 25 55002 96 55166 27 55334 98 55499 28 55666 100 55831 29 55999 100 56164 30 56331 102 56497 30 56664 102 56830 31 56996 103 57163 32 57328 104 57496 34 57660 106 57829 34 57993 106 58162 35 58325 108 58494 36 58657 109 58827 37 58989 110 59159 38 59322 111 59492 38 59654 112 59825 39 59986 113 60157 40 60319 114 60489 42 60651 116 60822 43 60984 117 61154 45 61316 118 61486 46 61649 119 61818 48 61981 120 62150 49 62314 121 62482 51 62646 123 62813 53 62979 123 63145 55 63312 124 63477 56 63645 124 63809 58 63978 125 64129 2 64141 59 64310 126 64459 8 64472 62 64643 127 64790 77 64976 127 65122 78 65309 127 65454 79 65642 128 65786 81 65975 128 66119 81 66308 129 66451 83 66641 129 66783 84 66974 129 67116 85 67307 130 67448 87 67640 130 67781 87 67972 132 68114 87 68305 132 68446 89 68638 133 68779 89 68971 134 69111 91 69304 134 69443 93 69636 136 69775 94 69969 137 70107 96 70302 235 70635 236 70968 237 71301 237 71633 239 71966 239 72299 240 72632 240 72965 241 73298 241 73631 241 73964 242 74298 241 74631 241 74964 242 75297 242 75630 242 75963 242 76297 241 76630 242 76963 242 77296 242 77630 241 77963 241 78296 241 78630 240 78963 240 79296 240 79629 240 79962 240 80296 239 80629 239 80962 239 81295 239 81629 238 81962 237 82295 237 82629 236 82962 236 83296 235 83630 234 83963 234 84297 232 84631 231 84965 230 85299 229 85633 227 85967 226 86302 223 86636 222 86970 220 87304 219 87639 216 87973 215 88307 213 88641 212 88975 210 89309 209 89643 208 89977 207 90311 205 90646 203 90980 202 91314 200 91648 199 91982 198 92317 195 92652 193 92986 192 93321 189 93656 186 93990 184 94325 181 94661 177 94995 174 95330 171 95666 166 96001 162 96338 10 96367 128 96703 123 97036 121 97370 118 97704 115 98037 113 98370 112 98704 110 99037 109 99370 108 99703 107 100036 107 100369 107 100702 106 101035 106 101368 105 101701 105 102034 104 102367 104 102700 103 103034 102 103367 102 103700 101 104033 101 104366 101 104699 100 105032 100 105365 100 105699 100 106032 100 106365 100 106698 100 107032 99 107365 99 107698 100 108032 99 108365 99 108698 99 109032 99 109365 99 109698 99 110032 98 110365 98 110699 97 111032 98 111366 97 111700 96 112033 96 112367 95 112701 95 113034 95 113368 94 113702 93 114035 93 114369 93 114703 92 115036 92 115370 91 115703 92 116037 91 116370 91 116704 90 117037 90 117371 89 117704 89 118038 88 118371 88 118705 87 119038 87 119372 86 119705 86 120038 86 120372 85 120705 85 121039 84 121372 84 121705 84 122039 83 122372 83 122706 83 123039 83 123372 83 123706 82 124039 82 124373 81 124706 82 125040 81 125373 81 125707 80 126040 80 126374 79 126707 79 127041 78 127375 77 127709 76 128042 76 128376 75 128710 74 129044 73 129377 73 129711 72 130045 72 130379 71 130713 70 131047 69 131381 68 131715 67 132050 65 132384 64 132719 62 133053 61 133387 60 133722 59 134056 58 134390 57 134724 56 135058 55 135392 55 135725 55 136059 54 136393 53 136726 53 137060 52 137394 51 137727 51 138061 50 138395 49 138728 49 139062 47 139396 46 139730 45 140064 43 140398 42 140732 41 141066 40 141400 38 141734 37 142067 37 142401 35 142734 35 143068 34 143402 33 143736 32 144070 31 144404 30 144738 28 145072 27 145406 26 145740 25 146073 25 146407 24 146741 23 147074 23 147407 23 147741 23 148074 23 148408 22 148741 22 149074 22 149408 21 149741 21 150074 21 150408 20 150741 20 151075 20 151409 19 151742 19 152076 18 152410 17 152743 17 153077 16 153411 15 153744 15 154078 14 154412 12 154745 12 155079 11 155413 10 155746 10 156080 9 156414 8 156747 8 157081 7 157414 7 157748 6 158081 6 158415 4 158749 3
samoyed_90,48036 8 48364 21 48696 26 49028 30 49360 33 49693 36 50026 38 50359 40 50540 3 50692 42 50862 23 50898 12 51025 44 51184 69 51358 46 51498 92 51692 47 51825 100 52025 49 52152 107 52358 51 52473 121 52691 53 52801 126 53024 57 53129 132 53357 61 53458 137 53691 76 53788 140 54024 238 54357 238 54690 239 55023 239 55356 239 55689 239 56023 238 56356 238 56689 238 57022 238 57355 238 57688 238 58021 238 58354 238 58687 238 59019 239 59352 239 59685 239 60017 240 60350 240 60682 242 61015 243 61348 245 61681 247 62014 248 62346 251 62679 253 63012 254 63345 256 63678 256 64011 256 64344 258 64676 260 65009 260 65342 260 65675 260 66007 261 66340 261 66673 261 67005 262 67338 262 67671 262 68003 263 68336 261 68668 261 69000 262 69333 261 69665 261 69998 260 70330 261 70662 261 70994 261 71326 261 71659 250 71912 7 71991 250 72246 5 72323 250 72581 2 72655 251 72987 252 73319 253 73651 254 73983 254 74315 255 74647 256 74980 256 75312 258 75644 259 75977 259 76249 6 76309 260 76577 14 76641 261 76909 15 76973 264 77238 19 77306 284 77638 285 77971 285 78303 286 78635 287 78968 287 79300 288 79633 288 79965 289 80298 289 80630 290 80963 290 81295 291 81627 292 81960 292 82293 292 82625 293 82958 293 83290 294 83622 295 83955 295 84287 296 84620 296 84952 297 85285 297 85617 298 85950 297 86282 298 86615 297 86947 297 87280 296 87612 295 87945 294 88277 293 88609 293 88942 292 89274 291 89606 281 89891 1 89893 1 89939 277 90271 276 90604 274 90936 273 91269 271 91601 270 91896 4 91933 269 92225 10 92266 267 92556 13 92598 266 92888 16 92931 264 93220 18 93263 263 93552 19 93596 261 93884 21 93929 260 94216 22 94261 259 94548 23 94594 258 94881 23 94926 258 95213 24 95259 257 95545 26 95592 256 95878 27 95924 256 96210 28 96257 255 96543 28 96589 255 96875 29 96922 255 97208 29 97255 254 97541 29 97587 254 97874 29 97920 254 98206 30 98252 254 98539 30 98585 254 98872 30 98917 254 99205 30 99250 254 99539 29 99583 254 99872 29 99915 255 100205 29 100248 255 100538 29 100581 255 100872 28 100914 256 101205 28 101246 257 101538 28 101579 257 101872 27 101911 259 102206 26 102244 259 102539 26 102577 259 102873 25 102909 260 103206 25 103242 260 103540 24 103575 260 103874 23 103907 262 104208 22 104240 263 104542 21 104572 264 104875 21 104904 266 105209 20 105237 266 105543 19 105568 269 105877 18 105899 272 106211 17 106231 274 106544 17 106563 284 106878 16 106896 286 107211 305 107545 305 107878 305 108212 305 108545 306 108878 307 109211 308 109545 308 109878 308 110211 309 110544 310 110877 311 111210 311 111543 312 111876 313 112209 313 112542 314 112875 314 113207 315 113540 315 113873 315 114206 315 114539 315 114872 315 115205 315 115538 314 115870 315 116203 315 116536 315 116868 316 117201 316 117534 316 117866 317 118199 317 118531 318 118864 318 119195 320 119527 321 119859 322 120191 323 120522 326 120852 361 121219 327 121554 325 121890 322 122225 320 122559 319 122894 317 123228 316 123562 315 123896 314 124230 313 124564 312 124899 310 125233 309 125567 308 125902 306 126236 305 126571 303 126906 301 127240 300 127575 298 127909 297 128243 296 128577 295 128912 293 129246 292 129580 291 129914 290 130248 289 130582 288 130916 287 131250 286 131584 285 131918 284 132253 282 132587 281 132921 280 133256 278 133590 277 133925 275 134259 274 134593 273 134928 271 135262 270 135597 268 135932 266 136266 265 136600 264 136935 262 137269 261 137603 260 137938 258 138272 257 138606 256 138940 255 139275 253 139609 252 139944 250 140278 249 140612 248 140947 246 141281 245 141615 244 141949 243 142284 241 142618 240 142952 239 143286 238 143620 237 143954 236 144288 235 144622 234 144956 233 145290 232 145624 231 145958 230 146291 230 146625 229 146958 229 147291 229 147625 228 147958 228 148291 228 148625 227 148958 227 149291 227 149624 227 149957 227 150290 227 150623 227 150956 227 151289 227 151622 227 151955 227 152288 227 152621 227 152955 226 153288 226 153621 226 153954 226 154287 226 154620 226 154953 226 155286 226 155619 226 155952 226 156285 226 156618 226 156951 226 157284 226 157618 225 157951 225 158284 225 158617 225 158950 225 159283 225 159616 225 159950 224 160283 224 160616 224 160949 224 161282 224 161616 223 161949 223 162282 223 162615 223 162948 223 163281 223 163614 223 163947 223 164280 223 164614 222 164947 222 165280 222 165613 222 165946 221 166280 220
basset_hound_187,14224 9 14720 18 15216 25 15714 29 16212 33 16710 37 17208 41 17706 44 18204 48 18702 52 19201 54 19699 58 20197 61 20696 63 21194 66 21693 68 22191 71 22690 73 23188 76 23687 77 24186 79 24685 80 25184 82 25683 83 26182 84 26681 85 27180 86 27679 88 28179 88 28678 89 29177 90 29676 91 30176 91 30675 92 31174 93 31673 95 32172 96 32671 97 33170 98 33669 100 34168 101 34667 103 35166 104 35665 106 36165 107 36664 109 37163 112 37662 115 38161 118 38660 120 39159 123 39658 125 40157 128 40656 130 41156 131 41655 134 42155 136 42654 138 43154 140 43654 142 44153 145 44653 148 45153 151 45653 154 46152 157 46652 159 47152 161 47652 162 48151 164 48651 165 49151 166 49651 167 50151 168 50651 169 51151 170 51652 170 52152 171 52652 172 53152 172 53652 173 54152 174 54652 174 55152 175 55652 175 56152 176 56652 176 57153 175 57653 175 58153 176 58653 176 59153 176 59653 176 60153 176 60653 176 61153 176 61653 176 62153 176 62654 175 63154 175 63655 174 64155 174 64655 174 65156 173 65656 173 66157 172 66657 172 67158 171 67659 170 68159 170 68660 169 68951 5 69161 168 69446 14 69662 167 69943 19 70163 166 70442 21 70663 166 70942 21 71164 165 71442 22 71665 164 71943 21 72166 163 72373 6 72444 20 72667 162 72870 12 72945 18 73168 161 73368 15 73447 15 73669 160 73866 18 73950 10 74170 159 74365 20 74670 159 74863 22 75171 159 75362 24 75671 158 75861 26 76171 159 76360 27 76671 159 76858 29 77171 159 77357 30 77671 159 77855 32 78171 160 78353 34 78671 160 78851 36 79171 161 79350 37 79671 162 79848 39 80170 163 80346 41 80670 164 80845 42 81169 167 81343 44 81669 218 82168 218 82668 218 83167 218 83666 218 84165 219 84664 218 85163 218 85663 217 86162 216 86662 213 87161 185 87347 2 87357 13 87661 183 88160 183 88660 182 89160 181 89659 182 90159 181 90659 180 91159 180 91658 181 92158 180 92657 181 93157 181 93657 180 94156 181 94656 180 95155 181 95655 180 96155 180 96654 180 97154 180 97654 179 98154 177 98654 176 99153 175 99653 172 100153 169 100653 166 101153 162 101654 152 102154 139 102655 134 103155 131 103656 128 104157 126 104659 122 105159 121 105660 118 106161 115 106661 114 107161 113 107662 111 108161 111 108661 111 109161 110 109660 111 110160 111 110659 111 111159 111 111658 112 112158 111 112658 110 113157 111 113657 110 114157 109 114657 109 115157 108 115657 107 116157 106 116657 106 117156 106 117656 105 118156 104 118656 103 119156 102 119656 101 120156 101 120656 100 121156 99 121656 98 122156 97 122656 96 123156 95 123656 94 124156 93 124656 93 125156 92 125656 91 126156 90 126655 90 127155 90 127655 89 128155 88 128655 87 129155 86 129287 4 129654 86 129785 8 130154 85 130284 9 130654 84 130782 12 131154 83 131281 13 131654 82 131780 14 132153 82 132279 15 132653 81 132778 16 133152 80 133278 15 133652 79 133777 16 134152 78 134276 17 134651 78 134775 18 135151 77 135275 17 135651 75 135774 18 136151 73 136273 18 136651 71 136772 18 137151 68 137271 17 137651 61 137770 17 138151 56 138269 17 138651 54 138768 17 139151 52 139267 17 139651 50 139766 17 140150 51 140265 17 140650 50 140764 16 141150 48 141262 17 141650 47 141761 17 142149 48 142259 18 142649 49 142757 19 143148 52 143219 9 143254 21 143648 54 143715 14 143752 22 144148 55 144210 19 144250 23 144647 82 144749 23 145147 82 145248 23 145647 82 145746 24 146147 82 146245 24 146647 82 146744 24 147146 82 147242 25 147646 82 147741 25 148145 82 148240 25 148645 82 148739 24 149144 83 149238 25 149644 83 149737 25 150144 86 150235 25 150643 116 151143 115 151643 114 152143 113 152643 111 153143 110 153644 108 154144 107 154644 105 155145 103 155645 102 156146 100 156646 99 157147 97 157647 96 158148 94 158649 92 159149 91 159650 89 160151 87 160652 85 161153 82 161654 80 162155 78 162656 75 163157 73 163659 70 164160 67 164661 65 165161 64 165662 62 166163 60 166664 57 167164 56 167665 53 168166 49 168667 46 169168 42 169669 38 170171 32 170672 27 171175 10 197226 5 197725 10 198225 12 198726 9
British_Shorthair_148,59948 4 60229 6 60509 8 60790 10 60824 5 60838 32 61070 14 61093 78 61351 105 61632 109 61913 112 62170 4 62194 118 62450 6 62475 123 62730 8 62756 127 63011 8 63037 129 63292 8 63319 132 63573 8 63600 138 63753 8 63854 8 63881 163 64134 9 64163 164 64415 10 64444 165 64696 10 64725 166 64977 10 65007 165 65258 10 65288 165 65539 10 65569 165 65820 10 65851 163 66101 11 66132 163 66382 11 66414 161 66663 11 66698 157 66944 12 66980 154 67225 12 67262 151 67506 12 67533 4 67542 151 67787 11 67814 6 67822 127 67958 1 67965 1 68068 11 68094 134 68349 11 68375 131 68630 10 68657 129 68911 10 68938 128 69192 9 69219 128 69473 9 69500 128 69648 4 69654 7 69754 8 69781 128 69928 16 70035 8 70062 127 70206 1 70208 17 70316 8 70342 128 70485 22 70598 7 70623 128 70765 23 70879 6 70904 128 71045 24 71160 6 71185 129 71325 25 71441 6 71466 131 71605 25 71722 6 71747 134 71884 27 72003 6 72027 164 72283 7 72308 163 72564 7 72589 161 72845 7 72870 158 73126 7 73151 156 73406 8 73431 154 73687 9 73712 153 73967 10 73992 152 74247 11 74273 150 74527 12 74553 150 74807 13 74832 150 75088 13 75112 150 75369 13 75391 152 75649 9 75668 155 75949 155 76230 155 76512 153 76795 151 77080 147 77364 124 77495 14 77658 108 77779 10 77944 99 78063 7 78229 93 78514 87 78797 84 79080 79 79364 70 79646 65 79930 57 80214 50 80496 46 80780 42 81063 37 81345 33 81630 25 81915 18 82200 9
newfoundland_156,26508 4 26871 23 27242 44 27615 49 27988 53 28361 57 28735 59 29108 62 29482 64 29855 67 30229 68 30601 72 30973 75 31340 84 31712 87 32085 90 32458 92 32831 95 33205 96 33578 98 33952 99 34325 101 34699 102 35073 103 35446 105 35820 106 36194 107 36567 108 36941 109 37314 110 37687 112 38061 112 38435 113 38809 113 39183 114 39556 115 39930 115 40304 116 40678 115 41052 115 41427 115 41801 115 42175 114 42549 114 42923 114 43298 113 43672 113 44046 114 44421 113 44795 113 45169 113 45544 113 45918 113 46293 112 46667 113 47041 113 47416 112 47790 111 48165 110 48540 108 48914 107 49289 105 49663 105 50038 103 50413 102 50787 102 51162 101 51537 100 51911 100 52286 99 52661 98 53035 98 53410 97 53785 96 54159 96 54534 96 54909 95 55283 95 55658 95 56033 94 56408 94 56783 93 57157 94 57532 94 57907 94 58282 94 58657 94 59032 94 59406 94 59781 94 60156 95 60531 95 60906 95 61281 95 61656 95 62031 95 62406 95 62781 95 63156 95 63531 95 63906 95 64281 95 64656 95 65031 95 65406 95 65781 95 66156 95 66531 95 66906 94 67281 94 67656 94 68030 94 68405 94 68780 93 69155 93 69530 93 69905 92 70280 92 70655 91 71030 91 71405 91 71780 90 72154 91 72529 91 72904 91 73279 91 73654 91 74029 91 74404 91 74779 91 75153 93 75528 93 75903 94 76278 94 76653 95 77027 97 77402 98 77777 100 78152 102 78285 4 78526 105 78657 8 78901 108 79031 9 79276 113 79404 11 79650 118 79775 15 80025 140 80399 141 80774 141 81149 141 81523 141 81897 142 82272 142 82646 142 83020 143 83394 143 83768 144 84142 144 84515 146 84888 147 85261 148 85634 149 86007 150 86380 152 86754 152 87127 153 87501 152 87874 153 88248 153 88621 153 88995 152 89368 152 89742 151 90115 151 90488 150 90861 149 91235 149 91607 149 91980 150 92354 149 92726 151 93099 151 93473 151 93845 152 94219 152 94592 153 94966 153 95340 153 95714 153 96088 153 96462 153 96836 153 97210 153 97584 153 97958 153 98333 152 98707 152 99081 151 99456 150 99830 150 100205 149 100579 149 100954 148 101328 148 101703 148 102078 147 102453 147 102827 148 103202 148 103577 148 103952 148 104326 149 104701 149 105076 149 105451 149 105826 150 106201 150 106576 150 106951 151 107326 151 107701 152 108076 152 108450 154 108825 155 109200 155 109575 156 109950 157 110325 158 110700 158 111075 159 111450 160 111825 161 112200 161 112575 162 112950 163 113325 163 113700 163 114075 164 114450 164 114825 164 115200 165 115575 165 115950 165 116325 165 116701 164 117076 164 117451 164 117826 164 118202 164 118577 164 118953 163 119328 163 119703 163 120079 162 120454 162 120830 161 121205 161 121581 160 121956 160 122332 159 122708 158 123084 157 123459 157 123835 157 124212 155 124588 154 124964 153 125341 151 125718 149 126095 147 126472 145 126849 143 127226 141 127603 140 127981 137 128360 133 128746 122 129130 113 129508 110 129885 108 130263 105 130642 101 131019 99 131397 96 131774 94 132151 92 132527 91 132904 89 133280 88 133657 86 134033 85 134409 83 134786 81 135162 80 135539 78 135915 77 136291 76 136668 74 137045 72 137422 70 137799 67 138176 65 138556 60 138936 55 139316 50 139695 46 140073 43 140450 41 140829 37 141205 36 141582 34 141959 32 142336 30 142712 29 143089 27 143466 25 143842 24 144218 23 144595 21 144971 20 145348 18 145724 17 146101 16 146478 14 146856 11 147233 9 147609 8 147986 7 148363 5 148739 4
Siamese_151,4390 20 4872 46 5357 78 5841 99 6335 110 6830 120 7324 129 7820 136 8316 144 8812 152 9309 159 9806 164 10304 167 10801 172 11298 176 11794 181 12153 43 12290 185 12649 58 12786 190 13146 70 13281 196 13644 82 13776 201 14142 93 14265 213 14503 24 14639 339 15001 32 15138 340 15501 40 15636 342 16001 69 16134 345 16501 79 16633 346 17001 84 17131 348 17501 88 17629 350 18001 92 18128 351 18501 96 18625 354 19001 101 19123 356 19501 108 19619 360 20001 477 20501 477 21001 477 21501 477 22001 477 22501 477 23001 477 23501 477 24001 477 24501 477 25001 476 25501 476 26001 476 26501 476 27001 476 27501 476 28001 477 28501 477 29001 477 29501 477 30001 477 30501 477 31001 477 31501 477 32001 477 32501 477 33001 478 33501 478 34001 478 34501 478 35001 479 35501 479 36001 479 36502 478 37002 478 37503 478 38003 478 38503 478 39003 478 39503 478 40003 478 40503 478 41004 477 41504 477 42004 477 42504 477 43004 476 43504 476 44005 475 44505 475 45006 474 45506 475 46007 474 46507 474 47008 473 47509 472 48010 471 48511 470 49012 470 49513 469 50014 469 50516 468 51017 468 51519 468 52021 467 52523 467 53025 467 53527 467 54029 467 54531 470 55032 469 55533 468 56035 466 56536 465 57037 464 57538 463 58039 462 58541 460 59042 459 59542 459 60043 458 60544 457 61045 456 61546 455 62047 454 62547 454 63048 453 63549 452 64049 452 64550 451 65051 450 65552 449 66053 448 66553 448 67054 447 67554 447 68055 446 68556 445 69056 445 69556 445 70057 444 70557 444 71058 443 71558 443 72059 442 72559 442 73059 442 73559 442 74059 442 74559 442 75059 442 75559 442 76059 442 76559 442 77059 442 77559 442 78060 441 78560 441 79060 441 79560 441 80060 441 80560 441 81061 440 81561 440 82061 440 82561 440 83061 440 83561 440 84061 440 84561 440 85061 440 85561 440 86061 440 86561 440 87061 440 87561 440 88061 440 88562 439 89062 439 89562 439 90062 439 90562 439 91062 439 91562 439 92062 439 92562 439 93062 439 93562 439 94062 439 94562 439 95063 438 95563 438 96063 438 96563 438 97063 438 97563 438 98064 437 98564 437 99064 437 99564 437 100064 437 100565 436 101065 436 101565 436 102065 436 102566 435 103066 435 103567 434 104067 434 104568 433 105068 433 105569 432 106070 431 106570 431 107070 431 107571 430 108071 430 108572 429 109072 429 109572 429 110072 429 110572 429 111073 428 111573 428 112073 428 112572 429 113072 429 113572 429 114072 429 114571 430 115071 430 115570 431 116070 431 116570 431 117069 432 117569 432 118068 433 118568 433 119067 434 119567 434 120066 435 120566 435 121065 436 121564 437 122063 438 122562 439 123062 439 123561 440 124060 441 124559 442 125057 444 125556 445 126055 446 126554 447 127052 449 127551 450 128050 451 128549 452 129047 454 129546 455 130045 456 130543 458 131042 459 131541 460 132039 462 132538 463 133037 464 133536 465 134035 466 134534 467 135033 468 135532 469 136030 471 136529 472 137028 473 137526 475 138025 476 138524 477 139023 478 139522 479 140020 481 140519 482 141018 483 141517 484 142016 485 142515 486 143014 487 143514 487 144013 488 144512 489 145012 489 145511 490 146010 489 146509 468 147008 463 147508 459 148007 457 148506 455 149006 452 149505 451 150005 448 150503 447 151003 445 151503 442 152002 441 152502 438 153001 437 153501 435 154001 432 154501 430 155001 428 155501 425 156001 422 156501 420 157001 418 157501 416 158001 414 158501 411 159001 410 159501 407 160001 405 160501 401 161001 398 161501 394 162001 390 162501 261 162773 113 163001 246 163302 2 163306 73 163502 224 163843 28 164002 193 164503 178 165006 121 165139 35 165506 107 165649 18 166011 90
newfoundland_88,42349 18 42841 28 43337 34 43834 39 44332 43 44830 47 45254 12 45328 51 45740 58 45823 58 46234 150 46730 157 47226 163 47720 171 48214 179 48712 183 49211 186 49710 189 50210 192 50605 6 50710 194 51100 15 51211 195 51598 21 51711 197 52096 26 52211 199 52595 30 52712 200 53093 35 53212 202 53592 39 53659 12 53712 203 54091 45 54151 23 54213 202 54589 86 54713 203 55088 88 55214 202 55586 91 55714 202 56084 94 56215 201 56582 97 56715 201 57080 100 57215 201 57578 103 57716 199 58077 105 58216 199 58575 108 58717 197 59074 110 59218 196 59573 112 59719 194 60071 115 60219 193 60570 117 60720 190 61070 117 61221 187 61569 119 61722 184 62068 121 62224 179 62567 123 62725 174 63067 124 63226 169 63566 126 63727 165 64066 127 64228 162 64565 129 64730 158 65065 130 65231 156 65565 131 65733 153 66065 133 66234 151 66565 134 66735 149 67064 136 67236 147 67564 136 67737 145 68064 137 68238 143 68564 137 68739 141 69064 138 69239 141 69563 139 69740 139 70063 139 70240 138 70563 140 70740 138 71063 140 71240 137 71563 140 71740 137 72063 140 72240 136 72563 141 72740 136 73062 142 73240 135 73562 142 73739 136 74062 141 74239 136 74561 141 74738 136 75061 141 75238 136 75561 140 75738 136 76060 140 76237 137 76560 139 76737 137 77060 139 77237 137 77560 139 77737 137 78060 139 78237 137 78560 139 78736 138 79060 139 79236 138 79560 139 79735 139 80060 140 80235 139 80560 140 80734 140 81060 141 81234 140 81560 141 81733 141 82060 142 82233 141 82560 142 82732 142 83060 142 83232 143 83560 142 83731 144 84060 143 84231 145 84560 143 84730 146 85060 143 85230 147 85560 143 85729 148 86061 142 86229 149 86561 142 86728 151 87061 142 87228 152 87561 142 87728 153 88061 142 88227 155 88562 140 88727 157 89062 140 89227 158 89562 140 89726 161 90063 138 90226 163 90563 138 90726 166 91064 137 91225 170 91565 135 91724 176 92065 135 92223 180 92565 135 92722 184 93066 133 93221 186 93567 132 93720 189 94067 132 94218 191 94568 131 94716 194 95068 132 95215 195 95569 133 95712 198 96070 135 96209 201 96570 340 97071 339 97572 337 98073 336 98573 336 99074 334 99575 332 100076 330 100576 329 101077 327 101578 324 102078 323 102579 320 103080 316 103581 83 103677 192 103887 1 104082 71 104183 182 104583 62 104686 176 105084 56 105188 173 105585 52 105690 169 106087 47 106193 164 106588 44 106696 160 107089 42 107198 71 107289 66 107590 39 107701 17 107727 31 107794 59 108092 35 108298 53 108593 32 108801 48 109095 28 109305 40 109596 25 109809 31 110097 22 110312 24 110598 19 110814 19 111100 15 111317 13 111602 11 111820 7 112104 7
Ragdoll_257,5895 4 6098 7 6301 9 6505 11 6709 12 6913 13 7117 14 7146 3 7321 15 7351 3 7525 16 7556 2 7728 18 7761 2 7930 22 7966 1 8131 27 8332 36 8534 41 8736 45 8939 48 9141 52 9344 54 9546 56 9748 59 9951 61 10153 63 10356 65 10558 67 10761 69 10964 71 11167 73 11371 74 11575 75 11778 77 11982 78 12185 80 12389 81 12592 83 12795 85 12998 87 13201 89 13404 92 13608 93 13812 94 14016 95 14220 96 14424 97 14628 98 14832 99 15035 100 15240 100 15443 102 15648 103 15852 104 16056 105 16260 107 16464 109 16668 111 16873 112 17077 115 17281 117 17485 118 17689 120 17894 120 18098 121 18302 123 18507 123 18711 124 18914 126 19118 127 19322 128 19524 131 19727 133 19930 134 20133 136 20336 136 20539 136 20742 137 20945 138 21148 139 21349 143 21551 145 21753 148 21956 149 22160 149 22364 150 22568 150 22772 151 22976 151 23181 151 23385 152 23590 152 23794 153 23999 153 24203 154 24408 155 24612 157 24817 158 25021 160 25226 162 25431 163 25636 166 25840 169 26045 170 26250 171 26455 172 26660 173 26865 173 27069 175 27274 175 27479 175 27684 175 27890 174 28095 174 28300 174 28505 175 28710 174 28915 174 29120 174 29325 143 29479 20 29530 135 29686 18 29735 123 29894 15 29941 117 30100 14 30146 115 30307 11 30351 113 30513 10 30556 111 30720 7 30761 110 30927 5 30966 109 31171 108 31377 106 31582 105 31788 103 31993 102 32198 101 32404 99 32609 98 32815 96 33020 95 33226 93 33431 93 33636 92 33842 90 34047 89 34252 88 34458 87 34663 86 34868 85 35073 84 35279 82 35484 81 35689 80 35894 78 36099 77 36305 74 36510 73 36716 70 36921 16 36945 45 37127 9 37156 35 37333 5 37367 23 37577 9
basset_hound_37,17442 5 17941 7 18439 10 18938 12 19437 14 19936 16 20435 17 20934 19 21432 21 21931 23 22430 24 22929 25 23428 26 23926 28 24425 30 24923 32 25421 34 25919 36 26417 37 26915 39 27413 40 27912 41 28410 42 28908 43 29407 43 29905 44 30403 45 30901 46 31303 15 31399 46 31792 32 31897 47 32286 41 32395 48 32781 48 32893 49 33275 57 33391 49 33699 5 33765 69 33889 50 34196 9 34257 79 34387 51 34693 12 34752 86 34885 52 35191 15 35248 91 35384 51 35689 17 35745 96 35882 52 36187 20 36241 101 36381 52 36684 23 36736 108 36879 53 37182 26 37232 114 37378 53 37679 30 37727 121 37877 52 38176 33 38224 125 38375 53 38674 37 38721 130 38873 53 39172 181 39371 54 39670 185 39869 55 40169 190 40366 57 40667 255 41165 257 41664 257 42163 257 42661 258 43160 259 43658 260 44157 260 44656 260 45154 262 45652 263 46151 263 46650 264 47148 265 47647 265 48145 266 48644 267 49142 268 49641 269 50140 270 50638 272 51137 273 51636 274 52134 276 52633 277 53132 278 53631 279 54129 280 54628 282 55127 283 55626 284 56125 285 56624 286 57123 287 57622 288 58122 289 58621 290 59121 290 59620 291 60120 291 60620 292 61119 293 61619 293 62119 293 62618 295 62960 5 63118 295 63458 9 63618 295 63956 12 64118 295 64455 13 64618 295 64953 15 65117 296 65452 17 65617 297 65951 18 66117 297 66450 20 66617 297 66949 21 67117 297 67449 21 67617 297 67948 22 68117 297 68447 23 68617 297 68947 22 69117 297 69447 22 69617 297 69946 23 70116 298 70446 22 70616 298 70945 23 71116 299 71444 24 71616 299 71943 24 72116 298 72441 26 72617 297 72938 28 73117 297 73435 30 73617 297 73933 32 74117 296 74431 33 74618 295 74929 35 75118 295 75426 37 75619 294 75922 41 76120 294 76416 46 76621 340 77130 331 77640 320 78141 319 78641 318 79142 316 79642 316 80143 314 80643 314 81143 313 81644 311 82144 310 82644 309 83145 308 83645 307 84145 306 84646 304 85146 304 85646 303 86146 302 86647 301 87147 300 87647 300 88148 298 88648 298 89148 297 89649 296 90149 296 90649 295 91150 294 91650 293 92151 292 92651 292 93152 290 93652 290 94153 289 94654 288 95154 287 95655 286 96156 285 96657 284 97158 283 97659 282 98159 281 98660 280 99161 279 99662 278 100163 278 100664 277 101165 276 101667 274 102168 273 102669 272 103170 271 103672 269 104173 268 104675 266 105177 264 105679 262 106181 260 106683 257 107185 255 107688 252 108190 250 108692 248 109194 246 109696 243 110198 241 110699 240 111200 239 111701 238 112202 236 112703 235 113204 234 113705 232 114206 231 114707 229 115208 228 115709 226 116210 225 116712 222 117214 220 117716 217 118219 214 118724 208 119229 202 119733 198 120236 194 120739 190 121243 185 121747 180 122252 174 122754 170 123257 165 123758 163 124259 160 124760 158 125261 156 125761 155 126262 153 126762 153 127262 152 127762 151 128262 151 128762 151 129262 150 129762 150 130262 149 130762 149 131262 148 131761 149 132261 148 132761 148 133261 147 133761 147 134260 147 134760 147 135260 146 135760 146 136259 146 136759 146 137259 145 137759 145 138259 144 138759 143 139259 143 139759 142 140259 141 140758 142 141258 141 141758 140 142258 139 142758 138 143258 137 143758 135 144257 135 144757 134 145257 132 145757 131 146257 130 146757 129 147257 128 147757 128 148257 127 148756 128 149256 128 149756 128 150256 128 150756 128 151256 127 151756 127 152255 128 152755 128 153255 128 153755 127 154255 127 154754 128 155254 127 155754 127 156254 126 156754 126 157254 126 157754 125 158254 125 158754 125 159254 124 159754 124 160254 123 160754 123 161254 123 161754 122 162254 122 162754 122 163254 121 163754 121 164254 121 164754 121 165254 120 165754 120 166254 120 166754 120 167254 119 167754 119 168254 119 168754 119 169254 118 169754 118 170254 118 170754 117 171254 117 171754 117 172254 116 172754 116 173254 116 173754 116 174254 115 174754 115 175254 115 175753 115 176253 115 176753 115 177253 114 177753 114 178253 114 178753 113 179253 113 179753 113 180253 112 180753 112 181253 112 181753 112 182253 111 182753 111 183253 111 183753 111 184254 109 184754 109 185255 107 185756 105 186257 103 186757 102 187259 99
Bengal_32,29808 32 30137 42 30467 52 30796 63 31127 80 31225 7 31456 117 31786 121 32118 123 32448 127 32779 130 33111 131 33441 134 33772 137 34103 139 34434 141 34765 143 35096 145 35427 147 35758 150 36090 151 36421 153 36753 154 37084 156 37415 158 37747 160 38078 162 38410 163 38741 165 39073 166 39405 167 39736 169 40068 170 40400 171 40731 173 41063 174 41395 175 41727 176 42059 177 42391 178 42723 179 43055 180 43387 181 43719 182 44051 183 44383 184 44715 185 45047 187 45379 188 45711 189 46044 189 46376 190 46708 191 47040 192 47372 194 47705 194 48037 195 48369 196 48701 197 49034 197 49366 199 49698 200 50031 200 50363 201 50695 202 51028 202 51360 203 51692 205 52025 205 52357 206 52690 206 53022 207 53354 209 53687 209 54019 210 54352 211 54684 212 55017 212 55349 213 55681 215 56014 215 56347 216 56679 217 57012 217 57344 218 57677 218 58010 219 58343 219 58675 220 59008 221 59341 221 59674 221 60006 223 60339 223 60672 224 61004 225 61337 226 61670 227 62003 227 62335 229 62668 229 63001 230 63334 230 63667 231 64000 231 64333 232 64665 234 64998 234 65331 235 65664 235 65997 236 66330 236 66663 237 66997 237 67330 237 67663 237 67996 238 68329 238 68662 239 68995 239 69328 240 69661 240 69993 242 70326 242 70659 243 70992 243 71325 244 71658 244 71991 245 72323 247 72656 247 72950 8 72988 249 73282 13 73321 249 73614 17 73654 250 73947 21 73986 251 74280 25 74318 253 74614 27 74650 254 74947 291 75281 290 75615 290 75949 289 76283 289 76617 288 76951 288 77285 287 77619 287 77953 286 78287 285 78621 285 78955 284 79289 283 79624 281 79958 280 80292 280 80626 279 80960 278 81295 276 81629 275 81963 274 82297 273 82631 272 82965 271 83300 269 83634 268 83967 268 84301 267 84635 266 84969 265 85302 265 85636 264 85969 264 86303 263 86636 263 86969 263 87303 262 87636 262 87969 261 88302 261 88635 261 88969 260 89302 260 89635 260 89968 259 90301 259 90634 259 90967 259 91300 259 91633 258 91965 259 92298 259 92631 259 92964 258 93297 258 93630 258 93963 258 94296 258 94629 258 94961 258 95294 258 95627 258 95960 258 96293 258 96626 258 96959 258 97292 257 97625 257 97958 257 98291 257 98624 257 98957 257 99290 257 99624 256 99957 256 100290 256 100623 256 100956 256 101289 256 101622 256 101955 256 102288 256 102621 256 102954 256 103287 256 103620 256 103954 255 104287 254 104620 254 104953 254 105286 254 105619 254 105952 254 106285 253 106618 253 106951 253 107285 252 107618 251 107951 251 108284 250 108617 250 108950 250 109283 249 109616 249 109949 248 110282 248 110615 247 110948 246 111281 246 111613 246 111946 246 112279 245 112612 245 112944 245 113277 244 113610 244 113942 244 114274 245 114607 244 114939 244 115271 245 115603 245 115935 245 116267 246 116599 246 116931 245 117263 245 117594 246 117926 245 118258 244 118590 242 118922 240 119254 238 119586 236 119918 235 120250 234 120582 233 120914 232 121247 230 121579 229 121911 124 122050 88 122243 118 122388 81 122576 71 122660 31 122724 75 122908 67 123005 12 123061 67 123240 66 123399 59 123573 64 123736 50 123905 63 124077 34 124238 61 124571 58 124903 56 125236 50 125569 40 125903 33 126236 28 126570 22 126904 15 127239 9
scottish_terrier_29,71414 2 71748 4 72083 5 72418 5 72753 5 73087 6 73422 6 73757 7 74092 7 74427 7 74762 8 75097 8 75432 9 75767 10 75880 14 76102 12 76211 40 76437 16 76543 55 76772 18 76826 10 76876 64 77107 22 77156 18 77209 83 77442 25 77486 25 77541 88 77777 27 77818 30 77874 92 78113 72 78207 95 78448 75 78539 99 78783 78 78872 102 79118 192 79453 194 79789 195 80124 196 80459 198 80794 201 81129 204 81465 206 81800 208 82135 211 82470 212 82806 213 83141 214 83476 215 83811 216 84147 216 84482 217 84817 218 85152 218 85488 218 85823 218 86158 219 86494 218 86829 218 87165 217 87500 217 87836 216 88171 216 88507 214 88842 214 89177 214 89513 213 89848 214 90184 213 90519 213 90854 213 91190 212 91525 212 91860 212 92196 211 92531 211 92866 211 93201 211 93537 183 93725 22 93872 149 94024 30 94062 19 94207 148 94360 28 94399 17 94543 145 94696 27 94739 12 94878 144 95032 25 95075 10 95213 144 95368 24 95412 7 95548 143 95704 23 95731 4 95750 3 95884 142 96039 23 96066 3 96219 142 96374 23 96400 4 96554 142 96710 22 96734 6 96889 142 97045 31 97224 142 97380 31 97559 142 97716 31 97894 142 98051 31 98229 142 98386 31 98564 142 98721 32 98899 143 99056 32 99234 143 99391 33 99569 144 99726 34 99763 5 99904 144 100061 34 100096 7 100238 145 100396 42 100573 144 100731 42 100908 143 101066 42 101243 139 101401 42 101578 139 101736 42 101913 138 102071 42 102247 137 102406 42 102582 134 102741 42 102917 133 103075 43 103251 133 103410 43 103586 132 103744 44 103921 131 104079 44 104255 131 104413 45 104590 131 104748 45 104925 131 105082 47 105259 132 105416 50 105593 133 105750 52 105928 133 106084 53 106262 135 106416 56 106596 136 106745 62 106930 138 107076 66 107264 213 107598 215 107931 217 108264 219 108576 11 108596 222 108910 243 109244 244 109579 244 109914 246 110249 246 110584 246 110919 246 111254 246 111589 246 111925 245 112260 245 112595 244 112931 243 113266 242 113602 241 113938 240 114274 239 114611 237 114947 236 115285 232 115622 230 115959 43 116010 177 116297 36 116349 173 116638 25 116686 172 117023 170 117360 168 117696 167 118032 167 118370 164 118706 163 119043 161 119380 158 119717 156 120053 154 120390 150 120726 147 121062 144 121399 140 121735 139 122072 136 122408 135 122745 132 123081 130 123418 127 123755 123 124091 120 124427 118 124763 116 125099 113 125436 110 125772 109 126108 107 126444 106 126780 104 127116 103 127452 101 127788 99 128125 97 128461 95 128797 93 129134 91 129471 88 129808 85 130145 83 130484 79 130827 70 131165 67 131503 63 131839 62 132176 59 132512 57 132848 56 133185 53 133521 51 133857 48 134194 45 134532 41 134869 38 135206 35 135543 31 135881 24 136220 12
basset_hound_88,6675 18 6789 12 7005 25 7118 19 7334 35 7447 26 7666 40 7778 31 7997 45 8109 35 8329 52 8440 40 8662 54 8772 44 8995 56 9104 48 9328 59 9435 57 9662 60 9767 62 9998 8 10026 31 10098 69 10365 28 10429 77 10701 26 10760 81 11037 25 11091 85 11374 24 11422 90 11708 24 11753 94 11863 9 12044 24 12081 104 12191 17 12378 165 12713 165 13047 167 13382 167 13716 169 14050 171 14384 172 14718 179 15051 181 15385 138 15529 38 15719 130 15871 29 16052 127 16207 24 16386 124 16542 20 16719 121 16881 8 17052 119 17386 116 17719 114 18052 113 18386 109 18719 106 19052 105 19385 103 19719 100 20052 98 20385 97 20718 95 21051 94 21384 93 21717 93 22050 92 22383 91 22716 91 23049 90 23382 90 23715 90 24048 90 24381 90 24714 90 25047 90 25380 90 25713 90 26046 91 26379 91 26712 91 27046 91 27379 92 27712 92 28045 93 28378 93 28711 94 29044 95 29377 96 29710 97 30043 98 30376 99 30710 99 31043 100 31376 101 31709 102 32042 103 32375 104 32708 105 33042 105 33375 106 33708 107 34041 107 34374 108 34708 108 35041 108 35374 109 35707 109 36040 110 36373 110 36706 111 37040 110 37373 110 37706 110 38039 110 38372 110 38706 109 39039 109 39372 109 39705 108 40039 107 40372 107 40705 107 41038 107 41371 106 41705 105 42038 105 42371 105 42704 105 43038 103 43371 103 43704 103 44037 103 44371 102 44704 102 45037 102 45370 102 45704 101 46037 101 46371 100 46704 100 47037 101 47370 101 47704 101 48037 101 48370 102 48704 101 49037 102 49370 103 49704 102 50037 103 50371 103 50704 103 51037 104 51371 104 51704 104 52037 105 52371 105 52704 105 53038 105 53371 106 53704 106 54038 106 54371 106 54705 106 55038 107 55371 107 55705 107 56038 107 56371 108 56705 107 57038 108 57371 108 57705 108 58038 108 58372 108 58705 108 59038 109 59371 109 59705 109 60038 109 60372 109 60705 109 61038 110 61371 110 61705 109 62038 110 62371 110 62705 110 63038 110 63371 110 63704 111 64037 111 64370 112 64704 111 65037 111 65370 112 65703 112 66036 112 66369 113 66702 113 67035 113 67368 114 67701 114 68034 115 68367 115 68700 115 69033 116 69366 116 69699 116 70032 117 70365 117 70698 118 71031 118 71364 119 71697 120 72030 120 72363 121 72696 122 73029 123 73361 126 73694 127 74027 128 74360 130 74692 132 75025 135 75358 136 75690 139 76023 141 76355 144 76687 147 77019 151 77351 154 77683 157 78015 160 78347 162 78678 165 79009 168 79341 170 79672 173 80004 175 80335 178 80666 180 80998 182 81329 185 81661 187 81993 188 82324 191 82655 193 82987 195 83318 197 83649 199 83981 201 84313 202 84645 203 84866 4 84977 205 85196 8 85309 207 85526 12 85641 185 85832 18 85857 14 85973 183 86168 16 86188 16 86306 181 86504 33 86638 179 86839 31 86970 179 87173 30 87302 178 87507 29 87635 176 87841 28 87967 108 88085 57 88176 25 88299 107 88419 55 88510 5 88522 12 88632 105 88754 52 88844 3 88857 10 88964 105 89088 51 89191 8 89296 105 89422 49 89525 7 89628 105 89756 48 89859 5 89960 105 90089 47 90193 3 90293 88 90385 13 90423 46 90625 89 90720 10 90756 46 90957 91 91054 8 91090 45 91289 93 91389 5 91423 44 91622 94 91722 4 91757 43 91954 96 92054 5 92091 41 92286 107 92425 40 92619 108 92758 40 92951 110 93093 37 93283 113 93427 36 93616 114 93760 35 93948 116 94094 34 94281 117 94427 34 94613 119 94759 34 94945 121 95092 33 95278 121 95425 33 95611 122 95758 32 95943 124 96091 31 96276 125 96423 32 96609 126 96756 31 96942 127 97089 30 97275 127 97422 29 97608 127 97755 28 97941 128 98088 27 98274 128 98421 26 98608 127 98754 24 98941 127 99087 23 99274 127 99420 22 99608 126 99753 21 99941 126 100087 18 100275 125 100420 17 100608 125 100753 15 100941 125 101086 14 101275 124 101419 12 101608 124 101753 9 101942 123 102086 7 102275 122 102609 120 102943 118 103276 118 103610 116 103943 116 104277 114 104610 113 104944 112 105277 111 105611 109 105944 109 106278 107 106611 107 106944 107 107278 105 107611 105 107945 104 108278 103 108612 102 108945 102 109279 100 109613 99 109947 98 110281 97 110615 95 110950 93 111284 91 111619 61 111689 19 111953 58 112027 13 112287 55 112364 7 112621 53 112956 49 113290 47 113625 44 113959 42 114294 39 114629 36 114964 33 115298 31 115633 28 115968 26 116302 24 116638 19 116975 14 117313 7
american_bulldog_3,68133 4 68420 5 68707 6 68994 7 69281 7 69568 8 69855 8 70143 7 70430 7 70718 5 71007 2 83577 4 83863 8 84149 10 84435 14 84508 17 84721 16 84787 27 84838 6 85007 18 85069 36 85124 8 85294 20 85326 1 85331 61 85411 8 85573 30 85607 70 85700 5 85858 104 86142 102 86428 101 86713 100 86999 97 87285 96 87571 97 87857 97 88144 97 88430 98 88717 98 89004 98 89291 98 89578 98 89865 98 90152 99 90439 100 90726 100 91013 101 91300 102 91587 103 91874 104 92161 106 92448 107 92735 108 93022 109 93309 110 93595 112 93882 113 94169 114 94456 116 94743 117 95030 119 95316 122 95603 124 95890 126 96177 126 96464 126 96751 126 97038 126 97325 126 97612 126 97898 126 98185 126 98472 126 98759 125 99045 125 99332 125 99619 123 99906 122 100193 121 100480 121 100619 8 100628 4 100767 120 100904 17 101054 120 101190 18 101341 121 101474 21 101629 121 101759 23 101916 123 102043 26 102203 152 102490 151 102777 150 103064 6 103073 140 103351 6 103362 136 103638 4 103651 128 103939 124 104239 109 104532 101 104824 94 105114 74 105196 8 105403 64 105692 59 105980 46 106268 41 106557 32 106845 28 107136 22 107430 12
Bengal_47,5435 4 5809 6 6184 6 6558 7 6932 9 7306 10 7681 11 8055 12 8429 13 8803 14 9178 15 9552 16 9926 17 10300 18 10675 18 11049 20 11423 21 11798 21 12172 22 12546 23 12920 25 13295 25 13669 26 14043 27 14418 28 14792 29 15166 30 15541 30 15915 31 16290 31 16664 33 17038 34 17413 34 17788 34 18162 35 18536 37 18911 37 19285 38 19660 38 20034 39 20409 40 20783 41 21158 41 21533 41 21907 43 22282 43 22656 44 23031 44 23406 45 23780 46 24155 46 24530 46 24905 47 25279 48 25654 48 26029 48 26404 49 26778 50 27153 50 27528 50 27903 50 28278 51 28652 52 29027 52 29402 52 29777 53 30152 53 30527 53 30901 54 31276 54 31651 54 32026 55 32401 55 32776 55 33151 55 33526 55 33901 55 34276 55 34651 56 35026 56 35401 56 35776 56 36151 56 36526 56 36901 57 37276 57 37651 57 38026 57 38401 57 38776 57 39151 58 39526 58 39901 58 40276 58 40651 59 41026 59 41401 59 41776 59 42151 60 42526 60 42902 59 43277 59 43652 60 44027 60 44402 60 44777 61 45152 61 45527 61 45903 60 46278 61 46653 61 47028 61 47403 61 47778 61 48154 61 48529 61 48904 61 49279 61 49654 62 50030 61 50405 61 50780 61 51155 62 51531 61 51906 61 52281 61 52656 61 53031 61 53406 62 53782 61 54157 61 54532 61 54907 61 55282 62 55658 61 56033 61 56408 61 56783 61 57158 61 57534 61 57909 61 58284 61 58659 62 59034 62 59410 61 59785 61 60160 61 60535 62 60911 61 61286 61 61661 61 62036 61 62411 62 62787 61 63162 61 63537 62 63912 62 64288 61 64663 62 65038 62 65413 63 65788 64 66164 64 66539 66 66620 21 66914 68 66989 30 67289 107 67665 108 68040 109 68415 110 68790 112 69166 113 69541 114 69916 115 70291 115 70667 114 71042 114 71417 114 71792 114 72168 113 72543 113 72918 112 73293 112 73669 111 74044 111 74419 111 74794 112 75169 112 75544 112 75919 112 76294 112 76669 112 77044 112 77419 113 77794 113 78169 113 78544 113 78918 117 79293 119 79667 121 80042 122 80416 124 80790 126 81135 9 81163 128 81509 17 81529 138 81884 159 82259 160 82634 161 83010 161 83386 160 83762 160 84138 159 84514 159 84890 158 85266 157 85642 156 86018 155 86394 154 86769 154 87145 153 87521 152 87896 153 88272 152 88647 152 89022 152 89398 151 89773 151 90148 151 90524 150 90899 150 91274 150 91649 150 92024 150 92399 150 92774 150 93149 150 93524 150 93899 150 94274 150 94649 150 95024 150 95399 149 95774 149 96149 149 96524 149 96899 148 97274 148 97648 149 98023 149 98398 148 98773 148 99148 148 99523 148 99898 148 100273 147 100649 146 101024 146 101399 146 101774 146 102149 146 102524 146 102899 146 103274 146 103649 146 104024 146 104399 146 104774 146 105150 145 105525 145 105899 146 106274 146 106649 146 107024 146 107399 146 107773 147 108148 147 108522 148 108897 148 109271 150 109646 150 110020 152 110394 153 110769 154 111143 155 111517 156 111892 157 112266 159 112640 161 113014 164 113388 167 113762 173 114137 58 114205 107 114512 53 114584 105 114887 41 114963 103 115262 33 115343 99 115638 27 115725 94 116015 19 116105 90 116502 70 116883 66 117261 64 117638 64 118016 63 118393 62 118772 4 118779 53 119162 47 119540 45 119926 2 119934 27 120316 21 120693 20 121070 20 121446 20 121822 21 122199 20 122575 20 122951 20 123328 19 123704 18 124079 19 124456 17 124831 18 125207 17 125583 16 125959 16 126335 15 126710 15 127086 14 127462 12 127838 11 128213 11 128589 10 128965 8 129342 5
Egyptian_Mau_140,15894 2 16270 2 16645 3 17020 3 17395 4 17770 5 18146 4 18521 4 18896 5 19272 4 19647 5 20023 4 20398 4 20773 5 21149 4 21524 5 21899 5 22275 5 22650 5 23025 5 23400 6 23776 5 24151 5 24526 6 24901 6 25276 7 25652 6 26027 6 26402 7 26777 7 27153 7 27528 7 27903 7 28278 8 28653 8 29028 9 29404 8 29779 9 30154 9 30529 10 30904 11 31279 12 31654 13 32029 14 32404 17 32779 19 33154 23 33529 27 33904 30 34279 34 34654 40 35029 42 35404 45 35779 50 36154 53 36529 59 36904 63 37279 69 37654 76 38029 82 38404 87 38779 111 39154 118 39529 122 39904 124 40279 126 40654 128 41029 116 41154 5 41404 113 41531 5 41779 112 41910 3 42154 110 42529 109 42904 108 43279 107 43654 106 44029 106 44404 105 44779 104 45154 103 45529 102 45904 101 46279 101 46654 100 47029 98 47404 97 47779 96 48154 96 48529 95 48904 94 49279 92 49654 90 50029 89 50404 88 50779 87 51154 86 51529 86 51904 86 52279 85 52654 85 53030 84 53405 84 53780 84 54155 84 54531 83 54906 83 55281 83 55657 82 56032 82 56407 81 56783 80 57158 80 57533 81 57908 81 58001 3 58284 80 58374 5 58659 81 58748 6 59034 81 59122 7 59410 81 59495 9 59785 82 59869 10 60160 94 60535 93 60910 93 61286 92 61661 91 62036 91 62411 90 62786 90 63161 89 63537 88 63912 88 64287 87 64662 87 65037 86 65413 84 65788 78 66163 78 66538 78 66913 77 67288 77 67663 76 68038 77 68414 76 68789 76 69164 76 69539 76 69914 76 70289 77 70664 77 71039 77 71414 77 71790 76 72165 77 72540 77 72915 77 73290 77 73666 77 74041 77 74416 77 74791 78 75167 77 75542 77 75917 77 76292 78 76668 77 77043 77 77418 77 77794 76 78169 77 78544 77 78920 76 79295 76 79670 77 80045 77 80421 76 80796 77 81171 77 81546 78 81922 78 82297 79 82672 79 83047 80 83423 80 83798 82 84173 83 84548 85 84924 87 85299 103 85674 108 86049 110 86424 112 86799 112 87175 111 87550 112 87925 112 88299 114 88674 114 89049 115 89424 115 89799 115 90173 117 90548 117 90922 118 91296 120 91670 121 92044 123 92418 124 92792 125 93165 128 93539 129 93912 132 94286 134 94660 136 95034 138 95408 140 95782 142 96155 146 96529 148 96903 151 97277 153 97651 155 98025 157 98399 158 98773 160 99148 160 99522 161 99897 144 100053 5 100271 142 100646 139 101020 139 101395 137 101769 136 102144 134 102518 134 102893 132 103267 132 103642 131 104017 130 104391 130 104766 129 105140 129 105515 128 105889 81 105971 46 106264 81 106346 45 106638 127 107012 128 107387 127 107761 127 108135 128 108510 127 108884 127 109258 128 109633 127 110007 127 110382 126 110756 126 111131 125 111506 124 111881 123 112256 122 112630 81 112716 36 113005 76 113092 33 113380 77 113468 31 113755 77 113844 29 114129 78 114219 28 114504 78 114595 26 114878 79 114970 25 115253 79 115344 25 115627 80 115719 24 116002 81 116094 22 116376 82 116469 21 116750 84 116844 19 117125 84 117219 17 117499 85 117595 13 117874 85 118248 85 118623 85 118998 83 119372 84 119747 83 120122 83 120497 83 120872 83 121248 82 121623 82 121999 80 122375 79 122751 78 123098 3 123126 79 123470 9 123501 80 123842 13 123876 80 124213 18 124250 81 124386 19 124585 23 124624 82 124758 41 124957 27 124998 84 125129 46 125330 30 125371 86 125502 49 125704 32 125745 88 125874 52 126078 36 126118 91 126248 54 126453 131 126622 56 126828 132 126996 57 127203 134 127371 58 127579 134 127746 58 127954 135 128121 59 128329 139 128496 59 128704 140 128871 60 129080 140 129246 61 129455 141 129621 62 129831 143 129997 62 130206 145 130372 63 130581 146 130747 63 130957 146 131108 2 131122 63 131332 148 131482 3 131498 62 131707 153 131874 61 132082 154 132249 61 132457 154 132625 60 132833 153 133001 59 133208 153 133379 56 133583 152 133756 54 133958 152 134132 53 134333 152 134508 51 134708 152 134883 51 135083 152 135259 49 135458 152 135634 47 135833 152 136010 42 136208 152 136385 41 136583 152 136760 40 136958 148 137107 3 137136 38 137333 148 137483 1 137511 38 137708 148 137886 37 138083 148 138262 35 138457 149 138638 33 138832 148 139013 33 139207 148 139389 32 139582 147 139764 32 139957 146 140140 31 140332 145 140516 29 140707 144 140892 26 141081 145 141268 23 141456 145 141644 15 141831 145 142020 11 142206 144 142398 6 142581 143 142955 143 143330 143 143705 143 144079 144 144454 143 144828 144 145202 145 145577 145 145951 146 146325 147 146700 146 147074 147 147448 147 147822 147 148196 148 148571 148 148945 149 149320 149 149695 149 150070 149 150446 147 150822 146 151198 144 151574 142 151951 139 152329 136 152546 3 152724 115 152919 7 153105 109 153294 8 153494 95 153667 11 153877 87 154042 12 154257 82 154417 13 154637 77 154792 17 155016 73 155167 18 155397 68 155542 19 155776 64 155917 19 156153 62 156292 19 156531 59 156667 19 156908 57 157042 19 157285 55 157417 19 157662 53 157792 19 158040 50 158167 19 158416 48 158542 18 158794 45 158917 18 159171 42 159292 17 159548 39 159668 15 159926 35 160043 9 160053 2 160306 29 160418 8 160687 22 160794 4 161067 15 161171 1 161446 7
chihuahua_27,38309 5 38784 8 38802 18 39283 41 39782 46 40282 49 40781 53 41281 55 41780 58 42280 60 42779 62 43279 64 43778 66 44277 69 44777 70 45276 73 45775 75 46274 77 46772 80 47271 82 47769 85 48267 88 48765 91 49263 95 49761 98 50258 104 50756 111 51253 117 51751 123 52249 130 52746 139 53244 147 53741 153 54239 106 54362 33 54736 108 54866 30 55233 112 55369 28 55730 116 55872 25 56227 120 56374 23 56724 124 56877 20 57221 128 57380 17 57718 133 57883 13 58158 28 58213 139 58388 7 58641 55 58708 146 59116 240 59609 248 60103 256 60597 264 61088 275 61586 279 62085 281 62584 284 63084 286 63583 289 64083 291 64582 294 65082 296 65581 299 66081 301 66580 304 66937 9 67080 307 67433 13 67579 310 67928 18 68078 316 68419 27 68577 369 69077 369 69576 369 70076 259 70359 85 70575 257 70863 80 71074 256 71367 76 71574 255 71875 66 72073 255 72383 57 72573 255 72891 46 73072 255 73399 31 73572 255 73917 5 74071 255 74571 255 75071 255 75570 256 76070 256 76570 256 77070 256 77570 256 78069 257 78569 256 79069 257 79570 256 80070 256 80570 256 81070 256 81571 255 82071 255 82572 254 83072 254 83573 253 84073 253 84574 252 85074 252 85574 252 86075 251 86575 251 87075 251 87575 251 88076 250 88576 250 89076 250 89576 250 90076 250 90576 250 91076 250 91576 250 92076 250 92576 250 93077 250 93577 250 94077 250 94577 250 95077 250 95577 250 96077 251 96576 252 97076 252 97576 252 98076 252 98576 252 99076 252 99576 252 100076 252 100576 251 101076 251 101576 251 102076 251 102576 251 103076 251 103576 251 104076 251 104576 251 105076 251 105576 251 106076 251 106576 251 107077 250 107577 251 108077 251 108577 251 109077 251 109577 251 110078 250 110578 249 111078 249 111578 249 112078 249 112579 248 113079 248 113579 248 114079 248 114580 248 115080 248 115580 248 116080 248 116581 247 117081 247 117582 246 118082 247 118582 247 119083 247 119583 247 120084 246 120584 247 121084 247 121585 246 122085 246 122585 247 123085 247 123585 247 124086 245 124586 245 125086 245 125586 245 126086 244 126586 243 127086 242 127586 241 128086 239 128586 237 129085 236 129585 233 130085 231 130584 229 131084 226 131584 223 132083 221 132583 217 133082 211 133582 174 134081 168 134580 163 135079 128 135227 9 135578 122 136077 113 136576 105 137076 97 137574 94 138073 92 138572 90 139071 88 139570 87 140069 86 140568 85 141067 84 141566 84 142065 84 142564 84 143063 84 143562 83 144061 84 144560 84 145059 84 145558 84 146057 84 146557 83 147056 84 147555 84 148054 84 148553 85 149052 85 149551 86 150051 85 150550 85 151049 86 151548 86 152047 86 152546 86 153045 87 153545 86 154044 86 154543 86 155042 86 155541 85 156041 84 156540 84 157039 83 157539 81 158038 80 158537 78 159037 76 159536 75 160035 74 160535 71 161034 70 161534 67 162033 67 162532 66 163032 65 163531 64 164031 63 164530 62 165030 60 165529 60 166029 58 166528 57 167028 54 167528 53 168028 50 168527 49 169027 47 169527 44 170027 42 170527 39 171027 36 171527 33 172027 30 172528 26 173028 23 173528 19 174029 14 174531 7
Maine_Coon_111,214 163 385 41 715 211 1216 210 1715 212 2214 214 2713 215 3213 214 3713 213 4213 213 4713 213 5212 214 5712 214 6212 214 6711 215 7211 216 7711 217 8210 219 8710 219 9209 221 9708 222 10207 224 10706 225 11205 226 11704 228 12202 230 12700 233 13198 236 13695 239 14193 241 14690 245 15188 248 15686 250 16184 253 16682 255 17179 258 17677 261 18175 263 18674 265 19171 269 19670 271 20169 273 20667 276 21166 279 21665 281 22164 283 22663 285 22991 6 23162 287 23481 20 23662 288 23975 26 24161 290 24472 29 24660 293 24969 32 25159 299 25465 36 25658 343 26157 344 26656 345 27155 346 27653 348 28152 349 28650 351 29149 352 29646 355 30143 358 30639 362 31134 367 31627 374 32121 380 32617 384 33114 387 33610 391 34108 393 34606 395 35103 398 35601 400 36099 402 36598 403 37095 406 37593 408 38082 419 38573 428 39069 432 39565 436 40060 441 40555 446 41053 448 41549 452 42046 455 42545 456 43043 458 43541 460 44040 461 44538 463 45037 464 45535 466 46034 467 46530 471 47023 478 47516 485 48003 498 48502 4999 53503 498 54005 496 54506 495 55011 490 55514 487 56015 486 56517 484 57018 483 57519 482 58021 480 58522 479 59023 478 59525 476 60026 475 60528 473 61029 472 61530 471 62032 469 62533 468 63035 466 63536 465 64037 464 64539 462 65040 461 65542 459 66044 457 66545 456 67046 455 67548 453 68049 452 68550 451 69051 450 69553 448 70054 447 70555 446 71056 445 71556 445 72057 444 72558 443 73059 442 73560 441 74061 440 74562 439 75063 388 75462 39 75564 384 75970 31 76065 381 76482 19 76566 379 77066 379 77567 377 78068 376 78569 374 79070 373 79570 373 80072 371 80575 368 81077 366 81580 363 82082 361 82586 358 83088 356 83590 354 84091 353 84592 353 85093 352 85594 351 86095 350 86596 349 87096 349 87597 348 88097 348 88597 348 89097 348 89597 348 90097 348 90597 348 91096 349 91596 349 92095 350 92595 350 93094 351 93593 353 94092 354 94591 355 95089 357 95588 358 96087 359 96585 361 97084 362 97584 362 98083 363 98582 363 99081 364 99581 364 100081 364 100580 365 101080 365 101581 364 102081 364 102581 364 103082 363 103582 363 104083 362 104583 362 105084 361 105584 361 106084 361 106584 361 107085 360 107585 360 108085 360 108585 360 109086 359 109586 358 110086 358 110586 358 111087 357 111587 357 112087 356 112587 356 113087 356 113587 356 114087 355 114587 355 115087 354 115587 353 116087 353 116586 353 117085 353 117584 353 118083 353 118582 353 119081 354 119579 355 120078 356 120577 356 121077 356 121576 357 122075 357 122574 358 123074 357 123573 358 124072 358 124571 357 125071 355 125570 351 126070 350 126569 343 127068 340 127568 335 128067 332 128566 330 129066 38 129115 7 129136 4 129141 253 129566 35 129644 248 130066 34 130145 245 130568 30 130648 240 131149 238 131651 234 132155 78 132247 1 132249 134 132658 32 132709 22 132754 127 133163 24 133220 9 133258 122 133669 15 133769 109 134271 105 134774 100 135276 96 135777 93 136278 89 136780 84 137281 81 137782 78 138283 75 138784 72 139285 70 139786 68 140287 65 140787 64 141287 63 141788 61 142288 56 142788 51 143288 49 143789 46 144290 43 144790 41 145290 39 145791 36 146291 35 146790 36 147290 35 147790 34 148292 30 148792 29 149290 31
havanese_32,25072 5 25403 8 25735 11 26067 13 26399 15 26731 17 27063 19 27395 20 27727 22 28059 23 28390 26 28722 27 29052 30 29381 35 29710 39 30040 42 30372 43 30703 45 31035 47 31367 48 31699 49 32031 50 32363 52 32695 53 33027 54 33359 56 33691 57 34023 59 34355 60 34687 62 35019 63 35351 65 35683 67 36015 69 36346 72 36678 74 37009 78 37341 81 37673 86 38004 94 38336 107 38668 110 39000 115 39126 7 39332 141 39664 149 39996 154 40328 158 40660 162 40993 164 41325 166 41658 168 41990 170 42323 172 42555 6 42655 174 42885 11 42988 176 43217 13 43320 178 43548 16 43653 182 43878 19 43986 185 44210 21 44319 188 44538 26 44652 190 44865 32 44985 192 45194 37 45318 197 45519 45 45651 246 45983 247 46316 247 46649 247 46982 247 47315 247 47648 247 47981 247 48314 247 48647 247 48980 247 49313 247 49646 247 49979 247 50312 247 50645 246 50978 246 51311 245 51644 244 51977 243 52310 242 52643 240 52976 237 53309 235 53642 233 53975 230 54308 229 54641 226 54975 224 55308 219 55641 212 55974 209 56308 205 56641 203 56974 202 57308 199 57641 197 57975 195 58308 193 58641 192 58975 191 59308 190 59642 188 59975 188 60309 187 60642 186 60976 185 61309 185 61643 183 61976 183 62310 182 62644 181 62977 181 63213 3 63311 180 63544 7 63645 179 63876 9 63978 179 64207 13 64312 178 64539 15 64645 178 64870 18 64979 178 65201 21 65313 177 65531 25 65647 176 65860 30 65980 177 66189 35 66314 177 66520 37 66648 177 66851 40 66982 177 67182 42 67316 178 67514 44 67650 179 67844 47 67985 180 68174 50 68319 238 68654 236 68988 235 69322 234 69657 232 69991 231 70325 230 70660 227 70994 226 71328 224 71663 222 71997 220 72331 218 72665 216 72999 214 73333 212 73667 209 74001 207 74335 205 74668 203 75002 200 75335 197 75669 194 76002 190 76336 188 76669 186 77003 183 77336 181 77669 179 78002 174 78335 171 78669 168 79002 166 79335 165 79668 163 80001 161 80334 160 80667 156 81000 153 81333 134 81471 7 81666 127 81998 126 82331 124 82664 123 82997 122 83330 120 83663 120 83995 120 84328 119 84661 118 84994 118 85326 118 85659 117 85992 117 86325 116 86658 115 86991 115 87323 115 87656 115 87989 114 88322 114 88655 113 88988 112 89320 113 89653 112 89986 112 90319 111 90652 111 90985 110 91317 111 91650 110 91983 110 92316 109 92649 109 92982 109 93314 109 93647 109 93980 109 94313 108 94646 108 94979 107 95312 107 95644 108 95977 107 96310 107 96643 107 96975 107 97308 107 97641 107 97973 108 98306 108 98639 108 98971 108 99304 108 99637 108 99969 109 100302 109 100634 110 100966 111 101299 110 101631 111 101963 112 102296 112 102628 113 102959 115 103291 116 103623 117 103955 118 104287 119 104620 119 104952 120 105284 121 105616 122 105948 124 106280 125 106612 127 106944 128 107276 130 107609 130 107942 130 108274 131 108607 131 108940 132 109273 132 109606 132 109939 133 110272 133 110605 133 110939 133 111272 134 111605 134 111939 133 112272 134 112605 135 112939 135 113272 136 113606 135 113940 136 114273 138 114607 138 114940 140 115274 141 115608 141 115941 150 116275 152 116609 153 116944 152 117279 151 117615 149 117949 150 118283 150 118618 148 118952 148 119286 147 119619 147 119953 147 120287 146 120621 145 120955 144 121288 144 121622 144 121955 144 122289 143 122623 142 122956 142 123290 142 123623 142 123957 141 124290 141 124623 141 124957 141 125290 141 125624 140 125957 141 126291 140 126624 140 126958 140 127291 141 127625 140 127959 140 128294 138 128631 135 128967 133 129305 128 129643 7 129663 104 129999 102 130336 99 130672 97 131007 96 131343 94 131679 92 131799 3 132013 92 132130 7 132349 92 132460 11 132689 88 132790 14 133032 81 133119 19 133368 103 133709 96 134045 93 134393 78 134729 75 135065 72 135400 69 135735 67 136069 66 136403 64 136737 63 137072 60 137406 59 137741 56 138077 53 138412 49 138749 44 139086 39 139423 33 139762 2 139766 20
japanese_chin_73,74388 3 74757 12 75128 19 75500 23 75872 27 76244 31 76615 36 76986 41 77358 45 77463 35 77729 51 77832 44 78100 56 78204 49 78470 62 78572 58 78841 68 78943 64 79212 73 79314 69 79554 3 79562 99 79686 74 79927 112 80058 79 80301 119 80428 86 80675 215 81050 217 81424 220 81799 221 82173 224 82548 226 82923 227 83298 229 83672 232 84047 233 84422 235 84797 236 85172 238 85547 239 85922 240 86297 242 86672 243 87047 245 87422 246 87797 247 88171 250 88546 251 88921 253 89296 255 89671 257 90046 259 90422 262 90797 268 91172 271 91547 274 91922 275 92297 276 92672 277 93047 277 93422 278 93797 278 94172 278 94547 279 94922 279 95297 279 95672 279 96048 278 96423 278 96798 278 97173 278 97548 278 97923 278 98298 278 98673 278 99048 278 99424 277 99799 276 100174 276 100549 276 100924 276 101299 276 101674 276 102049 277 102423 278 102798 278 103173 278 103548 278 103923 278 104298 278 104673 278 105048 278 105423 278 105798 278 106173 278 106548 278 106922 279 107297 279 107672 279 108047 279 108422 280 108797 280 109172 280 109547 280 109922 280 110297 280 110672 280 111047 280 111422 280 111797 280 112172 280 112547 280 112922 280 113297 280 113672 280 114046 281 114421 281 114796 281 115171 281 115546 280 115921 280 116296 280 116671 280 117046 280 117420 281 117795 281 118170 280 118545 280 118920 280 119295 279 119670 279 120045 279 120420 279 120795 278 121170 278 121545 278 121920 278 122294 279 122669 279 123044 279 123420 278 123795 278 124170 278 124545 278 124920 279 125295 279 125670 279 126045 279 126420 279 126796 279 127171 279 127546 279 127921 280 128296 280 128671 281 129046 281 129422 281 129797 282 130172 283 130547 285 130922 287 131219 2 131297 289 131588 12 131672 304 132047 305 132422 285 132711 16 132797 279 133088 15 133173 276 133465 13 133548 274 133844 9 133923 273 134222 6 134298 271 134601 1 134673 269 135048 268 135423 266 135798 263 136173 261 136548 258 136923 254 137298 249 137673 245 138048 180 138231 59 138424 178 138608 2 138612 50 138799 177 138988 47 139174 177 139364 45 139549 175 139741 41 139925 172 140117 39 140300 171 140494 36 140675 167 140871 33 141051 164 141247 31 141427 162 141624 27 141802 160 142000 23 142178 157 142376 17 142554 155 142753 6 142932 151 143311 146 143690 141 144068 137 144446 133 144823 130 145201 127 145580 122 145958 118 146337 25 146377 74 146718 15 146755 70 147134 66 147513 61 147894 55 148272 52 148650 48 149028 44 149408 39 149787 34 150176 19 150553 16 150930 13 151308 9 151687 2
beagle_122,43371 13 43703 17 44036 18 44368 21 44701 22 45034 23 45366 25 45699 25 46032 26 46365 27 46698 27 47031 28 47364 29 47697 29 48030 30 48362 32 48695 32 49028 33 49361 34 49694 34 50026 36 50359 36 50691 38 51024 39 51356 40 51689 41 52021 43 52353 44 52686 45 53018 46 53351 47 53683 49 54015 51 54347 52 54679 54 55011 56 55344 57 55676 61 55777 13 56009 65 56105 26 56341 135 56674 138 57007 139 57339 142 57672 143 58005 144 58338 145 58671 147 59004 148 59337 149 59670 151 60003 152 60336 153 60669 154 61002 155 61171 2 61335 155 61502 9 61668 155 61834 15 62002 154 62168 23 62335 154 62502 25 62668 154 62836 26 63002 153 63179 16 63335 152 63669 151 64002 151 64336 150 64669 149 65003 148 65336 148 65669 148 66003 147 66336 147 66670 146 67004 145 67337 145 67671 143 68005 142 68338 142 68672 141 69006 140 69339 140 69673 139 70007 138 70341 137 70674 137 71008 136 71342 135 71675 135 72009 134 72343 133 72677 133 73011 132 73345 131 73679 130 74014 129 74349 127 74684 126 75019 124 75354 122 75689 121 76026 117 76363 114 76700 110 77036 107 77371 106 77706 104 78040 104 78374 103 78708 103 79041 104 79375 103 79708 105 80042 105 80375 106 80709 107 81042 109 81375 111 81708 114 82041 118 82374 129 82522 16 82707 177 83040 177 83373 177 83706 176 84039 175 84372 172 84704 170 85037 157 85370 142 85703 136 86036 103 86369 101 86702 99 87034 99 87367 98 87699 98 88029 99 88361 99 88693 99 89025 99 89357 99 89690 98 90022 98 90355 97 90687 97 91020 96 91352 96 91685 95 92018 94 92350 94 92683 93 93016 92 93348 92 93681 91 94013 91 94346 90 94678 91 95011 90 95344 89 95676 89 96009 87 96342 84 96675 82 97008 80 97341 78 97674 77 98006 76 98339 75 98672 75 99005 74 99338 73 99671 73 100004 72 100337 72 100670 72 101003 71 101335 72 101668 72 102001 72 102334 72 102667 71 103000 71 103332 72 103665 72 103997 74 104330 74 104662 75 104995 75 105327 76 105659 77 105991 79 106323 80 106655 81 106987 83 107319 84 107650 87 107982 89 108313 91 108645 93 108977 20 109005 67 109308 19 109344 61 109640 18 109679 60 109971 18 110014 59 110302 18 110350 57 110634 18 110685 55 110965 18 111020 54 111295 19 111356 52 111627 18 111691 51 111957 19 112027 49 112288 19 112362 49 112619 19 112697 48 112950 18 113033 47 113282 18 113367 48 113613 17 113703 47 113943 17 114041 44 114275 17 114377 42 114604 17 114725 29 114935 16 115065 22 115266 16 115402 17 115598 14 115930 13 116263 11 116596 9 116930 3
staffordshire_bull_terrier_133,70813 14 71279 24 71743 34 72207 45 72676 49 73142 57 73610 64 74078 69 74544 79 75012 86 75480 93 75949 100 76419 103 76889 105 77359 107 77830 108 78301 109 78772 110 79243 110 79714 111 80185 111 80656 111 81127 112 81598 112 82069 113 82541 112 83012 112 83483 113 83954 113 84425 113 84896 113 85367 113 85838 113 86310 112 86781 112 87252 113 87723 113 88194 113 88665 113 89136 114 89607 114 90078 114 90549 115 91020 115 91492 115 91963 116 92434 116 92905 117 93376 117 93847 118 94319 118 94790 119 95261 120 95732 121 96203 123 96674 124 97145 125 97616 127 98087 128 98558 129 99029 131 99500 133 99971 136 100442 140 100913 146 101383 150 101854 154 102325 157 102796 160 103267 163 103738 165 104208 168 104679 170 105150 172 105621 173 106092 175 106562 177 107033 179 107504 180 107975 182 108446 184 108917 185 109387 188 109858 189 110329 191 110800 192 111271 194 111742 196 112213 197 112684 199 113155 200 113626 202 114097 204 114568 206 115039 208 115510 211 115981 212 116452 215 116924 216 117395 218 117866 221 118337 223 118809 226 119280 232 119752 240 120223 251 120489 16 120695 283 121167 283 121639 282 122112 281 122584 281 123057 280 123529 280 124002 279 124477 276 124950 275 125426 11 125439 258 125914 256 126389 256 126861 257 127333 258 127805 259 128276 259 128748 257 129220 256 129692 254 130164 253 130636 251 131108 250 131580 248 132052 247 132524 245 132996 242 133468 239 133940 236 134412 231 134884 224 135356 214 135828 210 136300 206 136772 202 137244 199 137716 197 138188 194 138660 191 139133 188 139604 188 140076 190 140548 191 140762 19 141020 194 141228 26 141492 233 141964 232 142436 231 142907 231 143379 230 143851 229 144322 229 144794 228 145265 228 145737 226 146208 226 146680 225 147152 224 147623 225 148095 224 148566 224 149038 224 149509 224 149981 224 150453 223 150924 223 151396 222 151867 223 152339 222 152810 222 153282 221 153753 221 154225 220 154696 220 155168 219 155639 219 156111 218 156582 218 157054 217 157525 218 157997 217 158468 217 158940 216 159411 216 159883 215 160355 214 160826 214 161298 213 161769 213 161999 2 162241 212 162467 6 162713 212 162937 7 163184 212 163407 9 163656 211 163878 9 164128 210 164348 10 164599 210 164818 11 165071 210 165288 13 165543 210 165757 15 166014 229 166486 228 166957 228 167429 227 167901 226 168372 226 168844 225 169316 223 169788 222 170259 222 170731 221 171203 220 171675 218 172146 218 172618 216 173090 215 173562 214 174034 212 174506 211 174977 210 175449 208 175921 207 176393 205 176865 204 177336 203 177808 202 178280 200 178752 199 179223 199 179695 198 180167 196 180639 195 181110 195 181582 193 182054 191 182526 189 182997 188 183469 187 183941 185 184412 184 184884 183 185356 181 185828 180 186299 180 186771 179 187243 178 187715 177 188186 177 188658 176 189130 175 189602 175 190073 175 190545 174 191017 174 191488 174 191960 174 192432 173 192904 173 193375 173 193847 172 194319 171 194791 170 195263 169 195734 169 196206 168 196678 167 197150 166 197622 165 198094 164 198566 163 199038 162 199510 161 199981 161 200453 160 200925 159 201397 158 201869 157 202341 156 202814 154 203286 153 203758 152 204230 151 204702 149 205174 148 205646 147 206118 146 206590 103 206701 34 207062 97 207174 32 207534 94 207646 31 208006 92 208117 31 208478 89 208589 30 208951 87 209061 28 209423 85 209533 27 209895 83 210005 26 210367 81 210477 25 210840 79 210950 23 211312 77 211422 22 211784 75 211895 20 212257 73 212367 19 212729 72 212839 18 213201 70 213310 18 213673 69 213782 17 214146 67 214253 17 214618 66 214725 16 215091 64 215197 15 215564 62 215668 15 216038 60 216140 14 216512 57 216611 14 216988 52 217083 13 217464 47 217554 13 217942 39 218026 12 218417 35 218498 11 218892 30 218969 11 219369 23 219440 11 219846 15 219912 10 220383 10 220855 8 221326 7 221798 6 222269 6 222741 3
Bengal_186,16845 9 17144 14 17443 17 17743 20 18043 23 18343 25 18643 28 18944 29 19244 32 19545 33 19845 37 20146 39 20446 42 20747 45 21047 47 21348 50 21649 56 21949 61 22250 63 22551 67 22852 70 23153 72 23453 75 23754 78 24055 79 24356 83 24656 92 24957 97 25258 101 25559 106 25859 112 26160 115 26461 117 26762 119 27062 121 27363 122 27664 123 27965 125 28265 128 28566 130 28867 131 29167 133 29468 135 29769 136 30069 139 30370 141 30670 142 30971 143 31271 144 31572 144 31872 145 32173 145 32473 146 32774 146 33074 147 33374 148 33675 148 33975 150 34275 151 34575 151 34876 151 35176 152 35476 153 35776 154 36076 155 36377 155 36677 156 36977 157 37277 158 37577 159 37877 160 38177 162 38477 163 38777 165 39077 167 39377 169 39677 171 39977 173 40277 175 40577 177 40877 179 41177 180 41477 182 41777 183 42077 184 42377 186 42678 186 42978 187 43278 188 43578 189 43878 190 44178 191 44478 192 44778 193 45078 194 45378 195 45678 195 45978 196 46278 197 46578 197 46878 198 47178 199 47478 199 47778 200 48078 201 48378 201 48678 202 48978 203 49277 205 49577 205 49877 206 50177 206 50477 207 50777 207 51077 207 51377 208 51676 209 51976 209 52276 209 52576 210 52876 210 53176 210 53476 210 53776 210 54076 210 54375 211 54675 211 54975 210 55275 210 55575 210 55875 210 56175 209 56474 210 56774 210 57074 209 57373 210 57673 209 57972 210 58272 209 58571 210 58871 209 59170 210 59469 210 59767 211 60065 212 60327 14 60362 214 60623 23 60658 217 60919 256 61215 258 61512 260 61810 261 62108 262 62407 262 62705 263 63001 266 63301 265 63601 263 63901 262 64201 261 64501 260 64801 259 65101 258 65401 256 65701 255 66001 254 66301 253 66601 252 66901 252 67201 251 67501 250 67801 250 68101 249 68401 249 68701 248 69001 247 69301 247 69601 246 69901 246 70201 245 70501 245 70801 244 71101 244 71401 243 71701 243 72001 242 72301 241 72601 241 72901 240 73201 240 73501 239 73801 239 74101 238 74401 237 74701 237 75001 236 75301 235 75601 235 75901 234 76201 234 76501 233 76801 233 77101 233 77401 232 77701 232 78001 232 78301 231 78601 231 78901 231 79201 230 79501 230 79801 229 80101 229 80401 229 80701 229 81001 228 81301 228 81601 227 81901 227 82201 226 82501 226 82801 226 83101 225 83401 225 83701 225 84001 224 84301 224 84601 223 84901 223 85201 223 85501 223 85801 222 86101 222 86401 222 86701 222 87001 222 87301 222 87601 222 87901 222 88201 222 88501 222 88801 223 89101 223 89401 224 89701 224 90001 225 90301 226 90601 226 90901 227 91201 228 91501 229 91801 230 92101 231 92401 231 92701 232 93001 232 93301 233 93601 234 93901 235 94201 236 94501 236 94801 237 95101 238 95401 239 95701 239 96001 240 96301 240 96601 241 96901 241 97201 241 97501 241 97801 242 98101 242 98401 242 98701 242 99001 242 99301 242 99601 242 99901 243 100201 243 100501 243 100801 243 101101 243 101401 243 101701 243 102001 244 102301 244 102601 244 102901 245 103201 245 103501 245 103801 246 104101 246 104401 247 104701 247 105001 248 105301 248 105601 249 105901 249 106201 250 106501 250 106801 251 107101 251 107401 252 107701 252 108001 252 108301 253 108601 253 108901 254 109201 254 109501 255 109801 255 110101 255 110401 255 110701 256 111001 256 111301 257 111601 258 111901 258 112201 258 112501 259 112801 260 113101 260 113401 261 113701 261 114001 262 114301 262 114601 262 114901 263 115201 263 115501 263 115801 263 116101 264 116401 264 116701 264 117001 264 117301 264 117601 264 117901 264 118201 264 118501 264 118801 264 119101 265 119401 265 119701 265 120001 265 120301 265 120601 265 120901 265 121201 266 121501 266 121801 266 122101 267 122401 267 122701 267 123001 267 123301 267 123601 78 123686 182 123901 72 123991 178 124201 67 124294 175 124501 64 124597 172 124801 60 124900 170 125101 57 125205 165 125401 54 125513 158 125701 52 125816 155 126001 50 126118 153 126301 48 126420 151 126601 47 126722 150 126901 46 127023 149 127201 45 127324 148 127501 44 127625 147 127801 43 127926 146 128101 42 128227 145 128401 42 128528 143 128701 41 128828 143 129001 40 129129 142 129301 38 129430 141 129601 37 129730 141 129901 35 130031 140 130203 31 130332 138 130504 26 130632 138 130805 20 130933 137 131106 16 131234 135 131406 14 131534 135 131706 13 131835 134 132007 11 132136 133 132307 10 132437 131 132607 10 132737 131 132907 9 133038 130 133207 9 133338 130 133507 8 133639 129 133808 7 133939 129 134108 6 134240 128 134409 4 134541 127 134711 1 134841 127 135142 126 135442 126 135743 125 136044 78 136129 39 136344 77 136430 38 136645 75 136730 38 136945 74 137031 37 137246 72 137332 36 137547 71 137632 36 137847 70 137933 35 138148 68 138234 34 138449 67 138534 35 138750 66 138835 34 139050 65 139135 34 139351 64 139436 33 139652 62 139736 33 139952 62 140037 32 140253 60 140337 32 140553 59 140637 31 140853 58 140937 29
havanese_161,12100 17 12597 25 13094 34 13593 39 14091 45 14590 51 15089 57 15587 69 16086 77 16585 83 17084 88 17583 92 18082 96 18581 99 19080 103 19580 105 19902 11 20079 109 20399 16 20578 112 20897 20 21077 116 21396 22 21576 120 21894 26 22076 123 22393 27 22575 127 22891 30 23074 131 23389 32 23573 134 23888 33 24073 136 24387 34 24572 139 24885 36 25071 142 25384 36 25571 144 25882 38 26070 147 26381 39 26570 148 26879 41 27069 151 27378 41 27568 154 27876 43 28068 156 28374 45 28567 159 28872 47 29067 161 29370 49 29566 165 29868 50 30065 168 30366 52 30565 169 30865 53 31064 172 31363 55 31564 174 31861 57 32063 176 32359 59 32562 178 32857 61 33062 180 33354 64 33562 181 33852 66 34061 183 34351 67 34560 184 34849 69 35060 185 35347 71 35559 187 35845 73 36059 188 36343 75 36558 190 36842 75 37057 192 37340 77 37556 194 37839 78 38055 196 38338 79 38554 199 38836 81 39054 201 39335 81 39553 204 39834 82 40051 209 40286 17 40333 83 40551 254 40831 85 41050 258 41330 85 41549 262 41828 87 42048 266 42326 89 42547 368 43046 368 43545 369 44045 369 44544 369 45043 370 45543 370 46042 370 46541 371 47041 370 47540 371 48040 370 48539 371 49039 370 49538 371 50038 370 50537 371 51037 370 51537 370 52036 370 52536 369 53035 370 53535 369 54035 368 54534 368 55034 368 55534 367 56034 366 56533 366 57033 365 57533 364 58033 364 58533 363 59033 362 59533 361 60033 360 60533 359 61033 270 61313 78 61533 263 61819 71 62033 260 62323 65 62533 258 62826 61 63033 256 63328 58 63533 254 63830 55 64033 253 64331 53 64534 251 64832 51 65034 250 65333 49 65534 249 65834 48 66034 248 66334 47 66534 247 66835 45 67034 246 67336 43 67534 245 67836 43 68034 245 68336 42 68533 245 68836 42 69033 244 69336 41 69533 243 69837 40 70033 243 70337 39 70533 242 70837 38 71032 242 71337 37 71532 242 71837 36 71922 31 71954 2 72032 241 72337 34 72418 48 72532 241 72837 33 72915 54 73032 240 73338 31 73412 60 73532 239 73838 29 73909 66 74032 239 74338 28 74405 72 74532 238 74838 26 74901 77 75032 238 75338 25 75396 83 75532 237 75838 24 75892 89 76032 237 76338 22 76389 92 76532 237 76839 20 76887 95 77032 237 77339 19 77385 98 77532 237 77839 18 77884 100 78032 237 78338 18 78383 101 78532 237 78838 17 78882 103 79032 237 79338 17 79381 104 79532 238 79837 18 79880 106 80032 238 80337 17 80379 107 80532 239 80836 18 80878 109 81032 241 81335 20 81377 110 81532 243 81833 22 81876 111 82032 248 82331 25 82375 112 82532 253 82828 29 82874 113 83032 257 83324 35 83373 115 83532 261 83819 40 83871 117 84032 267 84313 48 84370 118 84532 456 85032 456 85531 457 86031 458 86531 458 87031 458 87531 458 88030 459 88530 459 89030 459 89530 460 90029 461 90529 461 91029 461 91529 461 92029 461 92529 461 93029 461 93529 460 94029 460 94529 460 95029 459 95529 458 96030 456 96530 455 97030 454 97531 453 98031 451 98532 449 99032 448 99533 446 100033 445 100534 443 101034 442 101535 440 102035 439 102536 437 103036 436 103537 434 104038 432 104539 429 105040 427 105541 425 106042 423 106543 421 107044 419 107545 417 108046 415 108547 413 109048 411 109549 409 110049 408 110550 405 111051 403 111552 401 112053 399 112553 398 113054 396 113554 395 114055 393 114556 391 115056 390 115557 388 116058 386 116559 384 117060 382 117561 380 118062 378 118563 375 119065 372 119566 370 120068 366 120569 364 121071 360 121572 357 122074 354 122576 350 123078 346 123579 343 124081 339 124582 337 125083 334 125585 331 126086 329 126587 327 127088 325 127589 323 128090 322 128592 319 129093 317 129594 315 130095 313 130597 310 131098 308 131599 305 132100 303 132601 301 133102 298 133603 296 134104 293 134605 291 135106 288 135607 286 136108 283 136609 281 137110 278 137612 274 138113 272 138614 269 139116 265 139618 261 140119 259 140621 255 141123 251 141625 247 142127 244 142629 240 143131 236 143633 231 144134 194 144330 31 144635 189 144845 11 145136 185 145637 183 146137 182 146638 180 147138 179 147638 179 148139 177 148639 177 149139 176 149639 176 150139 176 150639 176 151139 176 151638 176 152138 176 152638 176 153138 176 153637 176 154137 176 154637 176 155137 176 155637 176 156136 176 156636 176 157136 176 157636 176 158135 176 158635 176 159135 176 159635 175 160134 176 160634 176 161134 176 161634 175 162134 175 162634 175 163133 175 163633 175 164133 174 164633 174 165133 173 165633 173 166133 173
Maine_Coon_124,12128 22 12623 35 13120 56 13619 64 14117 73 14615 79 15113 86 15611 92 16109 96 16607 101 17103 110 17602 114 18101 117 18599 122 19098 126 19596 130 20095 133 20593 137 21047 6 21091 141 21547 9 21589 144 22047 13 22087 149 22547 17 22585 154 23048 24 23081 162 23548 199 24049 203 24550 207 25050 212 25551 214 26052 217 26552 222 27053 225 27554 227 28054 229 28555 229 29055 231 29556 232 30056 233 30557 234 31057 237 31558 239 32058 242 32559 244 33059 247 33559 250 34060 252 34560 254 35060 256 35560 258 36060 260 36561 261 37061 263 37561 265 38061 266 38561 267 39062 268 39562 269 40062 270 40562 271 41062 272 41562 274 42062 275 42562 276 43062 277 43562 278 44061 280 44562 279 45062 280 45562 280 46062 281 46561 282 47061 283 47561 283 48061 283 48561 284 49061 284 49561 284 50061 285 50560 286 51060 287 51560 287 52060 287 52560 288 53060 288 53560 289 54059 290 54559 291 55060 290 55560 291 56059 292 56559 293 57059 294 57559 295 58059 297 58558 299 59058 300 59558 301 60057 303 60557 305 61057 307 61557 308 62057 310 62557 313 63056 321 63405 20 63556 330 63899 30 64056 374 64556 375 65056 376 65556 376 66056 377 66556 378 67056 378 67556 378 68056 378 68556 378 69056 378 69556 378 70055 379 70555 379 71055 378 71555 378 72054 379 72554 379 73054 379 73554 379 74054 379 74554 379 75054 379 75554 379 76053 381 76553 381 77053 381 77552 383 78052 383 78552 383 79051 385 79551 385 80051 385 80550 386 81050 387 81549 388 82049 388 82548 389 83048 389 83547 390 84047 390 84546 391 85045 392 85545 391 86044 392 86543 392 87043 392 87542 392 88041 393 88540 393 89039 394 89538 394 90037 395 90535 397 91034 397 91533 398 92032 398 92531 399 93030 400 93529 400 94028 401 94527 402 95026 403 95524 404 96023 405 96522 406 97021 407 97520 408 98020 409 98519 410 99019 410 99519 410 100019 411 100520 26 100566 364 101023 8 101069 361 101572 358 102076 355 102579 352 103081 350 103583 349 104085 347 104587 345 105089 343 105590 342 106093 339 106595 338 107096 337 107598 335 108100 333 108602 331 109104 329 109605 328 110107 326 110608 325 111109 324 111611 322 112112 321 112615 317 113117 315 113619 313 114122 310 114625 307 115128 304 115630 302 116133 299 116636 296 117140 292 117644 288 118149 283 118654 278 119163 269 119677 255 120182 250 120687 245 121190 242 121694 238 122197 235 122700 232 123204 228 123708 224 124211 220 124714 217 125217 214 125719 212 126221 210 126723 208 127224 207 127726 205 128227 204 128728 203 129230 201 129731 200 130232 198 130733 197 131235 195 131736 194 132238 192 132739 190 133241 188 133742 187 134244 185 134746 182 135248 180 135751 177 136253 174 136756 171 137258 168 137760 166 138263 162 138765 159 139267 156 139769 153 140271 150 140773 147 141275 144 141777 140 142279 137 142780 134 143282 131 143784 127 144286 122 144788 118 145290 113 145792 109 146295 103 146797 99 147300 94 147803 90 148307 84 148809 81 149311 77 149813 74 150316 70 150818 17 150842 43 151321 9 151348 36 151853 30 152357 25 152862 19 153366 13 153872 4
pomeranian_153,652 11 873 17 1096 21 1320 23 1544 25 1768 27 1992 29 2216 30 2440 32 2664 34 2888 35 3111 37 3335 39 3559 40 3783 41 4007 42 4231 43 4455 44 4679 46 4903 47 5127 48 5351 49 5575 50 5799 51 6023 52 6247 53 6472 53 6696 54 6920 55 7144 56 7369 56 7593 57 7818 57 8042 58 8266 59 8491 60 8715 61 8940 61 9164 62 9389 62 9613 63 9838 63 10062 64 10286 65 10511 65 10735 66 10959 67 11184 67 11408 68 11632 69 11856 70 12080 71 12305 71 12529 72 12753 73 12976 75 13200 76 13424 77 13647 79 13871 80 14094 82 14317 84 14539 87 14762 89 14986 90 15209 92 15433 93 15656 95 15880 96 16082 13 16103 98 16303 123 16526 125 16748 128 16971 130 17193 133 17414 137 17636 140 17860 141 18084 142 18307 144 18531 145 18755 146 18978 148 19202 149 19426 150 19650 151 19874 152 20098 153 20322 154 20546 155 20771 155 20995 156 21219 157 21444 157 21668 158 21893 158 22117 159 22342 159 22566 160 22791 160 23015 161 23240 161 23465 161 23689 162 23913 163 24138 163 24362 164 24586 165 24811 165 25035 166 25260 166 25484 167 25709 167 25934 167 26159 167 26384 167 26609 167 26834 167 27059 167 27285 166 27510 166 27735 166 27961 165 28186 165 28412 164 28637 164 28862 164 29087 164 29313 163 29538 163 29763 163 29988 163 30213 163 30439 162 30664 162 30889 162 31114 162 31339 162 31563 163 31788 163 32013 163 32237 164 32462 164 32686 165 32910 166 33134 167 33358 168 33578 173 33799 177 34022 179 34246 180 34470 181 34693 183 34917 184 35141 185 35366 184 35590 183 35815 181 36040 180 36264 179 36489 178 36714 177 36939 176 37164 175 37388 175 37613 174 37838 174 38063 173 38288 173 38513 172 38739 171 38964 171 39189 171 39414 171 39639 171 39864 171 40089 171 40314 172 40539 172 40764 173 40989 173 41214 174 41439 174 41664 175 41889 175 42114 176 42339 176 42565 175 42790 175 43015 175 43240 173 43465 171 43691 168 43919 161 44146 155 44373 147 44600 140 44834 128 45061 10 45083 101 45289 2 45311 95 45538 89 45765 82 45991 60 46059 2 46218 47 46445 39 46672 35 46898 32 47125 29 47352 25 47580 21 47811 13 48042 5
Bombay_113,17653 9 18218 18 18785 23 19352 27 19920 29 20488 32 21056 34 21624 36 22192 39 22760 41 23329 42 23897 44 24466 45 25034 47 25603 48 26172 49 26740 51 27309 54 27878 59 28446 64 29015 68 29584 72 30153 75 30722 78 31291 80 31860 82 32429 84 32998 86 33567 88 34136 89 34704 92 35273 94 35842 95 36411 96 36980 99 37548 102 38117 103 38686 106 39254 109 39822 112 40391 114 40959 118 41527 121 42095 126 42664 129 43232 134 43800 139 44368 144 44936 148 45504 152 46072 157 46641 172 47209 184 47777 189 48345 191 48913 194 49480 198 50048 200 50616 202 51184 204 51752 206 52320 207 52888 209 53456 211 54024 212 54592 214 55160 216 55728 217 56296 219 56864 220 57432 222 58000 223 58568 224 59135 227 59703 229 60271 230 60839 231 61407 233 61975 234 62543 236 63111 237 63679 239 64247 240 64815 242 65383 243 65950 245 66518 247 67086 248 67654 249 68222 250 68789 252 69357 253 69925 254 70492 256 71060 258 71627 260 72195 261 72762 263 73329 265 73896 267 74463 269 75030 271 75597 273 76163 276 76730 278 77296 281 77863 283 78430 285 78996 288 79563 290 80130 292 80697 294 81264 296 81830 299 82397 301 82964 303 83531 305 84098 307 84665 309 85232 311 85799 313 86366 315 86933 318 87501 319 88068 321 88636 322 89204 323 89772 53 89843 254 90341 48 90415 251 90910 44 90986 249 91479 38 91557 25 91594 210 92049 30 92165 209 92620 21 92735 208 93193 10 93306 207 93877 205 94447 205 95016 205 95586 205 96155 205 96724 206 97293 207 97862 208 98431 209 99000 210 99569 211 100138 212 100707 212 101276 213 101845 214 102413 216 102982 216 103551 217 104120 218 104688 221 105257 222 105826 224 106394 226 106963 227 107532 228 108101 229 108669 231 109238 233 109807 234 110375 236 110944 238 111513 239 111843 7 112081 241 112409 11 112650 242 112975 14 113219 243 113541 17 113787 245 114108 18 114356 246 114674 21 114925 247 115241 22 115493 249 115808 23 116062 251 116375 24 116631 251 116942 25 117199 254 117509 26 117768 255 118076 27 118337 256 118642 29 118905 258 119208 31 119474 260 119774 33 120042 262 120339 35 120611 263 120904 38 121180 264 121467 42 121748 268 122029 48 122317 327 122886 326 123454 325 124023 323 124592 321 125161 319 125729 318 126298 317 126866 315 127435 313 128004 311 128572 310 129141 308 129709 306 130277 305 130846 303 131415 301 131983 300 132551 299 133120 297 133688 296 134257 294 134825 294 135393 293 135962 291 136530 290 137098 290 137667 288 138235 288 138804 286 139372 286 139940 286 140509 284 141077 284 141646 283 142214 282 142782 282 143350 282 143918 282 144487 281 145055 281 145623 280 146192 279 146760 279 147328 279 147896 278 148465 277 149033 277 149601 277 150170 275 150738 275 151306 275 151875 274 152443 274 153011 274 153580 273 154148 273 154716 273 155285 272 155853 272 156421 272 156990 270 157558 270 158126 270 158695 269 159263 269 159831 268 160400 267 160968 267 161537 266 162105 266 162674 264 163242 264 163810 264 164379 263 164948 262 165516 261 166084 261 166653 260 167221 260 167790 259 168358 258 168927 257 169495 257 170064 256 170632 256 171201 255 171769 255 172338 253 172906 253 173475 252 174043 252 174612 251 175181 250 175749 250 176317 250 176886 249 177455 248 178023 248 178592 247 179160 247 179729 246 180298 244 180866 244 181435 243 182004 242 182572 242 183141 241 183710 240 184278 240 184847 239 185416 238 185984 238 186553 237 187122 236 187690 236 188259 235 188828 234 189397 233 189965 233 190534 232 191103 231 191671 231 192240 230 192809 229 193377 229 193946 228 194515 227 195084 226 195652 226 196221 225 196790 224 197359 223 197928 222 198496 222 199065 221 199634 220 200203 219 200772 218 201341 217 201910 216 202479 215 203047 215 203616 214 204185 213 204754 212 205323 212 205892 211 206460 211 207029 210 207598 209 208167 208 208736 207 209305 206 209874 205 210443 204 211012 203 211582 201 212151 200 212720 199 213289 198 213858 197 214427 197 214996 196 215565 195 216134 194 216703 194 217272 193 217842 192 218411 191 218980 191 219549 191 220118 191 220688 189 221257 189 221826 189 222395 189 222964 190 223534 190 224103 191 224673 191 225242 194 225811 197 226381 199 226950 203 227519 206 228089 208 228658 213 229227 215 229797 217 230366 219 230935 220 231505 220 232074 222 232643 223 233213 224 233782 224 234352 224 234921 225 235490 225 236060 225 236629 225 237199 224 237769 223 238338 223 238908 221 239477 220 240047 218 240617 216 241187 214 241756 213 242326 211 242897 208 243467 206 244037 204 244608 201 245179 198 245751 194 246323 190 246896 185 247471 178 248053 164 248629 156 249204 149 249779 142 250351 138 250923 134 251495 130 252069 124 252648 113 253245 84 253840 57 254418 46 254992 39 255565 32 256141 22 256716 12
wheaten_terrier_71,551 2 554 1 879 12 1209 10 1221 2 1511 20 1540 18 1838 1 1840 53 2154 74 2290 6 2481 83 2622 9 2812 86 2954 10 3144 87 3287 10 3476 88 3621 9 3809 88 3954 8 4141 89 4288 7 4474 89 4621 6 4806 91 4955 5 5139 91 5288 4 5471 92 5621 4 5804 92 5955 2 6137 92 6469 93 6802 93 7135 93 7467 94 7800 94 8133 95 8465 96 8798 96 9130 98 9463 98 9795 99 10128 100 10460 101 10792 102 11125 102 11456 104 11788 104 12120 105 12451 106 12783 107 13115 107 13447 108 13779 109 14112 108 14445 108 14776 110 15109 110 15441 111 15773 112 16106 111 16439 111 16771 112 17103 112 17436 112 17768 112 18101 112 18433 112 18766 109 19098 109 19431 108 19763 108 20096 107 20429 107 20761 107 21093 108 21426 108 21759 108 22091 109 22424 109 22757 109 23090 109 23422 109 23755 109 24088 109 24420 110 24753 110 25086 110 25418 110 25751 110 26084 110 26417 110 26750 110 27082 111 27415 111 27748 111 28081 111 28414 111 28747 112 29080 113 29412 115 29745 116 30078 118 30411 119 30744 119 30888 3 31077 120 31219 7 31409 123 31547 12 31742 123 31878 15 32075 124 32210 17 32408 126 32542 19 32741 127 32875 19 33074 131 33206 22 33407 155 33740 156 34073 157 34406 159 34739 159 35072 160 35406 159 35739 159 36072 159 36406 159 36739 159 37072 158 37406 157 37739 157 38072 157 38406 156 38739 156 39072 154 39406 151 39739 137 39884 5 40073 134 40406 133 40740 128 41073 126 41406 124 41740 123 42073 122 42406 122 42740 115 42856 4 43073 114 43189 2 43406 113 43740 111 44073 111 44406 110 44739 109 45072 109 45406 107 45739 106 46072 105 46405 90 46499 9 46738 87 46834 5 47071 87 47404 86 47737 85 48070 84 48403 84 48736 84 49069 84 49402 83 49735 83 50068 83 50191 5 50400 83 50523 8 50733 83 50856 9 51066 58 51128 21 51188 11 51399 57 51465 16 51520 13 51732 55 51800 14 51853 13 52065 54 52134 13 52186 15 52334 9 52398 53 52467 13 52520 15 52665 14 52731 32 52770 14 52801 11 52853 15 52996 18 53064 31 53104 12 53135 10 53187 14 53327 21 53397 30 53438 11 53468 10 53523 10 53659 24 53730 28 53772 10 53802 8 53859 7 53990 29 54044 5 54063 27 54106 8 54135 8 54195 2 54322 34 54373 12 54395 27 54440 6 54468 8 54654 37 54703 17 54728 26 54774 4 54801 8 54986 42 55033 21 55061 24 55134 8 55318 70 55393 24 55467 7 55651 72 55725 24 55799 8 55983 98 56132 8 56315 97 56464 10 56647 97 56797 10 56979 97 57130 10 57312 96 57462 12 57644 97 57795 12 57976 98 58128 12 58308 100 58461 13 58640 101 58745 5 58794 13 58973 115 59127 13 59305 118 59460 14 59637 120 59793 14 59970 121 60126 14 60302 123 60459 15 60634 125 60792 15 60966 126 61126 14 61299 127 61459 14 61631 129 61792 14 61964 129 62126 12 62296 131 62460 11 62628 133 62794 10 62960 134 63129 8 63293 135 63463 6 63625 137 63797 4 63957 140 64289 142 64621 145 64953 147 65286 148 65618 149 65950 151 66282 153 66615 154 66947 155 67279 157 67612 157 67944 159 68277 159 68609 161 68942 162 69273 164 69605 166 69937 168 70269 169 70601 171 70934 171 71268 170 71602 170 71936 169 72270 169 72604 168 72938 168 73271 168 73605 168 73939 167 74272 168 74605 168 74938 168 75270 170 75603 170 75936 170 76269 171 76601 172 76934 173 77267 173 77600 174 77933 174 78266 175 78599 175 78932 176 79265 176 79598 177 79931 177 80264 178 80597 178 80929 180 81262 180 81595 181 81928 181 82260 183 82593 184 82926 184 83258 186 83591 187 83924 187 84256 189 84589 189 84922 189 85255 190 85588 190 85920 191 86253 191 86586 192 86919 192 87252 192 87585 192 87917 193 88250 193 88583 193 88916 193 89249 193 89582 193 89915 193 90248 194 90581 194 90913 195 91246 195 91579 195 91912 195 92245 195 92578 195 92911 194 93243 195 93576 195 93909 195 94242 195 94576 194 94909 194 95244 192 95578 191 95912 189 96247 187 96583 184 96921 179 97257 176 97592 173 97927 171 98261 170 98595 169 98929 167 99263 130 99401 28 99597 126 99742 19 99931 121 100079 14 100264 79 100355 27 100415 10 100598 73 100692 20 100751 6 100932 69 101030 10 101266 65 101599 63 101933 59 102267 56 102601 52 102934 49 103268 46 103601 42 103935 37 104269 32 104604 27 104939 22 105274 17 105610 6
Abyssinian_174,5136 7 5359 3 5369 1 5372 19 5600 38 5843 42 6088 43 6333 44 6578 45 6823 46 7068 47 7313 48 7558 49 7803 50 8047 52 8292 53 8536 55 8781 56 9026 57 9271 58 9515 60 9760 61 10005 62 10250 63 10495 64 10741 64 10986 65 11231 66 11476 67 11722 67 11967 68 12212 69 12458 69 12703 70 12949 70 13194 71 13440 71 13685 72 13931 72 14176 73 14422 73 14667 74 14913 74 15158 75 15404 75 15650 75 15895 76 16141 76 16386 77 16632 77 16877 78 17123 78 17369 78 17614 79 17860 79 18105 80 18260 5 18351 80 18506 8 18596 81 18751 11 18842 81 18998 12 19088 81 19244 13 19333 82 19490 15 19579 82 19736 16 19824 83 19983 16 20070 83 20229 18 20315 84 20476 18 20561 84 20722 19 20806 85 20968 20 21052 85 21215 21 21297 86 21461 22 21542 87 21707 23 21788 87 21954 23 22033 88 22200 24 22278 89 22447 24 22523 90 22693 25 22768 91 22939 26 23013 92 23185 28 23258 93 23432 29 23503 94 23678 31 23748 95 23924 32 23993 96 24171 32 24238 97 24417 34 24482 99 24663 36 24726 101 24909 38 24969 104 25156 40 25210 109 25402 163 25648 163 25894 163 26140 163 26386 163 26633 162 26879 162 27125 162 27371 162 27617 162 27863 162 28109 162 28355 162 28601 162 28847 162 29093 162 29338 163 29584 163 29830 163 30076 163 30322 163 30568 163 30813 164 31059 164 31305 164 31550 165 31796 165 32042 165 32287 166 32533 166 32779 166 33024 167 33270 167 33515 168 33761 168 34007 168 34252 169 34498 169 34744 169 34989 169 35235 169 35481 169 35726 170 35972 170 36218 170 36464 170 36709 171 36955 171 37201 171 37447 171 37692 172 37938 172 38184 172 38430 172 38676 172 38921 173 39167 173 39413 173 39659 173 39905 173 40151 173 40397 173 40643 173 40888 174 41134 174 41380 174 41626 174 41872 174 42118 174 42364 174 42610 174 42856 174 43102 174 43348 174 43594 174 43840 174 44085 175 44331 175 44577 175 44823 175 45069 175 45314 176 45560 176 45806 176 46051 177 46297 177 46543 177 46788 178 47034 178 47279 179 47524 180 47770 180 48015 181 48260 182 48506 182 48751 183 48996 184 49241 185 49486 186 49731 188 49977 188 50222 189 50467 190 50712 191 50957 192 51202 193 51447 114 51572 69 51692 111 51822 65 51937 109 52072 61 52182 107 52321 58 52427 105 52569 56 52673 36 52718 57 52817 54 52918 26 52966 51 53066 51 53163 23 53215 44 53315 48 53408 22 53463 39 53565 44 53654 19 53712 32 53814 41 53899 17 53968 18 54061 40 54146 13 54223 4 54308 39 54395 5 54555 38 54802 37 55048 37 55295 36 55541 36 55787 36 56034 35 56280 35 56526 35 56772 35 57018 35 57264 35 57511 34 57757 34 58003 34 58249 34 58495 34 58741 34 58987 33 59233 33 59479 33 59725 33 59971 33 60218 32 60464 32 60710 32 60956 32 61202 32 61449 31 61695 31 61941 31 62187 31 62433 31 62679 31 62926 30 63172 30 63418 30 63664 29 63911 28 64157 28 64403 13 64417 14 64649 11 64664 7 64673 3 64896 9 64912 2 65142 9 65388 9 65635 7 65881 7 66128 6 66374 5 66621 4 66868 2
havanese_94,62467 15 62834 30 63206 35 63578 41 63951 44 64323 48 64695 52 65067 56 65439 60 65812 63 66184 66 66557 69 66929 72 67302 75 67675 77 68047 81 68420 83 68793 85 69166 88 69539 90 69911 93 70279 101 70641 114 71010 120 71382 124 71755 126 72128 128 72502 130 72876 131 73250 132 73624 133 73998 135 74372 136 74746 137 75121 137 75495 138 75870 138 76245 137 76619 138 76994 138 77369 138 77743 139 78118 138 78493 138 78868 138 79243 138 79617 138 79992 138 80367 138 80742 138 81117 138 81492 138 81867 137 82242 137 82616 138 82991 138 83366 138 83741 138 84116 137 84491 137 84866 137 85241 136 85616 136 85991 137 86366 137 86741 138 87116 138 87491 139 87865 140 88240 141 88615 142 88990 143 89364 145 89739 145 90114 146 90489 146 90863 148 91238 148 91613 149 91987 150 92362 150 92737 150 93111 151 93486 152 93861 152 94235 153 94610 153 94985 153 95360 153 95734 154 96109 154 96484 154 96859 155 97234 155 97608 156 97983 156 98358 156 98733 156 99108 156 99483 156 99858 156 100233 157 100607 158 100982 158 101357 158 101732 158 102107 158 102482 158 102856 159 103231 159 103606 159 103981 158 104356 158 104731 158 105105 159 105480 158 105855 158 106230 157 106605 155 106980 154 107355 150 107730 146 108105 143 108480 139 108855 137 109230 135 109605 132 109980 130 110355 127 110730 125 111105 124 111480 122 111855 121 112230 119 112605 117 112980 116 113355 115 113730 114 114105 113 114481 111 114856 110 115231 109 115606 108 115981 107 116357 106 116732 105 117107 105 117483 104 117858 103 118234 102 118609 102 118985 101 119360 101 119736 100 120112 99 120487 99 120863 98 121239 97 121614 97 121990 97 122365 97 122741 96 123116 96 123491 97 123866 97 124241 97 124616 98 124991 98 125366 98 125741 99 126115 100 126490 100 126865 100 127239 101 127614 101 127988 102 128363 101 128737 101 129112 100 129487 98 129861 97 130236 93 130611 90 130986 88 131361 84 131736 82 132111 80 132487 58 132554 8 132862 55 133238 51 133613 49 133989 47 134365 44 134741 41 135117 38 135494 33 135871 29 136248 23 136628 13
chihuahua_192,18941 5 19165 8 19389 13 19413 10 19613 39 19836 43 20060 46 20283 49 20506 52 20729 56 20953 58 21177 61 21402 63 21626 66 21851 71 22075 85 22300 88 22524 90 22749 92 22974 93 23198 95 23423 96 23648 96 23873 97 24098 97 24322 99 24547 99 24772 100 24997 100 25222 101 25447 101 25671 102 25896 103 26121 103 26346 104 26571 104 26796 105 27021 105 27246 106 27471 107 27696 108 27921 110 28146 111 28371 112 28596 113 28821 114 29046 114 29271 115 29496 116 29721 117 29946 118 30171 119 30397 120 30622 123 30847 129 31073 132 31298 135 31524 136 31749 139 31929 2 31974 142 32151 7 32200 145 32374 10 32425 150 32597 13 32650 156 32820 16 32876 186 33101 188 33326 189 33551 190 33777 190 34002 191 34227 192 34452 193 34677 194 34902 196 35127 197 35352 198 35577 199 35802 199 36026 200 36251 199 36476 197 36700 28 36729 166 36925 27 36955 163 37149 29 37181 159 37374 29 37406 157 37599 30 37631 154 37823 31 37857 151 38048 31 38083 145 38273 31 38308 142 38498 30 38533 138 38723 29 38759 134 38947 28 38984 131 39172 27 39209 128 39397 26 39434 125 39622 25 39659 121 39847 25 39884 118 40071 25 40109 116 40296 25 40334 114 40520 26 40559 112 40745 25 40784 110 40969 25 41009 108 41193 26 41235 106 41417 26 41460 104 41642 25 41685 102 41866 26 41910 100 42091 25 42135 98 42316 24 42360 95 42541 23 42585 91 42766 22 42810 78 42991 21 43035 76 43216 19 43260 75 43441 17 43485 75 43666 14 43711 73 43891 11 43936 72 44117 7 44161 72 44342 5 44386 72 44611 71 44837 69 45062 69 45287 68 45513 65 45738 65 45964 63 46189 63 46415 62 46640 62 46866 61 47092 60 47317 60 47543 59 47769 59 47995 58 48221 57 48447 56 48673 56 48899 55 49126 53 49352 52 49578 51 49805 50 50031 49 50257 49 50484 48 50710 52 50937 57 51163 62 51390 64 51618 69 51869 47 52100 11 52122 20 52353 15 52583 10 52811 7 53038 5 53266 1
pomeranian_81,21263 27 21755 39 22245 53 22735 66 23228 76 23723 83 24219 90 24716 96 25213 101 25710 106 26208 111 26705 116 27201 123 27696 130 28189 141 28684 148 29180 155 29677 159 30172 166 30648 3 30654 186 31143 199 31640 204 32135 211 32618 231 33115 237 33613 243 34112 247 34612 250 35111 253 35611 255 36111 258 36610 261 37110 264 37610 266 38109 269 38609 270 39109 272 39609 273 40108 275 40608 277 41108 279 41607 281 42107 283 42607 284 43106 287 43606 288 44105 291 44603 294 45102 297 45601 299 46100 302 46599 305 47096 310 47594 313 48093 316 48590 320 49087 325 49585 328 50072 7 50081 334 50568 349 51064 355 51562 359 52059 365 52556 371 53051 380 53548 387 54047 391 54546 397 55045 404 55543 414 56042 421 56541 427 57040 432 57540 437 58039 446 58539 449 59038 451 59538 454 60038 455 60537 457 61037 457 61537 458 62037 458 62536 459 63036 459 63536 459 64035 461 64535 461 65035 461 65534 462 66034 462 66534 462 67033 463 67533 463 68033 463 68533 463 69032 464 69532 464 70032 464 70532 464 71032 464 71532 464 72032 464 72531 465 73031 465 73531 465 74031 465 74531 465 75031 465 75531 465 76031 465 76531 465 77031 465 77531 465 78031 465 78531 465 79031 465 79531 465 80032 464 80532 464 81032 464 81532 464 82032 464 82532 464 83032 464 83532 464 84032 464 84532 464 85032 464 85533 463 86033 463 86533 463 87033 463 87533 463 88034 462 88534 462 89034 462 89534 462 90035 461 90535 461 91036 460 91536 460 92037 459 92537 459 93037 459 93538 458 94038 458 94539 457 95040 456 95540 456 96041 455 96541 455 97042 454 97543 453 98043 453 98544 452 99044 452 99545 451 100046 450 100547 449 101047 449 101548 448 102049 447 102549 447 103050 446 103551 445 104052 444 104552 444 105053 443 105554 442 106055 441 106556 440 107057 439 107558 438 108059 437 108560 436 109062 434 109563 433 110065 431 110567 429 111069 427 111571 425 112073 423 112575 421 113076 420 113577 419 114078 418 114579 417 115080 416 115581 415 116081 415 116582 414 117083 413 117583 413 118084 412 118584 412 119085 411 119585 411 120086 410 120586 410 121086 410 121587 409 122087 409 122587 409 123087 409 123587 409 124087 409 124588 408 125088 408 125588 408 126088 408 126588 408 127088 408 127588 408 128088 408 128588 408 129088 408 129588 408 130088 408 130588 408 131087 409 131587 409 132087 409 132587 409 133087 409 133587 409 134086 410 134586 410 135086 410 135586 410 136085 411 136585 411 137085 411 137585 411 138084 412 138584 412 139084 412 139583 413 140083 413 140582 414 141082 414 141582 414 142081 415 142580 416 143080 416 143579 417 144078 418 144577 419 145076 420 145575 421 146074 422 146572 424 147070 426 147569 427 148067 429 148565 431 149064 432 149562 434 150061 435 150559 437 151058 438 151557 439 152057 439 152556 440 153055 441 153555 441 154054 442 154554 442 155053 443 155553 443 156052 444 156551 445 157051 445 157551 445 158050 446 158550 446 159049 447 159548 448 160048 448 160547 449 161047 449 161546 450 162045 451 162545 451 163044 452 163544 452 164043 453 164543 453 165042 454 165542 454 166041 455 166541 455 167040 456 167540 456 168039 457 168539 457 169038 458 169538 458 170038 458 170537 459 171037 459 171536 460 172036 460 172536 460 173035 461 173535 461 174035 461 174535 461 175034 462 175534 462 176034 462 176534 462 177033 463 177533 463 178033 463 178533 463 179033 463 179533 463 180033 463 180533 463 181033 463 181533 463 182033 463 182533 463 183033 463 183533 463 184033 463 184533 463 185033 463 185533 463 186034 462 186534 462 187034 462 187535 461 188036 460 188536 460 189037 459 189538 458 190039 457 190540 456 191042 454 191543 453 192045 451 192546 450 193048 448 193550 446 194052 444 194554 442 195055 441 195557 439 196059 437 196561 435 197063 433 197565 431 198066 430 198568 428 199070 426 199572 424 200074 422 200576 420 201079 417 201581 415 202083 413 202586 410 203088 22 203121 375 203591 13 203624 372 204126 370 204627 369 205129 367 205630 366 206131 365 206632 364 207133 363 207634 362 208135 361 208636 360 209137 359 209638 358 210138 358 210639 357 211139 357 211640 356 212140 356 212641 355 213142 354 213642 354 214143 353 214643 353 215144 352 215644 352 216145 351 216646 350 217146 349 217646 289 217968 27 218147 274 218476 19 218648 267 218980 15 219149 263 219483 12 219650 258 219986 2 219993 1 220150 255 220651 251 221152 248 221653 245 222154 242 222656 238 223157 235 223658 233 224160 229 224663 225 225166 220 225669 215 226171 212 226673 208 227175 204 227676 201 228177 198 228679 194 229180 190 229681 188 230183 184 230684 181 231186 177 231687 173 232189 166 232691 156 233193 148 233695 143 234198 139 234702 133 235205 128 235707 125 236208 122 236710 119 237211 116 237713 113 238214 111 238714 110 239215 108 239716 106 240217 104 240718 103 241218 102 241719 100 242220 99 242720 98 243222 95 243723 93 244225 89 244726 87 245227 85 245728 84 246230 81 246735 70
havanese_26,29792 8 30287 26 30783 32 31278 39 31773 45 32268 50 32763 55 33259 59 33755 62 34251 65 34748 68 35245 70 35743 72 36240 75 36739 75 37237 77 37736 79 38235 80 38734 82 39234 82 39733 84 40232 85 40732 86 41232 86 41731 88 42231 88 42730 90 43230 91 43729 92 44229 93 44729 94 45228 95 45728 96 46227 98 46727 99 47227 100 47726 103 48226 104 48726 106 49226 107 49725 110 50225 112 50724 115 51224 116 51724 118 52224 119 52723 122 53223 123 53723 125 54222 128 54722 129 55221 132 55721 133 56220 136 56720 137 57219 139 57719 140 58218 141 58718 142 59218 143 59717 144 60217 145 60717 146 61216 147 61715 149 62215 149 62714 151 63213 152 63713 153 64212 155 64711 156 65210 158 65709 160 66208 162 66707 164 67206 167 67705 169 68204 172 68703 174 69202 177 69701 179 70200 181 70700 183 71199 185 71698 188 72198 190 72697 194 73196 198 73696 200 74196 203 74695 205 75195 206 75694 208 76194 208 76694 208 77193 210 77693 210 78193 210 78692 211 79192 211 79691 212 80190 213 80690 214 81149 16 81189 215 81646 22 81688 216 82144 26 82187 217 82641 31 82685 219 83139 35 83183 221 83638 266 84136 268 84635 269 85134 270 85633 271 86133 271 86632 272 87131 273 87630 274 88129 276 88628 277 89128 277 89626 279 90125 281 90624 282 91123 283 91621 286 92120 287 92618 289 93117 291 93616 292 94115 293 94614 295 95113 296 95612 297 96111 298 96611 298 97110 300 97609 301 98109 301 98609 301 99108 302 99608 302 100108 302 100607 302 101107 302 101607 302 102107 301 102606 301 103106 301 103606 299 104106 298 104606 296 105106 294 105606 292 106106 290 106606 288 107106 287 107606 286 108106 284 108606 283 109106 281 109606 280 110106 279 110606 278 111106 277 111606 277 112106 276 112606 275 113106 274 113605 275 114105 274 114605 274 115104 274 115604 274 116104 273 116604 273 117104 273 117604 273 118104 273 118604 272 119105 271 119605 271 120106 269 120606 269 121107 268 121608 266 122109 265 122610 263 123111 261 123612 259 124113 258 124614 256 125115 254 125615 102 125723 145 126116 98 126230 138 126617 94 126735 132 127118 89 127241 125 127618 86 127746 119 128119 83 128252 112 128620 80 128756 107 129121 77 129261 101 129622 74 129766 95 130123 71 130275 85 130624 68 130799 60 131125 65 131306 52 131626 62 131816 41 132127 60 132322 33 132628 56 132825 27 133129 53 133328 22 133631 48 133831 14 134134 41 134334 6 134640 28 135150 5
english_cocker_spaniel_116,41870 16 42243 21 42616 25 42989 28 43363 30 43736 33 44109 35 44483 37 44856 39 45230 40 45604 42 45978 43 46353 44 46727 46 47101 47 47475 49 47849 50 48224 51 48598 52 48972 54 49346 56 49720 57 50094 59 50468 60 50842 62 51215 65 51589 66 51962 69 52335 72 52708 75 53081 77 53455 79 53829 81 54202 84 54576 85 54949 88 55322 90 55695 93 56069 94 56441 98 56814 100 57187 102 57560 105 57933 107 58306 109 58679 111 59053 112 59427 113 59801 114 60175 115 60548 117 60922 118 61295 120 61669 121 62042 124 62416 125 62789 127 63163 128 63537 128 63910 130 64284 131 64658 132 65032 133 65406 134 65779 136 66153 137 66527 138 66900 140 67274 140 67648 141 68021 143 68395 144 68768 145 69141 147 69514 149 69887 151 70260 153 70632 155 71002 160 71373 164 71745 167 72117 169 72489 172 72861 175 73235 175 73608 177 73982 177 74355 179 74729 179 75103 180 75477 180 75851 180 76225 181 76598 182 76972 183 77346 183 77720 183 78093 185 78467 186 78841 186 79214 188 79588 188 79962 189 80335 190 80709 191 81082 193 81456 193 81829 195 82203 196 82576 197 82950 198 83324 199 83697 201 84071 202 84445 203 84819 204 85193 205 85566 207 85940 208 86314 209 86687 211 87061 212 87435 213 87808 216 88182 217 88556 218 88929 220 89303 221 89677 222 90050 224 90424 226 90797 228 91170 230 91544 232 91917 234 92290 236 92663 239 93037 240 93410 243 93783 245 94156 248 94528 251 94900 255 95273 257 95646 260 96020 261 96393 264 96767 265 97140 268 97514 269 97888 271 98262 272 98636 274 99010 276 99383 279 99757 280 100130 283 100502 287 100876 289 101251 290 101626 291 102001 292 102376 292 102751 293 103126 294 103501 295 103876 296 104251 297 104626 298 105001 299 105376 300 105751 300 106126 301 106501 301 106876 302 107251 302 107626 302 108001 303 108376 303 108751 303 109126 303 109501 303 109876 302 110251 302 110626 301 111001 300 111376 299 111751 298 112126 296 112501 295 112876 294 113251 293 113626 292 114001 290 114376 289 114751 288 115126 288 115501 287 115876 286 116251 286 116626 285 117001 284 117376 283 117751 282 118126 282 118501 281 118876 281 119251 280 119626 280 120001 279 120376 279 120751 278 121126 277 121501 277 121876 276 122251 275 122626 274 123001 272 123376 271 123751 266 124126 253 124501 250 124876 245 125251 242 125626 240 126001 238 126376 236 126751 234 127126 231 127501 229 127876 227 128251 226 128626 225 129001 224 129376 223 129751 222 130126 221 130501 220 130876 141 131025 71 131251 139 131403 67 131626 138 131781 63 132001 136 132158 60 132376 136 132536 56 132751 135 132912 54 133126 134 133289 51 133501 133 133666 48 133876 133 134043 45 134251 132 134419 43 134626 132 134797 39 135001 131 135176 34 135376 131 135554 29 135751 130 135932 25 136126 130 136309 22 136501 129 136685 20 136876 129 137061 18 137251 129 137438 15 137626 128 137814 13 138001 127 138191 8 138376 126 138751 126 139126 125 139501 124 139876 122 140251 120 140626 117 141001 114 141376 112 141751 111 142126 110 142501 108 142876 107 143251 105 143626 104 144001 103 144376 101 144751 100 145126 98 145501 96 145876 95 146251 94 146626 93 147001 92 147376 91 147751 91 148126 91 148501 91 148876 91 149251 91 149626 91 150001 91 150376 91 150751 91 151126 91 151501 92 151876 92 152251 93 152626 94 153001 95 153376 95 153751 96 154128 94 154505 93 154883 90 155259 90 155636 35 155679 45 156013 30 156056 44 156389 28 156433 42 156765 25 156810 40 157142 21 157187 39 157518 19 157563 38 157617 12 157895 15 157938 37 157990 24 158271 12 158315 35 158364 28 158650 5 158691 34 158738 31 159067 33 159113 32 159443 31 159488 33 159818 30 159863 33 160195 27 160238 34 160571 25 160614 33 160948 21 160989 33 161325 15 161365 33 161703 8 161741 32 162082 3 162117 31 162492 31 162868 30 163244 29 163620 28 163996 27 164373 25 164748 25 165124 24 165500 23 165877 20 166253 19 166629 17 167006 14 167384 10 167763 5
saint_bernard_164,168 57 579 57 990 57 1401 58 1811 59 2222 59 2633 60 3044 60 3455 60 3866 61 4277 61 4688 61 5099 62 5510 62 5921 63 6332 63 6743 63 7154 64 7565 64 7976 65 8386 66 8797 67 9208 67 9619 68 10030 68 10441 69 10852 69 11263 70 11674 70 12086 70 12497 70 12908 71 13319 72 13730 72 14141 73 14553 72 14964 73 15375 73 15787 73 16198 73 16609 74 17021 73 17432 74 17843 75 18255 74 18666 74 19077 75 19489 74 19900 75 20311 75 20722 76 21133 76 21544 77 21955 77 22366 77 22778 77 23188 78 23599 78 24010 78 24421 79 24832 79 25066 6 25243 79 25473 10 25654 80 25881 13 26064 81 26290 15 26475 81 26699 17 26886 82 27108 19 27296 83 27517 21 27707 83 27926 23 28118 84 28336 24 28528 85 28745 26 28938 87 29154 28 29288 17 29349 87 29564 29 29694 29 29759 88 29973 31 30102 38 30169 90 30382 33 30511 48 30578 92 30791 35 30920 58 30987 95 31199 38 31329 165 31608 40 31739 166 32016 43 32148 168 32424 46 32558 170 32832 49 32968 171 33240 52 33378 173 33647 56 33788 174 34056 58 34198 176 34463 62 34608 177 34870 66 35018 178 35278 69 35429 179 35683 75 35839 181 36090 79 36249 182 36495 85 36659 184 36901 90 37069 185 37308 94 37479 187 37715 98 37889 189 38122 102 38299 191 38529 106 38709 193 38935 111 39119 196 39342 115 39530 197 39750 118 39940 200 40157 122 40350 204 40564 126 40761 340 41171 341 41582 341 41992 342 42403 342 42813 343 43223 344 43634 344 44044 345 44455 345 44865 346 45276 346 45686 347 46097 347 46507 348 46918 348 47328 349 47739 349 48149 350 48559 351 48970 351 49380 352 49791 352 50202 352 50612 353 51023 353 51433 354 51844 354 52254 355 52665 355 53076 355 53486 356 53897 356 54308 356 54718 357 55129 357 55540 357 55951 357 56361 358 56772 358 57183 290 57475 66 57594 287 57889 63 58004 287 58301 62 58415 286 58713 61 58826 286 59126 59 59237 285 59538 58 59648 284 59950 57 60058 285 60362 56 60469 284 60774 55 60880 284 61185 55 61291 284 61597 54 61702 284 62009 53 62113 283 62420 53 62524 283 62832 52 62935 283 63243 52 63345 284 63654 52 63756 284 64066 51 64167 284 64477 51 64578 284 64888 51 64989 284 65299 51 65400 285 65711 50 65811 285 66122 50 66221 286 66533 50 66632 286 66945 49 67043 286 67356 49 67454 286 67767 49 67865 286 68178 49 68276 286 68590 48 68687 286 69001 48 69098 286 69412 48 69509 286 69824 47 69920 286 70235 47 70330 287 70646 47 70741 287 71057 47 71152 287 71468 47 71563 287 71879 47 71974 287 72290 47 72385 287 72701 47 72796 287 73112 47 73207 287 73523 47 73618 287 73934 47 74028 288 74345 47 74439 288 74756 47 74850 288 75167 47 75261 288 75578 47 75672 288 75989 47 76082 289 76400 47 76493 289 76811 47 76904 289 77222 47 77315 289 77633 47 77726 289 78044 47 78137 289 78455 47 78548 289 78866 47 78958 290 79277 47 79369 290 79688 47 79780 290 80099 47 80191 290 80510 47 80602 290 80921 47 81013 290 81331 48 81424 290 81742 48 81835 291 82153 48 82246 291 82563 49 82657 292 82974 49 83067 293 83384 50 83478 294 83795 50 83889 294 84206 50 84300 295 84616 51 84711 296 85027 51 85122 297 85437 52 85533 298 85847 53 85944 300 86257 54 86355 301 86667 55 86766 303 87075 58 87177 367 87588 367 87999 367 88410 367 88821 367 89232 367 89643 367 90054 367 90465 367 90876 367 91287 367 91698 367 92109 367 92520 367 92931 367 93342 367 93753 367 94164 367 94574 368 94985 368 95396 368 95807 368 96218 368 96629 368 97040 368 97451 368 97862 368 98273 368 98684 368 99095 368 99506 368 99917 368 100328 368 100739 368 101150 368 101561 368 101972 368 102383 368 102794 368 103205 368 103616 368 104027 368 104439 367 104850 367 105261 367 105672 367 106084 366 106495 366 106906 366 107317 366 107729 365 108140 365 108552 364 108963 364 109375 363 109786 363 110198 362 110609 362 111021 361 111432 361 111844 360 112255 360 112667 359 113079 358 113490 358 113902 357 114313 357 114725 356 115137 355 115548 355 115960 354 116371 354 116783 353 117194 353 117606 352 118018 351 118429 351 118841 350 119252 350 119664 349 120075 349 120487 348 120898 348 121310 347 121721 347 122132 347 122544 346 122955 346 123367 345 123778 345 124189 345 124601 344 125012 344 125423 344 125834 344 126245 344 126657 343 127068 343 127479 343 127890 343 128301 343 128713 342 129124 342 129535 342 129946 342 130357 342 130769 341 131180 341 131591 341 132002 341 132413 341 132824 341 133235 341 133646 341 134057 341 134468 341 134880 340 135291 340 135702 340 136113 340 136524 340 136935 340 137346 340 137757 340 138168 340 138579 340 138990 340 139402 339 139813 339 140224 339 140635 339 141046 339 141457 339 141868 339 142279 339 142690 339 143101 339 143513 338 143924 338 144335 338 144746 338 145158 337 145569 337 145980 337 146392 336 146803 336 147214 336 147625 336 148037 335 148448 335 148860 334 149271 334 149682 334 150094 333 150505 333 150916 333 151328 332 151739 332 152150 332 152562 331 152973 331 153385 330 153796 330 154207 330 154619 329 155030 329 155442 328 155853 328 156264 328 156676 327 157088 326 157499 326 157911 325 158322 325 158734 324 159146 323 159557 323 159969 322 160381 321 160793 320 161205 319 161617 318 162029 317 162441 316 162853 315 163265 314 163678 312 164090 311 164502 310 164915 308 165327 307 165741 304 166153 303 166566 301 166980 298 167393 296 167807 293 168220 291 168633 289 169046 287 169459 285 169872 283 170284 282 170697 280 171110 278 171523 156 171691 108 171936 151 172108 102 172349 145 172522 99 172762 141 172934 98 173175 136 173346 97 173588 130 173758 96 174000 127 174170 95 174413 123 174582 94 174826 117 174994 93 175238 113 175405 93 175651 66 175722 37 175817 92 176064 62 176138 26 176228 92 176476 59 176561 3 176640 91 176889 56 177052 90 177303 52 177463 90 177719 46 177875 89 178137 38 178286 89 178552 33 178698 88 178967 28 179109 88 179386 15 179521 87 179932 87 180344 86 180756 85 181167 85 181579 84 181991 83 182403 82 182815 81 183227 80 183639 79 184051 78 184463 77 184875 76 185287 75 185699 74 186111 73 186524 71 186936 70 187348 69 187761 67 188173 66 188585 65 188998 63 189410 62 189822 61 190235 59 190647 58 191059 57 191471 56 191884 54 192296 53 192708 52 193121 50 193534 48 193946 47 194359 45 194771 44 195184 42 195597 40 196010 38 196423 36 196837 33 197250 31 197663 29 198077 26 198490 24 198903 22 199317 19 199729 18 200142 16 200555 14 200968 12 201382 9 201794 8 202207 6
wheaten_terrier_8,66152 5 66581 10 67012 13 67441 18 67870 22 68300 25 68728 30 69156 35 69586 38 70017 40 70448 42 70879 44 71310 45 71741 47 72172 48 72603 49 73032 52 73458 57 73882 63 74292 83 74719 85 75148 86 75578 87 76006 89 76436 91 76861 97 77278 111 77706 114 78133 118 78559 122 78989 122 79418 122 79848 121 80279 121 80709 121 81140 122 81570 122 82000 123 82431 123 82862 123 83293 123 83724 123 84155 123 84585 124 85017 123 85447 124 85878 125 86310 124 86741 125 87172 125 87604 124 88035 124 88467 123 88899 122 89331 121 89763 120 90195 119 90627 118 91059 117 91490 117 91922 115 92353 114 92784 114 93193 6 93215 114 93625 9 93645 115 94058 10 94076 115 94492 8 94508 114 94927 5 94941 112 95375 110 95808 109 96242 107 96675 106 96848 16 97108 105 97279 23 97542 104 97710 29 97975 104 98142 47 98408 103 98573 54 98842 102 99005 56 99275 102 99436 59 99708 102 99867 61 100141 102 100297 65 100575 102 100726 69 101008 102 101153 75 101441 103 101581 80 101874 103 102009 85 102307 104 102439 88 102741 105 102868 92 103174 107 103294 98 103607 218 104040 218 104473 217 104906 185 105105 18 105339 182 105543 12 105772 180 105981 5 106205 178 106638 176 107071 174 107504 173 107937 172 108370 170 108803 169 109236 168 109669 166 110102 165 110535 164 110968 162 111401 161 111834 160 112268 157 112701 156 113134 154 113567 153 114000 151 114433 150 114866 148 115299 146 115732 144 116165 142 116599 139 117032 137 117465 135 117898 133 118331 131 118765 128 119198 127 119631 126 120064 125 120498 123 120931 122 121364 122 121797 121 122230 121 122664 120 123097 120 123530 120 123963 120 124397 119 124830 119 125263 119 125696 119 126129 119 126563 119 126996 119 127429 119 127862 120 128295 120 128728 120 129161 121 129595 120 130028 121 130461 122 130894 122 131327 123 131760 123 132193 124 132626 125 133059 126 133492 127 133925 128 134358 128 134791 130 135224 131 135657 132 136090 133 136523 134 136955 137 137388 140 137821 143 138254 156 138687 165 139120 168 139553 175 139986 210 140418 217 140851 244 141284 248 141717 250 142150 251 142582 254 143015 254 143448 255 143881 256 144313 258 144746 258 145179 259 145611 260 146044 260 146477 260 146909 261 147341 262 147774 262 148206 262 148639 261 149071 262 149504 262 149936 263 150368 210 150607 25 150800 204 151042 23 151233 193 151476 22 151665 175 151910 24 152097 170 152344 25 152529 167 152777 27 152961 165 153211 28 153393 164 153645 28 153824 164 154078 29 154255 163 154512 29 154685 165 154945 30 155109 173 155379 29 155535 179 155813 28 155964 182 156246 29 156392 187 156680 28 156813 198 157113 28 157240 204 157546 28 157669 208 157979 28 158100 210 158412 29 158532 211 158844 30 158963 213 159277 30 159395 215 159709 32 159826 217 160141 34 160258 219 160572 36 160690 220 161004 37 161121 223 161435 40 161553 225 161866 42 161985 227 162297 44 162416 230 162704 70 162848 232 163133 74 163280 235 163560 81 163711 239 163965 109 164143 243 164394 113 164575 365 165007 366 165439 367 165871 368 166304 369 166736 370 167168 371 167601 371 168033 372 168465 373 168898 373 169330 373 169763 373 170195 373 170628 372 171060 372 171493 370 171926 368 172358 365 172791 360 173224 321 173567 15 173657 317 174005 7 174090 313 174523 307 174957 302 175390 298 175823 293 176256 291 176689 286 177123 281 177556 277 177989 272 178423 267 178856 263 179289 257 179723 250 180156 232 180589 227 181022 224 181455 221 181889 217 182322 215 182755 212 183189 209 183622 207 184055 204 184488 202 184922 198 185355 192 185788 173 186221 165 186654 162 187088 159 187521 158 187954 157 188388 154 188821 153 189255 152 189688 151 190122 149 190555 149 190989 147 191422 147 191856 146 192290 144 192724 143 193157 143 193591 141 194025 140 194459 139 194893 137 195326 137 195760 136 196194 134 196628 133 197062 131 197496 130 197930 128 198364 127 198797 126 199231 124 199665 122 200099 120 200533 118 200966 116 201400 114 201834 111 202267 109 202701 106 203135 102 203569 98 204002 95 204436 91 204870 88 205303 86 205737 83 206171 80 206604 79 207038 76 207472 74 207906 72 208341 68 208776 65 209210 62 209644 60 210078 57 210511 56 210945 53 211379 51 211812 50 212246 49 212680 47 213114 45 213549 41 213984 38 214418 35 214851 34 215283 34 215717 30 216151 27
Siamese_46,46794 1 47285 18 47778 30 48272 39 48766 48 49258 58 49750 69 50243 79 50549 26 50737 88 51044 39 51160 17 51231 98 51541 64 51650 38 51723 112 52039 72 52145 194 52538 77 52637 206 53037 82 53131 214 53536 312 54036 314 54535 318 55035 320 55535 322 56035 324 56494 5 56535 326 56992 9 57036 327 57490 11 57536 328 57988 13 58036 330 58487 14 58537 331 58985 16 59037 333 59483 18 59537 335 59981 20 60038 336 60478 23 60539 338 60975 26 61040 339 61471 30 61540 341 61967 34 62041 343 62463 38 62542 345 62959 42 63043 347 63456 44 63544 350 63953 46 64046 352 64450 47 64547 359 64947 49 65048 376 65441 54 65549 445 66051 442 66552 440 67054 437 67555 435 68057 433 68559 430 69060 429 69562 426 70064 424 70566 421 71068 419 71570 416 72071 415 72573 412 73075 409 73577 406 74079 403 74581 400 75083 397 75585 394 76087 391 76588 389 77090 386 77591 384 78093 381 78594 379 79095 377 79596 376 80098 373 80598 372 81099 371 81600 370 82101 368 82601 368 83102 367 83603 366 84103 366 84604 365 85104 365 85604 365 86105 364 86605 365 87105 365 87605 365 88106 365 88606 365 89106 366 89606 367 90106 368 90606 369 91106 370 91607 371 92107 372 92607 374 93107 375 93607 376 94107 377 94607 377 95107 378 95607 379 96107 379 96607 380 97107 380 97607 380 98107 381 98607 381 99107 382 99607 382 100107 382 100607 382 101107 383 101607 383 102107 383 102607 383 103107 383 103606 384 104106 384 104606 383 105106 383 105606 383 106105 384 106605 383 107105 383 107605 383 108104 383 108604 383 109103 384 109603 383 110102 384 110601 385 111101 384 111600 385 112099 386 112598 387 113097 388 113595 389 114094 390 114593 391 115092 392 115591 393 116089 395 116588 395 117087 396 117585 398 118084 399 118583 400 119082 401 119580 403 120079 404 120578 405 121076 407 121575 408 122074 410 122573 411 123072 412 123571 413 124070 415 124569 416 125068 417 125567 418 126066 420 126566 420 127065 137 127212 274 127564 133 127715 271 128063 129 128217 269 128562 126 128718 269 129061 123 129219 268 129560 85 129651 27 129721 266 130060 74 130222 266 130559 72 130723 265 131058 70 131225 263 131557 69 131726 262 132057 66 132226 262 132556 64 132727 261 133056 61 133228 260 133556 57 133728 260 134055 55 134229 258 134555 51 134729 258 135054 47 135229 257 135554 44 135730 255 136054 41 136230 253 136554 38 136731 250 137054 35 137231 240 137473 1 137554 33 137732 232 138054 30 138232 226 138554 27 138733 221 139054 25 139233 218 139555 20 139734 215 140055 17 140234 212 140557 11 140734 210 141235 208 141735 206 142235 205 142735 203 143236 201 143736 200 144237 197 144737 196 145238 194 145738 193 146238 191 146739 189 147239 187 147740 185 148241 182 148742 179 149242 178 149743 175 150244 172 150745 169 151246 166 151746 164 152248 160 152749 157 153251 154 153752 151 154255 146 154757 142 155259 138 155763 132 156265 128 156768 123 157271 117 157774 112 158276 107 158778 102 159281 97 159782 94 160284 89 160785 85 161287 80 161789 74 162291 69 162792 64 163295 56 163796 51 164297 45 164797 41 165302 29 165813 2 165816 2 165820 1
miniature_pinscher_116,23796 4 24021 11 24247 17 24473 19 24699 20 24926 20 25152 22 25378 23 25604 24 25830 25 26056 28 26282 30 26507 33 26733 35 26959 41 27185 46 27411 50 27636 53 27862 55 28088 56 28314 57 28540 59 28609 2 28767 59 28833 4 28993 70 29219 70 29446 69 29672 70 29898 70 30125 69 30351 69 30577 70 30803 71 31029 71 31255 72 31481 73 31707 74 31933 75 32159 76 32385 77 32610 79 32836 80 33062 81 33288 81 33514 82 33740 83 33967 82 34193 82 34419 83 34645 83 34871 83 35097 83 35324 83 35550 83 35777 82 36003 83 36230 82 36456 82 36683 82 36909 83 37136 82 37363 82 37589 16 37614 58 37816 14 37842 57 38043 12 38069 58 38270 10 38295 60 38384 15 38497 8 38522 62 38597 29 38723 7 38748 105 38950 5 38975 103 39177 3 39201 102 39403 3 39428 87 39516 11 39629 3 39654 75 39854 4 39881 70 40080 4 40107 66 40306 4 40334 61 40532 4 40560 52 40758 4 40787 49 40983 5 41013 48 41209 5 41240 47 41435 4 41466 47 41661 3 41692 47 41919 46 42145 46 42372 46 42598 46 42824 46 42904 5 43051 45 43111 3 43128 7 43278 44 43336 6 43349 12 43504 44 43561 25 43731 43 43786 19 43957 44 44010 19 44184 44 44235 18 44411 67 44638 64 44865 61 45092 58 45318 57 45545 54 45772 50 45999 45 46226 41 46454 35 46682 28 46910 21 47139 14 47369 6
Egyptian_Mau_168,9082 11 9326 20 9572 27 9817 37 10063 41 10309 43 10555 44 10802 44 11048 44 11294 45 11540 46 11787 45 12033 47 12279 48 12524 50 12770 51 13016 51 13262 53 13507 56 13753 62 13998 66 14243 69 14489 69 14734 71 14979 72 15224 73 15469 74 15714 76 15959 77 16204 78 16449 79 16694 81 16939 82 17183 85 17428 88 17673 91 17917 95 18162 96 18313 1 18407 99 18556 3 18651 102 18799 5 18896 105 19041 8 19140 109 19284 10 19384 112 19527 11 19628 116 19763 19 19873 123 19998 29 20116 155 20360 155 20604 154 20848 154 21092 155 21336 155 21580 155 21824 155 22069 18 22094 130 22315 9 22344 124 22591 120 22838 116 23084 112 23330 109 23576 107 23822 104 24068 102 24314 100 24560 99 24806 98 25052 97 25299 95 25545 95 25791 94 26037 94 26283 95 26528 96 26774 96 27020 96 27266 96 27511 98 27757 100 28003 103 28249 106 28494 110 28739 113 28985 114 29230 116 29475 117 29721 118 29966 118 30211 119 30456 120 30702 119 30947 120 31193 119 31438 119 31683 120 31929 119 32174 119 32419 119 32665 118 32910 118 33156 118 33401 118 33647 117 33893 116 34138 116 34383 116 34629 115 34874 116 35120 115 35365 115 35611 114 35856 114 36102 113 36347 114 36592 114 36837 114 37083 113 37328 113 37574 112 37819 112 38065 111 38310 111 38556 110 38801 111 39047 110 39292 110 39538 109 39784 109 40030 108 40275 108 40521 107 40767 106 41013 106 41259 105 41505 104 41752 102 41998 101 42245 99 42491 98 42738 96 42985 94 43232 92 43478 91 43725 89 43972 87 44218 86 44465 84 44712 82 44959 80 45206 79 45454 76 45702 73 45953 67 46201 64 46448 63 46696 60 46944 57 47191 56 47441 51 47707 30 47954 28 48201 26 48447 25 48693 24 48939 24 49185 23 49431 22 49676 22 49922 22 50168 21 50413 21 50659 20 50905 20 51151 19 51396 19 51642 18 51887 18 52133 18 52379 17 52624 17 52869 17 53115 16 53360 16 53606 15 53851 16 54097 15 54342 15 54587 15 54833 14 55078 15 55323 15 55568 15 55814 14 56059 15 56304 15 56550 14 56795 14 57040 15 57286 14 57531 14 57777 13 58022 13 58268 13 58513 13 58759 12 59004 12 59250 12 59495 12 59741 11 59986 11 60232 11 60477 11 60723 10 60969 9 61215 8 61460 8 61706 8 61952 7 62197 8 62443 7 62688 9 62934 9 63179 10 63425 9 63670 9 63916 8 64162 8 64408 7 64653 7 64899 6 65145 6 65391 7 65637 7 65882 8 66128 8 66374 8 66619 9 66865 8 67111 8 67357 7 67603 7 67849 7 68094 7 68340 7 68586 6 68832 7 69077 9 69323 9 69570 9 69817 7 70063 6 70310 4
samoyed_24,36919 15 37289 24 37659 35 38032 43 38405 53 38777 64 39151 68 39524 73 39897 79 40270 85 40643 90 41017 94 41390 99 41764 102 42137 107 42511 111 42884 116 43257 121 43630 125 44004 129 44377 135 44749 141 45123 145 45496 149 45869 153 46243 156 46617 159 46990 164 47364 167 47738 172 48112 177 48486 181 48860 184 49234 187 49608 190 49982 192 50356 194 50730 196 51104 198 51478 200 51851 203 52225 205 52599 206 52973 208 53346 211 53720 213 54094 215 54467 218 54841 220 55215 222 55590 222 55964 224 56338 226 56713 227 57087 228 57461 230 57836 231 58210 232 58585 233 58959 235 59334 235 59708 237 60083 238 60458 238 60832 240 61207 241 61581 242 61956 243 62331 243 62706 244 63080 246 63455 246 63830 247 64205 247 64580 248 64955 249 65330 249 65704 251 66079 251 66454 252 66829 253 67205 252 67580 253 67955 253 68330 254 68705 254 69080 255 69454 257 69829 257 70204 258 70579 259 70954 259 71329 260 71703 262 72078 262 72453 263 72827 265 73202 266 73577 267 73951 269 74326 269 74701 270 75076 271 75450 273 75825 274 76200 274 76574 276 76949 277 77324 278 77699 279 78073 281 78448 216 78668 62 78823 215 79045 61 79198 215 79423 60 79573 214 79800 59 79948 214 80177 58 80323 214 80554 57 80698 213 80931 57 81072 214 81307 57 81447 214 81683 58 81822 214 82060 58 82197 214 82436 58 82572 213 82812 59 82947 213 83189 59 83322 213 83565 61 83697 213 83941 60 84072 213 84317 59 84447 212 84694 57 84822 213 85070 56 85197 213 85446 55 85572 214 85823 53 85947 216 86199 52 86322 218 86575 51 86697 228 86952 49 87072 230 87329 47 87447 232 87705 46 87822 234 88081 45 88197 236 88458 43 88572 237 88834 42 88946 239 89210 41 89322 239 89586 40 89697 239 89962 39 90072 240 90338 38 90447 240 90714 37 90822 241 91090 36 91197 241 91466 35 91573 241 91842 34 91948 241 92218 33 92324 240 92594 32 92699 240 92970 31 93075 239 93346 30 93450 239 93722 29 93826 238 94099 27 94202 237 94475 26 94579 235 94851 25 94955 234 95228 23 95331 232 95604 22 95708 230 95981 20 96085 227 96358 18 96462 225 96735 16 96839 222 97113 11 97217 218 97595 214 97972 211 98349 207 98726 203 99103 177 99291 9 99479 170 99855 164 100231 158 100607 154 100983 148 101359 143 101734 140 102110 135 102486 132 102862 128 103237 125 103613 122 103989 119 104365 115 104741 113 105117 109 105494 105 105870 103 106246 100 106623 96 106999 94 107376 91 107752 88 108128 86 108505 81 108881 78 109257 72 109633 66 110009 62 110385 57 110761 53 111137 50 111513 46 111889 43 112264 41 112640 37 113015 35 113391 32 113766 29 114142 27 114517 25 114892 23 115267 21 115642 20 116017 19 116392 18 116768 16 117143 15 117518 14 117892 15 118267 15 118642 14 119017 14 119392 14 119767 13 120142 13 120517 13 120892 13 121267 13 121642 12 122016 13 122391 13 122766 13 123141 12 123516 12 123891 12 124266 12 124641 11 125016 11 125391 11 125766 10 126141 10 126516 9 126891 9 127267 7 127642 7 128017 6 128392 5 128769 1
american_pit_bull_terrier_36,3965 6 4463 9 4961 12 5459 14 5958 15 6457 16 6955 18 7454 19 7952 21 8451 22 8949 24 9448 24 9946 26 10444 27 10942 29 11440 30 11938 31 12436 32 12934 32 13432 31 13929 32 14427 30 14924 30 15421 30 15918 31 16415 31 16911 32 17409 32 17906 33 18404 33 18902 33 19399 33 19897 33 20393 35 20890 36 21384 40 21878 44 22373 47 22869 49 23366 49 23863 50 24360 50 24857 49 25354 46 25852 41 26348 40 26846 39 27342 40 27839 41 28336 41 28834 41 29331 42 29828 43 30324 46 30818 50 31310 56 31803 61 32298 65 32794 68 33289 71 33786 73 34283 74 34780 76 35277 78 35775 79 36272 81 36770 82 37268 83 37765 84 38264 84 38762 85 39261 84 39759 84 40258 83 40756 84 41255 83 41754 83 42253 82 42751 83 43250 83 43748 84 44246 86 44744 87 45242 88 45740 90 46237 93 46735 95 47232 98 47730 101 48228 103 48726 106 49225 109 49723 112 50222 115 50720 120 51219 124 51718 132 52217 141 52715 149 52889 20 53214 156 53382 30 53713 200 54212 202 54711 203 55210 204 55709 205 56208 206 56707 207 57207 206 57706 207 58205 208 58704 208 59203 208 59702 209 60201 209 60700 210 61199 210 61698 211 62196 213 62695 214 63193 216 63692 217 64099 8 64190 219 64597 11 64689 220 65095 15 65187 153 65346 62 65594 17 65686 148 65875 33 66093 19 66185 147 66380 27 66592 20 66683 148 66885 22 67091 22 67182 149 67389 17 67590 24 67681 149 67894 11 68090 24 68179 151 68400 2 68589 25 68678 152 69088 26 69176 154 69588 26 69675 155 70087 27 70173 158 70586 27 70672 159 71086 27 71170 162 71586 26 71669 163 72085 27 72167 166 72584 27 72665 169 73084 26 73164 171 73584 26 73662 174 74083 26 74161 176 74583 25 74660 178 75082 26 75158 181 75582 25 75657 184 76082 25 76156 186 76582 24 76655 189 77081 25 77154 191 77581 25 77653 195 78081 25 78152 198 78580 26 78650 203 79080 26 79149 206 79580 27 79647 209 80079 28 80145 212 80579 29 80644 213 81079 30 81142 215 81579 31 81640 218 82079 33 82136 221 82579 36 82632 225 83079 42 83126 231 83578 279 84078 278 84578 278 85078 277 85578 239 85818 36 86078 234 86325 27 86578 232 86830 18 87077 231 87577 230 88077 229 88577 228 89077 227 89576 227 90076 226 90576 226 91076 225 91575 225 92075 225 92574 225 93074 225 93573 225 94073 225 94573 225 95072 226 95571 227 96071 227 96570 229 97070 229 97569 231 98069 232 98568 235 99068 238 99567 242 100067 246 100566 252 101065 257 101565 260 102065 263 102564 268 103064 272 103563 277 104063 282 104562 308 105062 313 105562 317 106061 321 106561 325 107061 328 107560 331 108060 333 108560 335 109060 337 109560 339 110060 340 110560 342 111060 343 111560 345 112061 345 112561 347 113061 214 113284 125 113561 209 113795 25 113843 68 114062 204 114357 55 114562 201 114864 49 115062 199 115370 44 115562 196 115875 40 116063 193 116378 38 116563 191 116881 35 117063 189 117383 34 117564 185 117885 32 118064 183 118387 31 118564 180 118889 29 119065 175 119390 28 119565 128 119715 19 119891 27 120066 121 120392 26 120566 119 120893 25 121066 118 121394 23 121567 116 121895 22 122067 115 122397 20 122568 114 122898 19 123068 113 123399 18 123569 112 123900 17 124069 112 124401 16 124570 111 124902 15 125070 110 125403 14 125571 109 125904 12 126072 108 126406 10 126572 108 126907 9 127073 107 127409 6 127574 106 128075 104 128576 103 129076 103 129577 101 130078 100 130579 98 131080 97 131581 95 132082 93 132582 92 133083 90 133584 88 134085 86 134586 84 135087 82 135588 80 136089 78 136590 76 137092 73 137594 12 137619 45 138123 40 138626 37 139127 35 139629 32 140131 30 140632 28 141134 25 141635 23 142137 19 142638 17 143141 11
Abyssinian_125,63498 8 63848 25 64201 35 64558 39 64913 45 65270 49 65627 52 65984 55 66342 57 66699 60 67057 62 67414 65 67772 66 68129 69 68487 70 68843 73 69200 76 69556 79 69912 82 70268 85 70625 87 70981 90 71338 92 71695 94 72052 96 72408 99 72762 104 73117 108 73473 111 73827 116 74183 119 74541 120 74898 122 75256 123 75614 124 75972 125 76330 126 76689 126 77047 127 77405 128 77764 128 78122 129 78481 129 78839 130 79197 131 79556 131 79914 132 80273 131 80462 1 80631 132 80817 12 80990 132 81176 15 81347 134 81534 19 81706 133 81893 23 82063 134 82252 25 82420 135 82612 27 82776 136 82971 30 83130 139 83330 32 83486 138 83690 33 83836 144 84049 35 84192 144 84409 36 84549 142 84768 39 84905 143 85128 41 85261 144 85488 42 85617 144 85847 45 85974 145 86207 46 86331 146 86567 47 86688 146 86927 48 87046 146 87286 50 87404 146 87646 51 87762 146 88006 51 88120 146 88365 53 88479 146 88725 54 88837 146 89085 54 89196 145 89445 55 89555 145 89805 56 89913 145 90164 59 90272 145 90524 60 90630 145 90884 61 90988 146 91244 63 91347 145 91603 65 91705 146 91963 67 92063 147 92323 68 92421 147 92682 71 92779 148 93042 73 93137 149 93402 76 93495 150 93761 80 93851 152 94121 241 94480 240 94840 239 95199 238 95559 237 95918 236 96277 235 96637 233 96996 232 97355 231 97714 230 98073 229 98432 228 98792 224 99151 219 99510 206 99869 202 100228 198 100587 194 100945 193 101304 192 101663 192 102022 191 102381 191 102740 190 103099 189 103457 190 103816 190 104175 190 104534 190 104893 190 105251 191 105610 191 105969 191 106328 192 106687 192 107046 192 107405 192 107763 193 108122 193 108481 193 108840 193 109199 193 109558 193 109917 193 110276 193 110635 193 110994 192 111200 1 111353 192 111558 3 111712 192 111916 4 112071 192 112275 4 112430 192 112634 3 112789 193 112992 4 113148 193 113351 3 113507 193 113710 3 113866 193 114225 193 114584 193 114943 193 115302 194 115661 194 116020 194 116379 194 116738 195 117097 195 117456 195 117815 195 118174 195 118533 196 118892 196 119251 196 119610 196 119968 197 120327 197 120686 198 121045 198 121404 198 121762 199 122121 200 122479 201 122838 201 123196 203 123555 203 123913 205 124272 205 124630 207 124989 208 125347 209 125706 210 126064 211 126422 213 126781 214 127139 215 127497 217 127855 74 127943 130 128214 71 128304 129 128572 70 128664 128 128930 68 129025 127 129288 68 129385 126 129647 65 129745 126 130005 63 130106 125 130363 61 130466 124 130722 58 130826 124 131080 55 131186 124 131438 53 131546 123 131797 49 131907 122 132155 47 132267 122 132513 43 132627 122 132872 40 132988 120 133230 39 133348 120 133588 36 133709 119 133946 34 134069 119 134305 31 134429 118 134663 28 134789 118 135022 26 135149 117 135380 25 135509 117 135669 1 135739 21 135869 116 136024 9 136097 20 136229 116 136382 12 136456 17 136589 115 136739 15 136815 13 136949 114 137098 17 137175 8 137309 114 137456 19 137669 113 137814 20 138028 113 138172 22 138388 112 138531 23 138748 112 138889 24 139108 111 139247 26 139468 110 139606 26 139828 110 139964 28 140188 109 140323 28 140548 108 140681 30 140908 108 141039 31 141268 107 141398 31 141628 106 141756 33 141988 106 142114 34 142348 105 142472 35 142708 105 142830 36 143067 105 143188 37 143427 105 143546 38 143787 105 143903 40 144147 105 144261 41 144506 106 144618 43 144866 154 145226 152 145586 151 145945 150 146305 148 146665 147 147024 146 147384 144 147743 143 148103 140 148463 138 148823 136 149182 135 149542 132 149902 130 150262 127 150621 126 150981 124 151341 121 151701 119 152061 116 152421 114 152781 111 153141 109 153501 107 153861 104 154221 101 154581 98 154942 94 155302 91 155664 85 156026 79 156387 75 156753 63 157120 45 157490 24
Bengal_64,37164 3 37538 7 37914 7 38289 9 38665 9 39040 10 39415 11 39791 11 40166 12 40541 13 40916 13 41291 15 41667 14 42042 16 42417 17 42792 18 43168 18 43543 19 43918 20 43973 12 44293 21 44338 24 44669 22 44710 29 45044 24 45083 37 45420 29 45453 45 45795 83 46170 85 46546 85 46921 86 47297 86 47672 86 48048 86 48423 86 48798 86 49174 85 49549 85 49925 84 50300 84 50675 84 51051 82 51426 82 51801 82 52177 80 52552 80 52927 80 53302 79 53678 78 54053 77 54428 76 54804 75 55179 74 55554 73 55929 72 56305 69 56680 69 57055 68 57430 68 57806 66 58181 66 58556 66 58931 66 59307 65 59682 65 60057 65 60432 65 60807 66 61183 65 61558 66 61933 67 62309 66 62684 67 63060 67 63435 69 63811 69 64186 69 64562 69 64937 70 65312 71 65688 72 66063 73 66439 73 66814 75 67190 75 67566 76 67941 79 68317 80 68693 83 69069 86 69444 89 69820 92 70196 93 70572 95 70948 97 71323 99 71699 100 72075 100 72451 101 72826 102 73202 102 73578 103 73953 105 74329 106 74705 107 75081 108 75457 110 75832 112 76208 113 76584 114 76959 116 77335 116 77711 117 78086 118 78462 118 78838 118 79213 120 79589 120 79965 120 80340 121 80716 121 81091 123 81467 123 81843 123 82218 124 82593 125 82969 125 83344 126 83720 126 84095 127 84470 128 84845 129 85221 129 85596 130 85971 131 86346 132 86722 132 87097 133 87472 134 87847 135 88222 135 88597 136 88972 137 89347 138 89722 138 90097 139 90472 140 90847 140 91222 141 91597 142 91972 142 92347 143 92722 143 93097 144 93472 145 93847 146 94222 147 94597 149 94972 152 95347 153 95722 155 96097 156 96472 157 96847 158 97222 159 97597 160 97972 162 98347 163 98722 164 99097 165 99472 165 99847 167 100222 168 100597 169 100972 170 101347 171 101722 172 102097 172 102472 173 102847 173 103222 174 103597 174 103972 175 104347 176 104722 176 105097 177 105472 177 105847 178 106222 179 106597 181 106972 182 107347 183 107722 184 108097 185 108472 187 108847 188 109222 189 109597 190 109972 191 110347 192 110722 193 111097 194 111472 195 111847 196 112222 196 112597 197 112972 199 113348 199 113723 201 114097 203 114472 204 114847 206 115222 208 115597 210 115972 211 116347 213 116722 214 117097 216 117472 218 117847 221 118221 225 118596 228 118971 229 119346 229 119721 230 120096 230 120471 230 120846 230 121221 230 121596 229 121971 229 122346 229 122721 229 123096 229 123471 229 123846 229 124221 229 124596 229 124971 229 125346 229 125721 228 126096 228 126471 228 126847 227 127222 227 127597 228 127972 229 128347 230 128722 231 129098 230 129473 230 129848 231 130223 232 130598 233 130974 232 131349 233 131724 233 132099 233 132475 232 132850 232 133225 232 133601 231 133976 230 134351 230 134727 228 135102 228 135477 227 135853 225 136228 224 136604 222 136979 221 137354 220 137730 218 138105 218 138481 216 138856 215 139231 215 139607 213 139982 213 140358 211 140733 211 141109 210 141484 209 141860 208 142235 208 142611 207 142986 207 143361 206 143737 205 144112 205 144488 204 144863 204 145238 204 145614 202 145989 202 146365 201 146740 201 147116 200 147491 200 147867 198 148242 198 148618 197 148993 197 149369 196 149744 195 150120 194 150496 193 150872 192 151248 190 151624 189 152000 188 152376 187 152752 186 153128 184 153503 184 153879 183 154255 181 154631 180 155007 179 155383 177 155759 176 156135 174 156511 173 156887 172 157264 170 157640 169 158016 168 158393 165 158769 164 159145 163 159522 161 159898 160 160275 158 160651 157 161027 155 161404 153 161781 151 162157 150 162533 149 162910 146 163286 145 163662 144 164039 142 164415 140 164791 139 165168 137 165544 135 165921 133 166297 132 166674 129 167051 127 167427 125 167804 123 168180 121 168557 118 168934 116 169310 114 169687 111 170064 108 170441 106 170818 103 171196 99 171573 96 171951 92 172328 89 172705 86 173083 81 173460 78 173837 74 174214 67 174591 61 174968 50 175346 44 175723 39 176101 34 176478 30 176856 25 177232 21 177609 17 177986 13 178364 5
Sphynx_175,50624 11 51123 15 51623 19 52123 22 52623 25 53123 27 53623 29 54124 31 54624 33 55125 35 55625 37 56126 38 56626 40 57127 41 57627 43 58128 43 58629 43 59129 44 59630 44 60130 45 60631 45 61132 45 61632 46 62133 45 62634 45 63134 45 63635 45 64136 45 64637 44 65137 45 65638 45 66139 44 66640 44 67140 45 67641 44 68141 45 68642 45 69143 45 69643 46 70144 46 70645 47 71145 48 71646 48 72147 48 72648 49 73148 50 73648 51 74149 52 74649 53 75150 53 75650 54 75796 9 76150 55 76288 25 76359 21 76650 57 76783 37 76854 32 77150 58 77278 48 77349 44 77465 2 77650 59 77773 135 77960 10 78150 60 78269 168 78453 18 78650 62 78766 206 79150 63 79263 210 79649 66 79761 212 80149 68 80258 216 80649 69 80756 219 81149 71 81253 222 81648 74 81751 225 82148 77 82247 229 82648 81 82743 233 83148 328 83647 329 84147 330 84647 330 85147 330 85646 331 86146 331 86646 331 87146 330 87646 330 88145 330 88645 330 89145 329 89645 328 90145 327 90645 327 91145 326 91644 327 92144 327 92643 316 92970 1 93143 310 93642 307 94141 304 94640 303 95139 300 95638 300 96136 301 96634 301 96966 5 97132 302 97450 22 97629 305 97944 29 98127 310 98442 30 98624 348 99122 349 99620 350 100117 353 100615 355 101113 120 101235 235 101612 120 101736 233 102110 121 102236 232 102608 124 102736 231 103107 126 103235 230 103606 358 104104 358 104603 356 105101 356 105600 354 106099 352 106598 351 107097 349 107596 114 107735 208 108096 107 108237 202 108596 102 108739 197 109095 99 109240 193 109595 96 109741 190 110096 92 110242 186 110596 91 110744 182 111097 88 111245 179 111598 86 111747 176 112099 83 112250 171 112600 81 112752 169 113102 79 113255 165 113605 75 113757 162 114109 70 114260 159 114613 65 114763 155 115118 58 115265 153 115624 51 115767 150 116134 38 116271 146 116642 25 116774 141 117279 128 117784 118 118290 110 118797 101 119301 96 119812 84 120321 74 120826 68 121328 65 121829 62 122331 59 122833 56 123336 51 123839 46 124342 41 124845 36 124933 2 125349 30 125431 6 125852 26 125930 9 126356 20 126429 10 126860 15 126928 12 127362 11 127428 12 127863 9 127927 13 128364 7 128426 14 128866 3 128925 15 129401 6 129425 14 129899 10 129924 15 130398 12 130423 16 130896 15 130922 17 131396 17 131421 17 131895 19 131921 17 132395 20 132420 18 132895 42 133395 40 133896 38 134397 34 134898 18 134917 11 135400 10
yorkshire_terrier_36,44799 9 45171 18 45543 28 45909 42 46273 61 46637 78 47005 89 47378 94 47751 98 47887 4 48124 102 48254 28 48498 106 48626 34 48871 115 48993 44 49244 170 49618 173 49991 177 50227 2 50365 182 50602 2 50738 189 50977 2 51112 197 51353 1 51485 203 51727 1 51859 208 52101 2 52233 212 52496 1 52606 218 52980 230 53354 233 53728 235 54102 238 54475 242 54850 243 55148 15 55166 1 55223 246 55518 34 55597 249 55864 2 55887 43 55971 251 56237 4 56256 53 56344 253 56610 6 56626 60 56718 254 56985 6 57001 61 57091 256 57359 6 57376 62 57464 258 57732 8 57751 64 57837 261 58107 7 58126 66 58209 264 58478 10 58501 67 58581 269 58852 11 58876 69 58953 285 59251 70 59324 289 59626 361 60001 361 60376 361 60751 360 61126 360 61501 357 61876 357 62251 357 62626 355 63001 354 63367 4 63376 353 63741 6 63751 353 64116 6 64126 352 64489 8 64501 352 64863 9 64876 352 65237 10 65251 351 65612 10 65626 350 65988 9 66001 350 66363 9 66376 350 66737 10 66751 349 67112 10 67126 349 67487 10 67501 349 67862 11 67876 349 68237 11 68251 349 68611 12 68626 350 68986 13 69001 350 69361 13 69376 350 69736 13 69751 351 70110 15 70126 351 70485 15 70501 352 70855 1521 72377 374 72753 373 73128 373 73503 373 73879 372 74254 372 74629 372 75004 372 75379 372 75754 372 76128 373 76502 11249 87752 374 88128 373 88504 372 88879 372 89255 371 89630 371 90007 369 90383 368 90759 367 91134 367 91510 365 91886 364 92261 364 92637 363 93013 362 93389 360 93764 360 94139 360 94515 359 94892 356 95268 355 95643 355 96019 354 96394 354 96770 353 97145 352 97521 351 97896 351 98272 350 98648 349 99023 350 99399 349 99774 350 100150 349 100525 105 100631 230 100864 10 100901 103 101006 227 101240 9 101277 102 101381 225 101615 10 101652 102 101756 221 101991 10 102028 101 102131 220 102367 9 102403 100 102506 220 102742 9 102779 99 102881 219 103117 9 103154 99 103256 219 103492 9 103530 98 103630 220 103867 9 103905 97 104005 220 104242 9 104281 96 104379 221 104617 9 104656 96 104754 221 104992 9 105032 91 105124 3 105129 221 105366 10 105407 92 105500 2 105504 222 105741 10 105783 90 105876 1 105879 222 106115 11 106158 90 106254 222 106486 15 106533 90 106627 224 106860 16 106909 89 107001 226 107234 17 107284 89 107377 226 107608 18 107659 87 107753 248 108035 85 108128 248 108410 84 108503 248 108786 82 108878 248 109162 81 109253 248 109538 79 109628 248 109913 79 110002 249 110290 76 110377 249 110655 1 110665 76 110752 249 111028 5 111041 75 111127 249 111402 7 111417 74 111501 250 111777 7 111792 73 111876 250 112152 7 112168 72 112251 250 112527 7 112543 72 112626 250 112902 7 112919 71 113000 251 113278 6 113294 70 113375 251 113654 4 113669 70 113750 251 114031 1 114044 70 114124 252 114420 69 114499 252 114795 68 114874 252 115171 67 115248 253 115546 67 115623 253 115921 67 115998 253 116296 66 116372 254 116672 65 116747 254 117047 64 117121 255 117422 64 117496 255 117797 64 117871 255 118171 64 118245 256 118546 63 118620 256 118921 63 118994 257 119295 63 119369 257 119669 63 119744 257 120043 64 120118 258 120416 65 120493 258 120790 65 120868 258 121164 66 121242 259 121539 65 121617 259 121913 66 121992 259 122287 66 122367 259 122661 66 122742 259 123036 65 123117 259 123410 66 123492 259 123784 67 123867 259 124158 69 124241 260 124532 70 124616 260 124907 71 124990 261 125281 72 125365 260 125655 73 125739 260 126030 74 126114 235 126355 18 126404 76 126488 231 126740 3 126744 3 126778 78 126863 228 127152 80 127235 229 127526 308 127901 305 128275 303 128650 299 129024 291 129399 287 129773 285 130147 282 130521 278 130895 222 131122 46 131270 216 131505 33 131644 215 131885 23 132018 213 132265 14 132393 210 132767 209 133141 207 133516 203 133890 201 134265 198 134639 196 135013 195 135387 194 135762 191 136136 181 136510 178 136885 166 137259 163 137633 161 138006 161 138379 162 138751 163 139126 162 139501 160 139876 158 140251 139 140403 2 140626 134 141001 113 141376 105 141751 99 142126 95 142501 93 142876 87 143251 84 143626 79 144001 76 144376 73 144751 70 145126 68 145501 65 145876 63 146251 60 146628 53 147011 40 147399 22
wheaten_terrier_172,12931 63 13425 72 13922 76 14418 81 14915 85 15413 87 15911 88 16409 90 16908 91 17407 91 17906 91 18404 92 18903 90 19402 89 19901 89 20401 87 20900 87 21398 89 21898 88 22396 90 22895 90 23394 90 23893 91 24392 92 24891 92 25390 93 25888 95 26387 96 26886 97 27385 98 27884 99 28383 101 28882 102 29381 104 29880 106 30379 107 30877 110 31376 112 31875 113 32373 115 32872 116 33370 118 33868 120 34367 121 34865 123 35253 3 35364 124 35750 8 35862 126 36249 10 36360 128 36748 12 36858 130 37247 15 37357 131 37747 17 37855 133 38247 19 38353 135 38747 20 38851 136 39247 22 39350 137 39747 24 39848 139 40247 25 40346 140 40747 26 40845 141 41140 14 41246 28 41343 142 41637 24 41745 30 41842 143 42134 42 42244 32 42340 144 42632 51 42743 34 42839 145 43130 64 43242 36 43337 147 43627 77 43740 40 43836 148 44123 86 44239 43 44334 150 44619 95 44737 47 44832 152 45116 103 45235 53 45330 154 45613 179 45828 155 46111 183 46326 157 46610 185 46824 159 47108 189 47321 161 47607 192 47819 162 48105 196 48316 165 48603 200 48812 170 49100 382 49597 385 50094 388 50592 390 50987 2 51089 393 51586 395 52084 394 52495 1 52582 394 52994 2 53081 394 53495 1 53579 397 54077 400 54576 402 55076 386 55466 12 55575 386 55967 11 56074 384 56467 11 56573 384 56967 10 57073 384 57467 9 57572 385 57967 9 58071 386 58467 8 58571 386 58968 7 59070 387 59468 6 59569 389 59969 2 60068 391 60567 397 60965 1 61066 402 61565 401 62064 400 62495 1 62563 401 62993 8 63062 403 63491 10 63560 407 63989 12 64059 409 64487 14 64558 412 64984 17 65057 414 65476 3 65482 19 65555 446 66054 447 66553 448 67052 449 67551 450 68050 451 68549 452 69048 364 69416 85 69547 362 69916 85 70046 361 70417 84 70546 359 70917 84 71045 358 71417 84 71544 358 71917 84 72044 356 72416 85 72543 356 72916 85 73043 354 73416 85 73542 354 73916 85 74042 353 74416 85 74541 353 74915 86 75041 351 75415 86 75540 351 75914 87 76039 350 76414 87 76538 349 76913 88 77038 347 77412 89 77537 347 77912 89 78037 345 78412 89 78536 345 78912 89 79036 344 79411 90 79535 344 79911 90 80035 343 80410 91 80535 342 80910 91 81035 342 81409 92 81534 342 81909 92 82034 342 82409 92 82534 342 82908 93 83034 342 83407 94 83534 342 83907 94 84033 343 84406 95 84533 343 84906 95 85032 345 85405 96 85531 346 85905 96 86031 346 86405 96 86530 347 86905 96 87030 347 87405 96 87529 348 87905 96 88029 348 88405 96 88529 348 88905 96 89028 349 89405 96 89528 349 89905 96 90028 349 90406 95 90528 349 90907 94 91027 351 91408 93 91527 351 91909 92 92027 351 92409 92 92527 351 92910 91 93026 352 93412 89 93526 352 93913 88 94026 352 94414 87 94526 352 94917 84 95026 352 95419 82 95526 352 95920 81 96026 352 96421 80 96526 352 96921 80 97025 354 97420 81 97525 354 97920 81 98025 354 98419 82 98524 356 98918 83 99024 357 99416 85 99523 358 99914 87 100023 359 100413 88 100523 360 100912 89 101023 361 101409 92 101523 362 101908 93 102023 364 102406 95 102523 366 102903 98 103023 372 103399 102 103522 479 104022 479 104523 478 105023 478 105523 478 106024 477 106524 477 107025 476 107525 476 108025 476 108526 475 109026 475 109526 475 110026 475 110526 475 111027 474 111527 474 112027 474 112527 474 113028 473 113528 473 114028 473 114528 473 115029 472 115529 472 116029 472 116529 472 117030 471 117530 471 118030 471 118531 470 119031 470 119532 469 120032 469 120532 469 121033 468 121533 468 122034 467 122534 467 123034 467 123535 466 124036 465 124537 464 125037 464 125538 463 126039 462 126540 461 127041 460 127542 459 128043 458 128544 457 129045 456 129546 455 130047 454 130548 453 131050 451 131551 450 132053 448 132554 447 133056 445 133558 443 134060 441 134561 440 135063 438 135564 437 136066 435 136568 433 137070 431 137572 429 138075 13 138091 410 138598 403 139104 397 139609 392 140112 389 140614 387 141116 385 141617 384 142119 382 142621 380 143122 379 143624 377 144126 375 144628 373 145131 370 145634 367 146138 363 146644 357 147147 352 147650 347 148152 344 148653 343 149154 184 149343 150 149655 176 149847 143 150157 170 150351 138 150659 167 150854 134 151163 162 151357 130 151666 158 151859 128 152169 154 152360 127 152674 149 152862 125 153181 143 153363 124 153684 140 153864 122 154185 140 154365 121 154687 138 154866 120 155188 138 155366 119 155688 138 155867 118 156189 137 156368 117 156690 136 156870 114 157191 134 157371 112 157693 132 157872 110 158195 130 158374 107 158700 123 158876 103 159201 121 159377 100 159702 105 159813 7 159879 97 160202 104 160380 95 160703 102 160882 91 161204 98 161383 88 161705 96 161884 87 162206 93 162386 84 162708 91 162887 82 163211 86 163388 79 163714 80 163890 75 164217 70 164392 73 164720 67 164893 71
leonberger_96,57667 6 58040 10 58414 13 58788 16 59162 18 59536 20 59911 21 60285 23 60659 25 61033 27 61407 28 61781 30 62156 31 62529 33 62865 4 62903 35 63235 23 63276 37 63607 82 63981 83 64354 85 64728 87 65102 88 65476 89 65851 89 66225 90 66600 90 66974 92 67349 92 67723 93 68098 93 68472 94 68847 94 69221 95 69596 95 69970 96 70345 96 70719 97 71094 97 71468 97 71843 97 72217 98 72591 99 72965 100 73339 101 73713 101 74087 102 74461 103 74834 104 75207 106 75580 107 75953 108 76326 110 76699 111 77072 113 77444 115 77818 116 78191 118 78564 121 78938 123 79311 126 79684 128 80058 130 80432 132 80805 138 81133 3 81178 144 81500 17 81552 147 81871 24 81925 150 82239 36 82300 151 82609 43 82674 153 82979 50 83047 156 83350 56 83420 158 83723 60 83792 161 84096 64 84162 167 84469 235 84842 237 85214 241 85586 244 85959 246 86332 248 86705 250 87079 251 87452 253 87826 253 88200 254 88574 255 88948 257 89322 259 89696 261 90070 263 90445 265 90819 268 91194 275 91568 280 91942 283 92317 284 92691 286 93066 288 93440 289 93815 290 94190 291 94564 292 94939 293 95313 294 95688 294 96063 294 96437 295 96812 295 97187 295 97562 295 97937 294 98311 295 98686 294 99061 293 99436 292 99811 290 100186 288 100561 258 100825 22 100936 243 101311 227 101686 219 102061 217 102436 216 102811 215 103186 214 103561 213 103936 212 104311 211 104686 211 105061 210 105437 208 105812 208 106187 207 106562 207 106937 206 107312 206 107687 206 108062 205 108437 205 108812 205 109187 205 109562 205 109937 206 110312 206 110687 206 111063 205 111438 205 111813 206 112188 206 112563 207 112938 207 113313 208 113688 209 114064 209 114439 209 114814 210 115189 211 115565 211 115940 212 116316 213 116691 214 117066 215 117442 216 117818 216 118193 218 118569 147 118734 54 118944 143 119118 47 119320 139 119502 39 119696 137 119881 37 120071 135 120260 35 120447 131 120638 33 120823 129 121018 29 121199 126 121400 23 121575 122 121779 20 121951 119 122158 17 122328 114 122534 16 122704 111 122912 13 123081 103 123288 13 123457 89 123664 12 123834 81 124041 10 124211 77 124417 9 124587 72 124793 8 124964 68 125169 7 125341 64 125545 6 125718 61 125921 5 126095 57 126298 3 126473 52 126850 48 127228 43 127607 36 127985 31 128367 21 128748 13
Bombay_6,98097 1 98186 16 98555 39 98662 24 99021 63 99135 36 99494 75 99611 42 99970 89 100081 56 100448 170 100927 174 101407 176 101886 179 102366 180 102846 182 103327 52 103386 123 103807 50 103868 123 104288 48 104349 123 104769 46 104831 122 105251 43 105312 123 105732 42 105793 123 106214 39 106273 124 106695 38 106754 124 107177 36 107234 125 107659 34 107714 126 108143 30 108195 127 108624 29 108675 128 109107 27 109135 4 109155 129 109589 30 109635 130 110071 27 110115 131 110552 25 110595 132 111033 23 111076 132 111515 20 111556 133 111995 20 112036 135 112476 19 112516 136 112957 19 112996 137 113437 19 113476 139 113917 19 113955 141 114195 7 114398 19 114435 142 114674 9 114878 21 114914 145 115153 11 115358 22 115393 149 115632 13 115839 24 115871 152 116111 15 116319 187 116590 17 116800 188 117069 19 117280 191 117548 20 117760 194 118027 21 118240 197 118506 23 118720 202 118984 25 119201 206 119462 27 119681 214 119940 29 120161 220 120417 32 120641 231 120890 40 121121 289 121601 28 121637 253 122082 25 122119 250 122562 24 122600 249 123042 23 123080 249 123522 22 123561 248 124002 21 124041 248 124482 21 124522 247 124962 20 125002 246 125442 20 125482 246 125923 19 125962 246 126403 19 126442 245 126883 19 126923 243 127363 19 127403 243 127843 19 127882 243 128323 19 128362 241 128803 19 128842 240 129283 18 129322 238 129762 19 129802 235 130242 19 130282 233 130722 19 130762 230 131201 21 131242 228 131681 21 131721 226 132160 23 132202 222 132640 23 132682 218 133119 25 133162 213 133598 26 133643 209 134077 28 134126 202 134556 30 134618 188 135035 31 135102 181 135514 33 135584 176 135993 35 136067 170 136472 36 136548 167 136951 37 137031 159 137430 37 137512 157 137909 37 137994 152 138388 37 138475 150 138867 37 138956 148 139347 35 139437 146 139826 33 139918 144 140305 31 140398 143 140785 28 140879 141 141265 24 141359 141 141744 23 141840 140 142224 19 142320 139 142704 18 142801 138 143185 13 143281 138 143665 11 143761 138 144147 4 144242 137 144722 137 145203 136 145683 136 146163 136 146644 136 147124 136 147604 136 148085 136 148565 137 149045 137 149526 137 150006 138 150486 139 150967 139 151447 140 151927 141 152407 143 152888 143 153073 2 153368 145 153547 11 153848 147 154018 21 154328 149 154494 26 154809 152 154970 30 155289 191 155770 191 156250 191 156730 191 157210 191 157691 190 158171 190 158651 190 159132 189 159612 189 160092 189 160573 188 161053 187 161533 187 162013 187 162494 186 162974 186 163454 186 163935 185 164415 185 164896 183 165376 183 165856 183 166337 182 166817 182 167297 182 167778 181 168258 181 168739 180 169219 180 169700 179 170180 179 170661 177 171142 176 171622 176 172103 175 172584 174 173064 174 173545 173 174026 172 174506 172 174987 171 175468 170 175949 169 176429 169 176910 168 177391 167 177872 166 178353 165 178833 165 179314 164 179795 163 180276 162 180757 161 181238 160 181719 159 182200 158 182681 157 183162 156 183643 155 184124 154 184606 152 185087 151 185568 150 186049 149 186530 148 187011 147 187493 145 187974 144 188455 143 188936 142 189418 140 189899 139 190380 137 190861 136 191343 134 191824 133 192306 131 192787 130 193268 128 193750 126 194231 125 194713 123 195194 121 195676 119 196157 118 196639 115 197120 114 197602 111 198083 110 198565 108 199046 106 199528 104 200010 102 200491 100 200973 98 201454 96 201937 93 202418 92 202900 90 203381 88 203863 86 204345 84 204827 81 205309 79 205792 76 206274 74 206756 71 207240 67 207722 65 208206 61 208689 58 209174 53 209657 50 210139 47 210620 46 211102 44 211583 43 212064 42 212544 41 213025 40 213506 39 213986 39 214467 38 214947 37 215428 36 215908 36 216389 35 216869 35 217349 35 217830 33 218310 33 218790 33 219270 33 219751 31 220231 31 220711 31 221192 30 221672 29 222152 29 222633 28 223113 28 223594 27 224074 26 224555 25 225035 24 225516 23 225997 22 226477 21 226958 20 227439 18 227920 17 228400 16 228882 13 229363 11 229844 9 230326 4
Birman_113,41902 6 42273 18 42645 26 43018 33 43391 39 43765 45 44138 52 44426 7 44513 56 44800 17 44887 65 45175 22 45261 81 45550 26 45635 98 45926 30 46010 105 46302 32 46384 111 46678 35 46758 116 47054 40 47133 120 47430 65 47506 125 47806 68 47880 128 48183 203 48559 204 48935 205 49312 206 49689 206 50065 207 50442 207 50818 208 51195 208 51572 208 51949 208 52325 209 52702 209 53079 209 53455 210 53832 210 54209 210 54586 210 54963 210 55339 211 55716 211 56093 211 56469 212 56846 212 57223 213 57599 214 57976 215 58353 215 58729 217 59106 218 59483 218 59859 220 60235 221 60612 222 60988 223 61365 223 61741 225 62117 226 62494 227 62870 228 63246 229 63623 231 63999 233 64375 235 64751 247 65127 251 65503 252 65879 253 66255 254 66631 162 66800 86 67007 158 67181 81 67383 156 67559 79 67759 153 67937 78 68135 151 68315 76 68511 149 68692 75 68887 147 69070 73 69263 146 69447 72 69639 145 69825 71 70015 144 70202 70 70390 144 70579 69 70766 144 70956 68 71142 143 71332 68 71518 143 71709 67 71894 142 72085 67 72270 142 72461 67 72645 143 72838 66 73021 142 73214 66 73397 142 73590 65 73773 142 73965 66 74149 142 74340 67 74525 142 74715 68 74901 142 75090 69 75277 142 75465 70 75653 142 75840 71 76029 142 76215 72 76405 142 76590 73 76780 143 76965 73 77156 143 77340 74 77532 143 77715 75 77908 143 78090 76 78284 143 78464 78 78661 143 78839 79 79037 143 79214 80 79413 144 79588 82 79789 145 79960 86 80165 146 80320 7 80331 91 80541 147 80693 105 80917 258 81293 258 81669 258 82045 258 82422 257 82798 257 83174 257 83550 257 83926 257 84302 257 84678 257 85054 257 85430 257 85805 258 86181 258 86557 258 86933 258 87309 258 87684 259 88060 259 88436 259 88812 259 89188 259 89563 260 89939 260 90314 261 90690 260 91065 261 91441 261 91816 262 92192 262 92567 263 92942 264 93318 264 93693 265 94068 266 94444 266 94819 267 95194 267 95569 268 95944 269 96320 269 96695 270 97070 271 97445 271 97821 271 98196 272 98571 272 98946 273 99322 273 99697 273 100072 274 100447 274 100823 273 101198 274 101574 273 101949 273 102325 272 102701 271 103077 271 103452 271 103829 269 104205 269 104582 11 104608 241 104961 2 104985 240 105361 240 105737 239 106112 240 106488 240 106864 240 107240 240 107616 239 107992 239 108367 240 108743 240 109119 240 109494 241 109870 240 110246 240 110622 240 110998 240 111374 240 111750 240 112126 240 112502 240 112878 240 113254 240 113631 238 114007 238 114383 238 114759 238 115135 238 115511 238 115887 238 116263 238 116639 238 117015 238 117392 237 117768 237 118144 237 118521 236 118897 236 119274 235 119650 235 120027 233 120403 233 120780 232 121156 232 121532 232 121909 231 122286 230 122662 229 123039 228 123415 228 123791 228 124168 226 124545 225 124921 225 125297 225 125674 224 126050 223 126427 222 126803 222 127180 221 127557 219 127933 219 128310 218 128686 218 129063 216 129439 216 129816 215 130193 214 130570 212 130946 212 131323 211 131700 210 132077 208 132453 208 132830 207 133207 205 133584 204 133960 204 134337 202 134714 201 135091 200 135468 198 135845 197 136221 197 136598 195 136975 194 137352 192 137729 191 138106 190 138482 189 138859 188 139236 187 139613 186 139989 185 140366 184 140743 183 141119 183 141496 181 141872 181 142249 180 142625 179 143002 178 143378 178 143755 177 144131 177 144508 175 144884 175 145260 175 145637 174 146013 174 146390 172 146766 172 147142 172 147519 171 147895 171 148271 170 148648 169 149024 169 149400 169 149777 168 150153 167 150529 167 150906 166 151282 166 151658 165 152035 164 152411 164 152788 162 153164 162 153541 161 153918 159 154294 159 154671 157 155048 155 155425 153 155802 151 156180 148 156557 144 156935 136 157312 129 157690 122 158067 117 158444 113 158822 109 159200 104 159577 101 159955 95 160332 90 160709 87 161087 80 161465 75 161842 70 162220 64 162598 59 162976 54 163354 49 163732 44 164111 32 164489 23 164869 13
Siamese_164,50475 7 50845 16 51217 39 51589 53 51960 66 52071 8 52331 73 52441 16 52704 77 52814 21 53077 80 53187 26 53450 83 53561 29 53824 86 53935 31 54197 89 54310 33 54500 19 54571 91 54685 34 54871 27 54945 92 55060 35 55240 38 55319 94 55435 36 55612 48 55692 97 55810 37 55985 53 56065 99 56186 37 56358 59 56439 101 56561 39 56732 66 56810 105 56936 40 57106 185 57312 40 57481 185 57687 42 57855 186 58063 43 58230 187 58438 45 58605 187 58814 48 58981 186 59190 49 59356 186 59565 52 59731 187 59941 52 60107 186 60317 52 60483 185 60692 54 60858 185 61068 55 61234 184 61444 57 61610 183 61819 57 61986 182 62195 56 62362 181 62570 56 62738 180 62946 55 63114 180 63321 55 63491 178 63697 54 63867 177 64072 54 64243 176 64447 54 64620 174 64823 53 64996 173 65198 53 65373 171 65573 53 65749 170 65948 53 66126 168 66323 53 66502 167 66698 53 66879 165 67073 53 67255 164 67448 53 67631 163 67823 53 68007 161 68197 54 68383 160 68572 54 68759 159 68947 54 69135 158 69321 55 69511 157 69696 55 69887 156 70071 55 70263 155 70445 56 70638 155 70820 56 71014 153 71194 57 71390 152 71569 57 71765 152 71943 58 72141 151 72318 58 72516 151 72692 59 72892 150 73067 59 73267 150 73441 60 73642 150 73816 60 74018 149 74190 61 74393 149 74565 61 74769 148 74939 62 75144 148 75314 62 75519 148 75688 63 75895 147 76063 63 76270 147 76437 64 76645 147 76812 64 77021 146 77186 65 77396 146 77561 65 77771 146 77936 65 78147 145 78310 66 78522 144 78685 66 78897 144 79059 67 79273 143 79434 67 79648 143 79808 68 80023 143 80183 68 80399 143 80557 69 80774 143 80932 69 81149 143 81307 69 81524 143 81682 69 81899 143 82056 70 82274 144 82431 70 82650 143 82806 70 83025 143 83180 71 83400 144 83555 71 83775 144 83929 72 84150 145 84303 73 84525 145 84678 73 84900 146 85052 74 85275 148 85426 75 85651 225 86026 225 86401 225 86776 225 87151 225 87526 225 87902 224 88277 224 88652 224 89028 223 89403 223 89779 222 90154 222 90530 220 90905 218 91280 218 91656 216 92031 216 92406 215 92781 214 93156 214 93531 213 93906 213 94282 212 94657 211 95032 211 95407 210 95782 210 96157 210 96532 210 96907 211 97282 210 97657 210 98032 210 98406 211 98781 211 99156 212 99531 218 99906 220 100280 221 100655 221 101030 221 101405 221 101780 221 102155 221 102530 221 102904 222 103279 222 103654 222 104029 222 104404 222 104779 222 105153 223 105528 223 105902 224 106277 224 106651 28 106686 190 107025 26 107065 186 107399 24 107442 184 107773 23 107820 181 108147 22 108196 180 108521 21 108573 178 108895 20 108951 48 109008 118 109269 19 109328 44 109386 115 109643 18 109704 39 109762 114 110017 17 110081 34 110139 112 110391 16 110458 28 110515 111 110766 13 110834 24 110892 109 111140 12 111211 18 111268 108 111515 10 111589 11 111644 107 111890 7 112021 105 112265 5 112397 104 112641 2 112774 102 113151 100 113528 98 113905 96 114282 94 114660 91 115038 88 115415 86 115793 83 116170 81 116547 79 116924 77 117301 75 117677 74 118054 72 118430 71 118807 69 119183 68 119559 67 119936 65 120312 64 120688 63 121064 62 121440 61 121816 60 122193 58 122568 58 122944 57 123320 56 123696 55 124071 55 124447 54 124823 53 125198 53 125574 52 125949 52 126324 52 126700 51 127075 51 127451 50 127826 50 128202 49 128578 48 128954 47 129329 47 129705 46 130081 45 130457 44 130833 41 131209 39 131585 35 131962 31 132339 27 132718 22 133101 12
wheaten_terrier_73,28771 7 29102 11 29433 13 29763 16 30094 18 30426 19 30757 21 31089 22 31421 23 31753 24 32085 26 32417 27 32750 27 33082 28 33414 29 33746 31 34078 32 34410 33 34742 34 35073 36 35404 39 35735 41 36065 44 36393 49 36724 51 37051 57 37373 68 37698 76 38022 85 38351 88 38681 91 39012 93 39344 94 39675 95 40006 97 40338 98 40669 100 41000 101 41332 102 41662 105 41993 107 42324 109 42646 119 42970 128 43295 136 43624 139 43957 139 44290 139 44623 138 44956 138 45289 138 45622 137 45955 137 46288 136 46621 135 46954 135 47287 134 47620 133 47953 133 48286 132 48619 131 48952 131 49285 130 49618 130 49951 129 50284 128 50617 128 50950 127 51283 126 51616 125 51949 123 52282 122 52615 121 52948 119 53281 118 53614 116 53947 114 54280 112 54613 110 54946 109 55279 107 55612 106 55945 105 56278 103 56611 102 56944 101 57277 100 57610 99 57943 98 58276 97 58609 95 58942 93 59275 92 59608 90 59941 89 60274 88 60607 88 60940 88 61273 88 61606 88 61939 87 62272 88 62605 88 62938 88 63271 88 63604 89 63937 90 64270 90 64603 91 64936 93 65269 94 65602 98 65935 102 66268 111 66601 122 66934 126 67267 129 67600 132 67933 133 68266 135 68599 137 68932 139 69265 141 69598 143 69931 145 70264 147 70597 149 70930 151 71263 154 71596 155 71929 157 72262 158 72595 159 72928 160 73261 161 73594 161 73927 161 74260 162 74593 162 74926 162 75259 162 75592 163 75925 163 76258 163 76591 164 76924 164 77257 165 77590 165 77923 166 78256 167 78589 168 78922 169 79255 169 79588 171 79921 172 80254 173 80587 174 80920 175 81253 176 81586 176 81919 177 82252 178 82585 179 82918 179 83251 180 83584 180 83917 181 84250 181 84583 182 84916 182 85249 182 85582 183 85915 183 86248 183 86581 184 86914 184 87247 185 87580 185 87913 185 88246 186 88579 186 88912 186 89245 186 89578 186 89911 186 90244 186 90577 186 90910 186 91243 187 91576 187 91909 187 92242 187 92575 187 92908 187 93241 187 93574 187 93907 187 94240 187 94573 187 94906 186 95239 186 95572 186 95905 186 96238 186 96571 185 96904 185 97237 185 97570 185 97903 184 98236 184 98569 184 98902 184 99235 184 99568 183 99901 183 100234 183 100567 183 100900 182 101233 182 101566 182 101899 182 102232 181 102565 181 102899 180 103232 180 103565 180 103898 180 104231 180 104564 180 104897 180 105230 180 105563 181 105897 180 106229 181 106563 181 106896 181 107229 182 107563 181 107897 180 108231 179 108565 178 108899 177 109232 178 109566 177 109900 176 110234 175 110569 173 110904 30 110947 129 111240 25 111284 125 111578 18 111619 124 111914 12 111954 122 112250 5 112288 122 112622 121 112957 119 113291 60 113356 53 113625 54 113696 45 113960 44 114034 38 114295 37 114369 33 114632 27 114705 28 114969 15 115040 23 115376 16
german_shorthaired_45,17690 2 18020 6 18351 8 18682 10 19013 13 19345 14 19676 16 20008 17 20088 4 20340 18 20419 9 20671 20 20751 15 21003 21 21083 16 21334 23 21415 17 21666 23 21747 17 21997 25 22079 17 22329 27 22410 18 22660 30 22742 18 22992 32 23074 18 23323 35 23405 19 23654 38 23736 20 23985 40 24068 20 24317 41 24400 20 24648 43 24731 21 24980 44 25056 28 25311 46 25387 29 25643 46 25718 31 25974 48 26050 31 26305 49 26381 31 26636 51 26713 31 26968 51 27044 33 27299 53 27376 33 27631 53 27708 33 27962 55 28040 33 28294 56 28372 33 28625 57 28704 33 28956 59 29036 32 29287 62 29368 32 29619 63 29700 32 29951 64 30031 33 30282 66 30363 33 30614 67 30695 33 30945 68 31027 33 31276 70 31359 33 31607 72 31691 33 31938 73 32023 33 32269 75 32355 33 32600 77 32686 34 32931 78 33018 34 33262 80 33350 34 33593 81 33682 34 33924 83 34014 33 34255 84 34346 33 34586 85 34677 34 34917 86 35009 34 35247 88 35342 33 35579 88 35674 33 35910 89 36007 32 36241 91 36339 32 36572 92 36671 31 36903 93 37003 31 37234 94 37335 31 37565 95 37667 31 37896 97 37999 30 38227 98 38331 30 38559 98 38663 30 38890 99 38994 31 39221 100 39326 31 39552 101 39658 30 39883 102 39990 30 40214 103 40322 30 40545 104 40654 30 40875 106 40985 31 41206 107 41317 30 41537 108 41649 30 41868 108 41981 30 42199 109 42313 30 42529 110 42645 30 42859 112 42977 29 43190 113 43310 28 43519 116 43643 27 43850 48 43910 57 43976 25 44180 48 44244 55 44308 25 44511 47 44577 54 44640 25 44842 46 44911 51 44972 25 45174 45 45245 49 45304 25 45505 46 45578 48 45636 24 45837 45 45911 47 45968 24 46169 45 46244 46 46300 24 46500 46 46577 45 46633 22 46832 46 46910 44 46965 22 47164 46 47243 43 47297 22 47496 46 47576 42 47629 21 47828 23 47853 21 47909 2 47913 37 47961 21 48160 19 48187 19 48250 32 48294 19 48492 17 48520 17 48583 31 48626 19 48824 13 48856 13 48916 30 48958 19 49156 12 49192 8 49249 29 49291 18 49488 10 49524 8 49581 29 49623 17 49821 7 49858 5 49914 28 49955 17 50153 5 50192 2 50247 27 50286 17 50486 2 50579 27 50617 18 50911 28 50947 20 51243 28 51279 19 51575 30 51611 19 51908 29 51943 18 52240 31 52273 20 52572 52 52905 50 53238 48 53573 43 53906 42 54238 40 54548 7 54570 38 54879 9 54902 37 55209 12 55234 37 55536 16 55566 37 55865 19 55898 37 56195 21 56230 37 56525 22 56561 38 56856 23 56893 38 57186 25 57225 39 57517 25 57556 40 57848 26 57888 41 58178 27 58219 43 58509 28 58551 43 58839 30 58882 45 59170 30 59214 45 59501 31 59544 48 59832 31 59876 48 60163 32 60207 49 60494 32 60539 50 60826 31 60871 50 61157 32 61202 51 61488 33 61534 52 61819 33 61866 52 62150 34 62197 53 62482 33 62529 54 62813 34 62861 54 63144 34 63193 55 63475 35 63526 54 63806 36 63858 55 64138 35 64190 56 64469 35 64521 58 64801 35 64853 59 65132 36 65185 59 65464 35 65516 61 65796 34 65846 64 66128 33 66178 65 66459 32 66510 66 66792 29 66841 68 67124 28 67173 69 67456 27 67504 72 67788 26 67836 73 68120 25 68167 76 68452 24 68499 78 68785 22 68830 81 69117 22 69162 85 69450 20 69493 96 69782 19 69825 102 70114 18 70156 109 70287 16 70447 17 70488 112 70608 29 70779 16 70819 151 71111 15 71150 152 71443 15 71481 153 71774 15 71811 155 72106 15 72141 156 72437 16 72472 157 72768 16 72804 155 73098 18 73135 154 73423 4 73428 19 73466 152 73754 25 73798 149 74086 25 74130 146 74418 25 74462 145 74636 5 74749 25 74794 144 74967 7 75081 25 75127 142 75298 9 75414 24 75459 142 75626 14 75746 24 75791 142 75954 18 76078 24 76123 142 76283 21 76410 24 76455 143 76614 22 76742 23 76787 144 76944 24 77075 22 77119 146 77268 3 77274 26 77407 22 77450 182 77739 22 77782 182 78072 22 78114 182 78406 20 78445 184 78741 17 78776 185 79074 16 79108 185 79407 15 79440 184 79739 16 79772 184 80072 15 80103 184 80405 14 80435 183 80738 14 80766 182 81071 13 81098 180 81403 13 81429 179 81736 12 81761 175 82068 12 82093 174 82401 11 82425 172 82733 11 82756 100 82860 67 83066 10 83088 95 83194 16 83224 34 83399 9 83419 95 83529 6 83558 31 83731 9 83750 96 83895 23 84063 9 84082 95 84238 8 84396 9 84414 95 84728 9 84746 95 85061 8 85077 96 85394 8 85404 2 85408 97 85726 111 86058 111 86390 112 86722 112 87055 111 87387 111 87719 110 88052 109 88384 109 88716 109 89048 109 89381 109 89713 109 90045 110 90377 111 90710 110 91042 111 91375 111 91707 112 92039 113 92372 113 92704 115 93036 116 93368 119 93701 119 94033 123 94366 17 94386 112 94699 15 94719 115 95031 14 95052 121 95364 12 95385 131 95696 12 95717 138 96028 11 96050 142 96360 10 96382 145 96693 9 96714 148 97025 7 97045 151 97361 1 97377 152 97709 154 98041 156 98373 157 98705 158 99037 159 99369 160 99701 161 100033 162 100365 162 100698 162 101030 163 101362 163 101694 164 102026 164 102359 164 102691 164 103023 164 103355 165 103687 165 104019 165 104351 166 104683 166 105014 167 105346 167 105678 168 106010 168 106342 168 106673 169 107005 170 107337 170 107669 170 108001 170 108333 171 108665 171 108997 171 109329 171 109661 171 109993 172 110325 172 110657 171 110990 170 111322 170 111654 170 111986 169 112319 167 112651 166 112983 165 113316 163 113648 161 113980 158 114313 156 114645 154 114978 152 115310 150 115643 148 115975 147 116308 145 116641 142 116973 141 117306 138 117638 137 117971 135 118303 134 118636 133 118968 131 119300 130 119633 127 119965 126 120297 124 120630 122 120962 120 121295 118 121627 117 121960 114 122293 112 122625 110 122958 107 123291 105 123623 102 123956 99 124289 97 124621 94 124954 92 125287 89 125620 86 125953 83 126286 80 126618 78 126951 76 127284 73 127617 71 127949 70 128282 68 128615 66 128947 65 129280 63 129613 62 129945 61 130278 59 130611 58 130943 58 131276 57 131609 55 131942 54 132274 54 132607 53 132940 52 133272 52 133605 51 133938 50 134270 50 134603 49 134935 50 135268 49 135601 48 135934 47 136267 46 136599 46 136932 45 137265 44 137598 43 137931 42 138263 42 138596 41 138929 40 139262 39 139595 37 139927 37 140260 36 140593 35 140926 34 141259 33 141591 33 141924 32 142257 31 142590 30 142923 29 143256 28 143589 27 143921 26 144254 25 144587 24 144920 23 145253 22 145585 22 145918 21 146251 19 146584 18 146917 17 147249 17 147583 15 147916 13 148249 12 148583 9 148916 7 149250 4
Siamese_61,8 169 343 170 677 172 1011 174 1345 176 1679 179 2014 181 2348 185 2683 186 3017 188 3351 190 3686 191 4021 192 4356 193 4691 194 5026 194 5361 195 5696 195 6031 196 6366 197 6701 197 7036 198 7371 199 7706 200 8041 201 8376 203 8711 205 9046 207 9381 208 9716 210 10051 211 10386 212 10721 213 11056 214 11391 215 11726 216 12061 217 12396 218 12731 219 13066 220 13401 221 13736 222 14071 222 14406 223 14741 223 15076 224 15411 224 15746 225 16081 225 16416 226 16751 226 17086 226 17421 227 17756 227 18091 227 18426 228 18761 228 19096 228 19431 229 19766 229 20101 229 20436 230 20771 230 21106 230 21441 231 21776 231 22111 232 22446 232 22781 233 23116 234 23451 234 23786 235 24121 235 24456 236 24791 237 25126 238 25461 238 25796 239 26131 240 26466 240 26801 241 27136 242 27471 242 27806 243 28141 243 28476 244 28811 244 29146 245 29481 245 29816 246 30151 246 30486 247 30821 247 31156 248 31491 248 31826 249 32161 249 32496 250 32831 250 33166 251 33501 251 33836 252 34171 252 34506 253 34841 253 35176 254 35511 254 35846 255 36181 255 36516 255 36851 256 37186 256 37521 257 37856 257 38191 257 38526 258 38861 258 39196 259 39531 259 39866 259 40201 260 40536 260 40871 261 41206 261 41541 262 41876 262 42211 263 42546 263 42881 264 43216 264 43551 265 43886 266 44221 267 44556 267 44891 268 45226 268 45561 269 45896 270 46231 271 46566 272 46901 272 47236 273 47571 274 47906 275 48241 276 48576 276 48911 277 49246 278 49581 278 49916 279 50251 280 50586 280 50921 281 51256 281 51591 282 51926 283 52261 283 52596 284 52931 285 53266 286 53601 287 53936 288 54271 289 54606 290 54941 291 55276 292 55611 293 55946 294 56281 295 56616 297 56951 298 57286 299 57621 299 57956 301 58291 302 58626 303 58961 304 59296 305 59631 306 59966 307 60301 308 60636 309 60971 309 61306 310 61641 310 61976 310 62311 310 62646 311 62981 311 63316 311 63651 311 63986 312 64321 312 64656 312 64991 312 65326 312 65661 312 65996 312 66331 312 66666 312 67001 312 67336 312 67671 312 68006 312 68341 312 68676 312 69011 312 69346 312 69681 312 70016 312 70351 312 70686 312 71021 33 71057 276 71356 31 71394 274 71691 30 71731 271 72026 29 72068 269 72361 28 72404 267 72696 28 72741 265 73031 27 73077 262 73366 27 73414 259 73701 27 73750 251 74036 27 74086 247 74371 27 74422 245 74706 27 74758 243 75041 28 75094 241 75376 28 75430 239 75711 28 75766 237 76046 29 76102 235 76381 29 76438 233 76716 29 76774 232 77051 30 77110 230 77386 30 77445 230 77721 31 77781 229 78056 31 78117 227 78391 32 78453 226 78726 32 78789 225 79061 32 79125 224 79396 33 79461 223 79731 33 79797 222 80066 33 80133 221 80401 34 80469 220 80736 34 80806 218 81071 34 81142 217 81406 34 81481 214 81741 35 81818 212 82076 35 82155 210 82411 36 82493 207 82746 36 82830 205 83081 36 83166 204 83416 37 83503 203 83751 37 83840 201 84086 37 84177 199 84421 38 84514 197 84756 38 84851 196 85091 38 85187 195 85426 39 85523 194 85761 39 85860 193 86096 40 86198 190 86431 40 86535 189 86766 40 86872 25 86899 160 87101 41 87223 2 87235 159 87436 41 87570 160 87771 41 87905 161 88106 42 88240 161 88441 42 88575 162 88776 43 88909 163 89111 43 89244 164 89446 44 89579 164 89784 41 89914 165 90120 41 90249 165 90456 40 90582 168 90792 40 90916 169 91128 40 91251 170 91463 42 91586 170 91799 43 91921 171 92135 46 92257 170 92470 47 92594 169 92806 48 92931 167 93142 48 93266 167 93478 47 93601 168 93813 48 93937 167 94149 48 94272 168 94485 47 94607 168 94820 48 94942 169 95156 48 95278 168 95491 49 95613 169 95827 50 95948 169 96163 51 96283 169 96499 65 96618 170 96834 68 96952 171 97170 71 97287 172 97506 74 97622 172 97842 77 97956 174 98178 79 98291 109 98403 62 98513 83 98626 105 98739 62 98849 83 98960 105 99076 60 99185 84 99295 104 99412 60 99520 85 99629 102 99748 59 99856 86 99964 102 100084 59 100192 87 100298 103 100419 59 100527 90 100632 104 100755 58 100863 91 100965 106 101090 59 101199 93 101299 107 101426 58 101534 208 101761 59 101870 208 102096 59 102205 209 102432 58 102541 208 102767 59 102876 208 103102 59 103212 207 103438 58 103547 208 103773 58 103883 207 104108 59 104218 207 104443 59 104554 207 104778 60 104889 207 105113 60 105225 206 105448 60 105560 206 105783 60 105895 207 106118 61 106231 206 106453 61 106566 206 106788 61 106902 205 107123 61 107237 205 107457 62 107573 205 107792 62 107908 205 108127 61 108243 205 108462 61 108579 204 108797 61 108914 204 109132 60 109250 203 109467 59 109585 203 109802 58 109921 202 110137 58 110256 202 110471 58 110592 201 110806 57 110927 201 111141 57 111263 200 111476 56 111598 200 111811 56 111934 199 112146 55 112269 199 112481 55 112605 198 112815 55 112941 197 113150 55 113276 197 113485 54 113612 196 113820 53 113947 196 114156 52 114283 195 114491 51 114618 195 114826 51 114954 194 115161 50 115289 195 115495 51 115625 194 115830 50 115960 194 116165 49 116295 194 116500 48 116631 193 116835 48 116966 193 117170 47 117301 193 117505 46 117637 192 117840 45 117972 192 118175 44 118307 193 118510 44 118642 193 118845 43 118978 192 119180 42 119313 192 119515 41 119648 192 119850 40 119983 192 120185 40 120318 192 120520 39 120653 191 120855 38 120989 190 121190 37 121324 190 121525 36 121659 190 121860 35 121994 190 122195 34 122329 190 122530 33 122664 190 122865 32 122999 190 123200 31 123334 190 123535 29 123669 190 123871 27 124004 190 124206 25 124339 190 124541 24 124674 190 124876 23 125009 190 125211 22 125344 190 125546 21 125679 191 125881 20 126014 191 126216 18 126349 191 126550 18 126684 191 126885 17 127020 190 127220 16 127355 191 127555 14 127689 192 127889 14 128024 191 128224 12 128358 191 128558 12 128692 192 128893 10 129027 191 129228 9 129361 192 129562 8 129695 192 129898 5 130029 193 130234 2 130363 194 130697 195 131030 197 131363 199 131697 200 132030 182 132213 19 132363 183 132548 6 132555 11 132697 184 132883 2 132891 10 133030 186 133226 10 133363 188 133562 8 133697 189 134030 190 134364 191 134697 193 135031 194 135364 196 135698 197 136031 198 136365 199 136699 199 137032 201 137366 202 137700 202 138034 201 138368 32 138402 168 138702 33 138737 167 139036 34 139072 167 139370 34 139407 167 139705 34 139743 165 140039 34 140078 165 140373 34 140413 164 140708 33 140748 163 141042 34 141083 162 141377 34 141418 162 141712 33 141753 161 142047 33 142088 160 142382 33 142424 158 142717 33 142759 157 143052 33 143094 156 143387 33 143429 154 143722 32 143765 152 144058 30 144100 151 144394 26 144435 150 144730 23 144770 149 145068 18 145106 147 145441 146 145776 145 146112 143 146449 140 146786 137 147125 131 147465 125 147803 120 148142 115 148482 108 148823 101 149163 94 149500 90 149838 86 150175 82 150513 78 150853 70 151206 49 151545 43 151884 35 152222 26 152560 17 152900 7
leonberger_95,33572 5 33900 13 34226 22 34555 27 34829 16 34885 30 35158 23 35216 32 35486 32 35546 34 35817 37 35876 36 36146 46 36203 41 36475 100 36806 101 37136 103 37466 106 37797 109 38128 111 38460 112 38791 113 39123 114 39455 116 39786 118 40118 119 40450 120 40782 121 41115 121 41447 122 41780 122 42112 122 42445 121 42777 116 43110 109 43443 103 43775 100 44108 97 44440 95 44773 94 45106 93 45439 92 45771 92 46104 91 46437 89 46770 88 47102 88 47435 87 47768 85 48101 84 48434 82 48767 81 49099 81 49432 79 49765 78 50098 76 50431 75 50764 74 51097 73 51430 72 51763 71 52096 70 52429 70 52763 68 53096 68 53429 68 53762 68 54095 68 54429 67 54762 67 55095 67 55429 66 55762 66 56095 67 56429 66 56762 66 57095 67 57429 66 57762 67 58095 67 58429 66 58762 67 59095 67 59429 67 59762 68 60095 69 60429 69 60762 70 61095 71 61428 72 61762 73 62095 76 62428 78 62519 7 62761 103 63094 105 63427 109 63760 112 64093 115 64426 120 64759 126 65092 132 65424 135 65757 137 66090 138 66422 141 66755 143 67088 145 67420 148 67752 150 68084 151 68415 153 68745 130 68876 1 68890 11 69069 106 69226 7 69399 107 69730 108 70062 108 70392 110 70724 110 71056 110 71387 112 71719 113 72050 114 72382 115 72714 116 73047 115 73379 117 73536 7 73712 117 73863 13 74044 119 74193 13 74219 2 74377 120 74507 16 74709 146 75042 145 75375 144 75707 143 76040 140 76373 136 76705 133 77038 127 77371 123 77704 120 78037 118 78370 116 78703 114 79036 113 79369 111 79702 109 80035 107 80369 103 80702 98 81035 95 81368 89 81702 82 82035 77 82368 70 82702 66 83036 62 83370 48 83704 43 84038 38 84372 25 84707 20 85041 17 85376 13 85710 10 86046 4
pomeranian_127,2575 4 2872 8 3170 11 3469 12 3769 12 4068 13 4368 13 4667 14 4967 14 5266 15 5566 15 5866 15 6165 16 6465 16 6764 18 7064 19 7363 21 7662 23 7962 24 8261 25 8560 27 8860 27 9159 28 9458 28 9756 30 10055 31 10354 32 10652 34 10950 35 11249 36 11547 38 11846 39 12145 39 12444 40 12743 41 13042 42 13341 43 13641 44 13940 45 14239 46 14539 46 14838 47 15138 47 15437 48 15737 48 16036 49 16336 50 16635 51 16935 51 17234 52 17534 53 17833 54 18133 54 18432 55 18732 56 19031 57 19331 57 19631 58 19930 59 20230 59 20530 59 20829 61 21129 61 21428 62 21728 62 22027 63 22327 63 22627 63 22926 64 23225 65 23525 65 23824 66 24123 67 24422 69 24721 70 25020 71 25319 72 25617 74 25916 76 26214 78 26512 80 26810 83 27107 86 27381 7 27397 96 27679 115 27978 116 28277 118 28577 118 28877 118 29177 119 29478 118 29778 118 30079 117 30379 118 30680 117 30980 117 31281 116 31581 116 31881 117 32182 116 32482 116 32782 116 33082 116 33382 116 33683 115 33983 115 34283 115 34583 115 34883 115 35183 115 35483 115 35783 115 36083 115 36382 116 36682 116 36982 116 37282 116 37582 116 37882 116 38182 116 38481 117 38781 117 39081 117 39381 117 39681 117 39980 118 40280 118 40579 119 40879 119 41178 120 41477 121 41777 121 42076 123 42376 123 42675 124 42975 124 43275 124 43574 125 43874 125 44173 126 44473 126 44772 127 45072 127 45372 127 45671 128 45970 129 46270 128 46569 129 46869 129 47168 116 47287 11 47468 115 47589 10 47768 114 47890 8 48068 113 48191 7 48368 112 48492 6 48668 112 48793 5 48969 109 49094 3 49271 106 49395 2 49573 103 49695 2 49878 96 50184 88 50487 84 50790 80 51093 76 51395 72 51698 67 52000 62 52302 57 52603 52 52905 47 53207 41 53509 34 53812 27 54114 20 54418 12
Ragdoll_170,13941 4 14272 5 14603 6 14934 7 15266 7 15597 8 15929 8 16260 9 16591 10 16923 10 17254 11 17585 12 17916 13 18247 14 18578 15 18909 16 19239 18 19570 19 19900 21 20231 22 20562 23 20892 25 21223 26 21553 28 21884 29 22214 31 22544 33 22875 34 23204 37 23534 39 23864 41 24194 43 24525 44 24855 46 25184 49 25515 50 25845 52 26175 54 26506 55 26837 56 27167 58 27498 59 27829 60 28159 62 28490 63 28821 64 29151 66 29482 67 29812 69 30143 70 30474 71 30804 73 31134 75 31464 77 31794 79 32123 82 32452 85 32781 88 33108 93 33434 99 33762 103 34093 104 34424 105 34755 106 35085 108 35416 109 35747 110 36077 112 36408 113 36739 114 37069 116 37399 118 37730 119 38060 121 38392 121 38722 123 39054 123 39385 124 39716 125 40047 126 40378 127 40709 128 41040 129 41371 130 41702 131 42033 132 42364 133 42695 134 43025 136 43356 137 43686 139 44016 141 44346 143 44676 145 45007 146 45336 149 45667 150 45997 152 46327 154 46658 155 46988 157 47317 160 47643 166 47970 171 48298 175 48628 177 48958 179 49287 182 49617 184 49947 186 50278 187 50608 189 50939 190 51270 191 51601 192 51932 193 52263 194 52594 195 52925 196 53256 197 53587 198 53918 199 54249 200 54580 201 54911 202 55242 203 55574 203 55905 204 56235 206 56566 207 56897 208 57228 209 57559 210 57890 211 58221 212 58552 213 58883 214 59214 215 59545 216 59875 218 60206 219 60536 221 60867 222 61197 224 61528 225 61859 226 62189 228 62520 229 62851 230 63181 232 63512 233 63842 235 64172 237 64502 239 64832 241 65142 3 65162 243 65463 22 65490 247 65759 310 66088 313 66418 315 66749 316 67081 316 67412 317 67744 317 68076 317 68409 316 68741 316 69074 315 69406 315 69739 314 70072 313 70404 313 70737 312 71070 311 71403 310 71736 309 72069 308 72402 307 72735 306 73069 304 73402 303 73735 302 74069 300 74402 299 74735 298 75069 296 75402 295 75735 294 76068 293 76401 292 76734 291 77067 290 77400 289 77732 289 78065 288 78397 288 78730 287 79062 287 79395 286 79727 286 80059 286 80392 285 80724 285 81056 285 81388 285 81720 285 82053 284 82385 284 82717 284 83049 284 83381 284 83713 284 84045 284 84377 284 84709 284 85041 284 85373 284 85705 284 86037 284 86369 284 86701 284 87033 284 87365 284 87697 284 88030 283 88362 283 88694 283 89026 283 89358 283 89690 283 90023 282 90355 282 90687 282 91019 282 91351 282 91683 282 92016 281 92348 281 92680 281 93012 281 93344 281 93677 280 94009 280 94341 280 94673 280 95005 280 95338 279 95670 279 96002 279 96334 279 96666 279 96999 278 97331 278 97663 278 97995 278 98327 278 98659 278 98992 277 99324 277 99656 277 99988 277 100320 277 100652 277 100985 276 101317 276 101649 276 101981 276 102313 276 102645 276 102977 276 103309 276 103641 276 103973 276 104305 276 104637 276 104969 276 105301 276 105633 276 105964 277 106296 277 106628 277 106960 277 107292 277 107624 277 107956 277 108287 278 108619 278 108951 278 109283 278 109615 278 109947 278 110278 279 110610 279 110942 279 111274 279 111606 279 111938 279 112270 279 112601 280 112933 280 113265 280 113597 280 113929 280 114261 280 114593 280 114925 280 115258 279 115590 279 115922 279 116254 279 116586 279 116918 279 117251 278 117583 278 117915 278 118248 277 118580 277 118912 277 119244 277 119576 277 119908 277 120240 277 120572 277 120904 277 121236 277 121568 277 121900 277 122232 277 122564 277 122895 278 123227 278 123559 278 123890 279 124221 280 124553 280 124884 281 125215 282 125547 282 125878 283 126209 284 126540 285 126871 286 127202 287 127534 287 127865 288 128196 289 128527 290 128858 291 129189 292 129521 292 129852 293 130183 294 130514 295 130846 295 131177 296 131508 83 131597 208 131840 80 131933 204 132171 76 132268 201 132503 70 132601 200 132835 64 132935 198 133166 62 133268 197 133498 59 133602 195 133830 57 133935 194 134162 56 134268 193 134494 43 134601 192 134826 38 134934 191 135158 32 135267 190 135491 24 135600 189 135823 18 135933 188 136156 14 136266 187 136490 11 136599 186 136826 3 136932 185 137265 184 137598 183 137931 182 138264 181 138597 180 138930 179 139263 178 139597 176 139930 175 140263 174 140596 173 140929 172 141262 171 141596 169 141930 167 142263 166 142596 165 142930 163 143263 162 143596 161 143930 159 144263 158 144596 157 144930 155 145264 153 145597 152 145931 150 146264 149 146598 147 146931 146 147264 145 147598 143 147931 142 148264 141 148597 140 148931 138 149264 137 149597 136 149929 136 150262 135 150595 134 150928 133 151261 132 151594 131 151927 130 152259 130 152592 129 152925 128 153258 127 153591 126 153924 125 154256 125 154589 124 154922 123 155255 122 155588 121 155921 120 156253 120 156586 119 156919 118 157251 118 157584 117 157917 116 158250 115 158583 114 158916 113 159249 112 159582 111 159916 109 160250 107 160583 106 160916 105 161249 104 161583 102 161919 98 162253 96 162585 96 162918 95 163250 94 163583 93 163915 63 163986 21 164248 60 164325 4 164335 3 164581 58 164915 54 165247 54 165579 53 165911 53
basset_hound_106,74778 12 75133 17 75487 26 75524 8 75842 50 76197 54 76551 60 76906 63 77261 67 77615 73 77970 76 78324 82 78679 86 79035 88 79390 93 79746 96 80102 99 80458 104 80814 107 81170 111 81527 113 81883 116 82240 118 82596 122 82953 124 83310 126 83667 128 84023 131 84380 133 84737 135 85093 138 85450 140 85807 141 86164 143 86521 144 86877 146 87234 148 87591 150 87949 150 88306 151 88663 152 89020 153 89377 154 89734 154 90092 154 90449 155 90806 155 91164 154 91521 154 91879 153 92236 153 92594 152 92952 151 93309 150 93667 149 94025 148 94383 146 94740 145 95097 143 95455 141 95812 125 95941 11 96170 123 96298 11 96527 121 96659 5 96884 119 97018 2 97242 116 97599 116 97956 115 98313 115 98671 113 99028 113 99385 113 99743 111 100100 111 100457 110 100815 108 101173 107 101531 105 101889 104 102247 102 102605 101 102963 100 103321 100 103680 98 103810 1 104039 96 104166 2 104397 96 104499 6 104522 3 104755 115 104876 6 105114 125 105474 122 105832 121 106191 119 106549 117 106909 114 107267 112 107625 110 107984 106 108342 102 108700 97 109060 70 109139 10 109419 54 109778 49 110137 44 110498 39 110857 35 111216 32 111576 27 111934 24 112294 18 112653 14
pug_171,3854 6 3877 4 4069 34 4285 39 4503 42 4720 45 4935 4 4942 42 5154 3 5163 41 5386 10 5398 25 5625 17 5850 10 6072 6 14903 3 15120 5 15339 4 15557 4 15776 3 15995 1 17195 1 17411 7 17629 10 17847 13 18065 16 18283 19 18501 24 18719 28 18938 31 19156 36 19374 40 19593 43 19811 47 20029 51 20248 54 20465 60 20647 2 20662 1 20682 66 20864 10 20877 11 20896 75 21082 110 21300 114 21519 116 21737 120 21956 122 22174 126 22393 130 22538 1 22541 13 22611 163 22830 163 23049 162 23267 161 23486 157 23705 154 23923 153 24142 151 24361 149 24580 148 24798 148 25017 147 25236 146 25455 145 25673 146 25892 145 26111 145 26330 145 26548 145 26767 145 26986 145 27204 146 27422 146 27641 146 27859 147 28078 147 28297 147 28517 146 28736 146 28956 145 29175 145 29394 145 29613 145 29833 144 30052 144 30271 145 30490 145 30709 145 30928 145 31147 145 31366 145 31585 145 31804 145 32023 145 32242 145 32460 146 32679 146 32898 145 33117 145 33336 145 33555 145 33774 145 33993 144 34211 128 34430 126 34649 125 34868 124 35087 123 35306 123 35525 122 35744 122 35962 122 36181 122 36400 113 36517 4 36619 112 36837 112 37056 112 37275 112 37494 112 37712 113 37931 112 38150 112 38368 112 38586 113 38805 113 38929 3 39023 114 39147 6 39241 115 39366 9 39459 116 39584 14 39678 116 39803 17 39896 116 40022 18 40114 116 40241 20 40332 116 40460 21 40551 115 40679 23 40769 116 40898 24 40987 116 41118 24 41206 116 41337 23 41424 116 41556 23 41643 116 41775 22 41861 117 41993 22 42080 117 42212 21 42299 116 42431 20 42518 116 42649 19 42737 116 42867 19 42956 116 43086 17 43174 117 43303 18 43393 116 43521 17 43613 115 43739 16 43832 113 43957 14 44051 29 44090 30 44141 21 44177 11 44271 25 44313 24 44362 16 44495 2 44499 15 44541 11 44720 11 44940 8 45162 4
Ragdoll_261,342 138 823 138 1304 138 1786 139 2267 139 2748 139 3229 139 3709 140 4190 140 4671 140 5152 140 5633 140 6114 140 6595 140 7076 140 7556 141 8037 141 8518 141 8998 142 9479 142 9960 142 10441 142 10921 143 11402 143 11883 143 12364 143 12845 143 13326 143 13807 143 14288 143 14768 144 15249 144 15730 144 16210 145 16691 145 17172 145 17652 146 18133 146 18614 146 19094 147 19575 147 20056 147 20536 148 21017 148 21498 148 21978 149 22459 149 22940 149 23420 150 23901 150 24382 150 24862 151 25343 151 25823 152 26304 152 26784 153 27264 154 27745 154 28225 155 28705 156 29185 157 29665 158 30145 159 30624 161 31104 162 31583 164 32061 167 32539 170 33015 175 33492 179 33970 182 34449 184 34928 186 35407 188 35846 13 35886 190 36320 24 36365 192 36795 32 36843 195 37271 42 37319 200 37750 250 38229 252 38709 253 39189 254 39668 256 40148 257 40628 258 41108 259 41588 260 42068 261 42547 263 43027 264 43506 266 43983 270 44462 272 44941 274 45420 276 45899 278 46379 279 46858 281 47338 282 47819 282 48299 283 48779 284 49260 284 49740 285 50220 286 50701 286 51181 287 51661 288 52141 289 52622 289 53102 290 53581 292 54061 293 54541 294 55021 295 55501 296 55981 297 56459 300 56938 302 57417 304 57895 307 58375 308 58854 310 59333 312 59812 314 60290 317 60769 319 61247 322 61725 325 62203 328 62681 331 63160 333 63638 336 64117 338 64595 341 65075 342 65554 344 66033 346 66512 348 66991 350 67470 352 67948 355 68427 357 68905 360 69384 362 69860 367 70334 374 70809 380 71281 389 71736 415 72214 418 72694 419 73174 420 73654 421 74135 421 74615 422 75096 422 75577 422 76058 422 76539 422 77021 421 77502 421 77983 421 78465 420 78947 419 79428 419 79910 418 80392 417 80873 417 81355 416 81837 415 82319 414 82801 413 83283 412 83764 412 84247 410 84728 410 85210 409 85692 408 86174 407 86656 406 87138 405 87620 404 88102 403 88584 402 89066 401 89548 400 90030 399 90512 398 90993 398 91475 397 91957 396 92439 395 92921 394 93402 394 93884 393 94366 392 94848 391 95329 391 95811 390 96293 389 96774 389 97256 388 97737 388 98219 387 98701 386 99182 386 99664 385 100145 385 100626 385 101108 384 101589 384 102071 383 102552 383 103033 383 103514 383 103995 383 104476 383 104957 383 105438 383 105919 383 106400 383 106882 382 107363 382 107844 382 108325 382 108806 382 109287 382 109768 382 110249 382 110730 382 111211 382 111692 382 112173 382 112654 382 113135 382 113616 382 114097 382 114578 382 115059 382 115540 382 116021 382 116502 382 116983 382 117464 382 117945 382 118426 382 118907 382 119388 382 119869 382 120350 382 120831 382 121312 382 121793 382 122274 382 122755 382 123236 382 123717 382 124198 382 124679 382 125160 382 125641 382 126122 382 126604 381 127085 381 127566 381 128047 381 128528 381 129009 381 129490 381 129971 381 130452 381 130933 381 131414 381 131895 381 132376 381 132857 381 133338 381 133818 382 134299 382 134780 382 135262 381 135743 381 136224 381 136705 381 137186 381 137667 381 138148 381 138629 381 139110 381 139591 381 140073 380 140554 380 141035 380 141516 380 141997 380 142478 380 142959 380 143440 380 143921 380 144402 380 144883 380 145364 380 145845 380 146326 380 146807 380 147288 380 147769 380 148250 380 148731 380 149211 381 149692 381 150173 381 150654 381 151135 381 151616 381 152097 381 152578 381 153059 381 153539 382 154020 382 154501 382 154982 382 155463 382 155944 382 156424 383 156905 383 157386 383 157867 383 158348 383 158829 383 159310 383 159791 383 160272 383 160753 383 161234 383 161715 383 162195 384 162676 384 163157 384 163638 384 164119 384 164600 384 165081 384 165562 384 166043 384 166524 384 167005 384 167485 385 167966 385 168447 385 168928 385 169409 385 169889 386 170370 386 170851 386 171331 387 171812 387 172293 387 172773 388 173254 388 173734 389 174215 389 174695 390 175176 390 175656 391 176137 391 176617 392 177097 393 177578 393 178058 394 178539 394 179019 395 179499 396 179979 397 180460 397 180940 398 181420 399 181900 400 182380 401 182861 401 183341 402 183821 403 184302 403 184782 404 185262 405 185742 406 186223 406 186703 407 187183 408 187663 409 188144 409 188624 410 189104 411 189584 412 190065 412 190545 413 191025 414 191505 415 191986 415 192466 416 192947 416 193427 417 193908 417 194389 417 194869 418 195350 418 195831 418 196311 245 196565 165 196792 241 197049 162 197273 239 197531 161 197754 237 198013 160 198235 234 198496 158 198717 231 198977 158 199199 228 199459 157 199682 145 199831 76 199941 156 200179 124 200318 68 200423 155 200664 117 200802 64 200904 155 201149 111 201285 60 201386 154 201632 106 201769 56 201867 154 202116 101 202252 52 202349 153 202598 98 202735 49 202830 153 203080 95 203218 45 203311 153 203563 91 203700 42 203792 153 204045 88 204183 38 204274 152 204527 85 204665 34 204755 152 205009 83 205148 27 205236 152 205491 81 205631 21 205717 152 205973 79 206114 15 206198 152 206456 76 206599 6 206679 152 206938 74 207161 151 207420 72 207642 151 207901 70 208123 151 208383 68 208604 151 208865 66 209085 151 209347 63 209566 151 209830 60 210047 151 210312 57 210529 150 210794 55 211010 150 211278 49 211491 150 211761 44 211972 150 212245 20 212454 149 212729 11 212935 149 213417 148 213898 148 214379 148 214861 147 215342 147 215823 147 216305 146 216786 146 217267 146 217749 145 218230 145 218711 145 219192 145 219674 144 220155 144 220636 144 221118 143 221599 143 222080 143 222561 143 223043 142 223524 142 224005 142 224486 142 224967 142 225448 142 225930 141 226411 141 226892 141 227373 141 227854 141 228335 141 228816 141 229297 141 229778 141 230259 141 230740 141 231221 141 231702 141 232183 141 232664 141 233145 141 233626 141 234107 141 234587 142 235068 142 235549 142 236030 142 236511 142 236992 142 237474 141 237955 141 238436 141 238917 141 239398 141 239878 142 240359 141
keeshond_58,30874 4 31276 5 31677 8 32079 9 32481 10 32884 10 33286 11 33688 12 34090 13 34493 13 34895 14 35298 14 35700 15 36103 15 36506 15 36908 16 37311 15 37714 15 38116 16 38519 15 38922 15 39324 16 39727 16 40130 15 40532 16 40935 16 41338 15 41741 15 42143 15 42546 15 42949 14 43352 13 43755 13 44157 13 44560 13 44963 12 45366 11 45769 11 46171 11 46574 11 46977 10 47380 9 47782 10 48185 9 48587 10 48990 9 49392 9 49794 10 50197 9 50599 10 51001 10 51403 10 51805 11 52207 11 52609 11 53011 11 53414 11 53816 11 54218 11 54620 12 55023 11 55425 11 55827 12 56229 12 56631 13 57033 13 57435 14 57837 14 58239 15 58640 17 59042 17 59443 19 59844 21 60245 23 60646 25 61047 27 61448 28 61848 31 62246 36 62645 40 63044 45 63444 48 63845 50 64245 53 64646 55 65046 59 65446 62 65846 66 66246 69 66647 72 67046 76 67446 80 67846 85 68246 92 68647 101 69048 104 69449 107 69851 109 70252 113 70371 9 70654 130 71056 132 71458 134 71860 135 72263 135 72665 136 73067 138 73469 139 73871 140 74273 141 74676 141 75078 142 75480 143 75882 144 76283 146 76685 147 77087 148 77489 149 77891 151 78292 153 78694 154 79096 155 79498 156 79900 157 80302 158 80703 160 81105 162 81507 163 81909 164 82177 7 82311 166 82576 13 82714 166 82977 16 83116 168 83378 19 83518 169 83779 21 83921 170 84180 24 84323 171 84581 26 84726 172 84983 27 85129 172 85384 29 85531 173 85786 30 85934 174 86187 32 86336 175 86588 34 86739 175 86990 34 87141 177 87392 35 87544 177 87793 37 87947 177 88195 37 88349 179 88596 38 88752 179 88998 38 89154 181 89400 39 89557 181 89801 40 89959 182 90202 40 90362 183 90604 40 90764 184 91004 41 91167 184 91406 41 91569 186 91807 41 91972 186 92207 41 92374 188 92607 42 92777 188 93008 41 93179 190 93408 41 93581 191 93809 41 93984 192 94210 40 94387 192 94611 39 94789 194 95013 38 95192 195 95414 37 95595 196 95815 37 95997 199 96216 37 96400 200 96617 37 96802 203 97017 39 97205 209 97416 41 97608 251 98010 251 98413 250 98816 248 99219 247 99621 246 100024 245 100427 244 100830 242 101232 242 101635 240 102038 239 102441 237 102844 236 103247 235 103650 234 104053 232 104456 231 104859 230 105262 229 105665 228 106068 227 106471 226 106874 225 107277 224 107680 224 108083 223 108486 222 108889 222 109292 221 109695 220 110098 220 110501 219 110904 218 111307 218 111710 217 112113 216 112516 216 112920 214 113323 214 113726 213 114129 213 114532 212 114936 211 115339 210 115742 210 116146 208 116549 208 116952 207 117356 206 117759 206 118162 206 118565 206 118969 204 119372 204 119775 204 120179 203 120582 203 120985 203 121389 202 121792 203 122195 203 122598 203 123002 202 123405 203 123808 203 124212 202 124615 203 125018 203 125421 203 125825 202 126228 203 126631 203 127035 202 127438 203 127841 203 128245 202 128648 202 129051 203 129455 202 129858 202 130261 202 130665 201 131068 202 131471 202 131875 201 132278 201 132681 201 133085 200 133488 200 133891 200 134295 199 134698 199 135102 198 135505 198 135909 197 136312 196 136716 195 137119 195 137522 195 137926 194 138329 194 138732 194 139136 193 139539 192 139943 191 140346 191 140750 190 141153 190 141557 189 141960 189 142364 187 142767 187 143171 186 143574 186 143978 185 144381 184 144785 183 145189 182 145592 182 145996 180 146400 179 146804 178 147207 178 147611 176 148015 175 148418 175 148822 174 149226 172 149630 171 150033 171 150437 170 150840 169 151244 168 151647 167 152051 166 152454 166 152857 165 153261 164 153664 163 154068 162 154471 162 154874 161 155278 160 155681 159 156085 157 156488 157 156892 155 157295 154 157698 154 158102 152 158505 152 158908 151 159311 150 159714 150 160117 149 160520 148 160923 148 161325 148 161728 147 162131 147 162534 146 162937 145 163339 145 163742 145 164144 145 164547 144 164949 144 165351 144 165754 143 166157 143 166560 142 166963 141 167366 141 167769 141 168172 140 168575 140 168978 140 169381 140 169784 141 170187 141 170591 140 170994 141 171397 141 171800 142 172203 142 172606 142 173009 143 173412 143 173815 143 174218 144 174621 144 175025 143 175428 143 175833 142 176237 141 176640 141 177044 140 177447 140 177851 140 178254 140 178657 140 179061 139 179464 139 179867 139 180270 139 180674 138 181077 139 181480 139 181884 138 182287 138 182690 138 183094 137 183498 136 183901 136 184305 135 184709 134 185112 134 185516 133 185920 132 186324 131 186727 131 187131 130 187535 129 187939 128 188342 128 188746 127 189149 127 189552 127 189956 126 190359 126 190763 125 191166 125 191570 123 191973 123 192377 122 192781 121 193184 120 193587 120 193991 118 194394 118 194798 116 195201 116 195605 114 196009 113 196413 111 196816 110 197220 109 197624 107 198028 105 198433 102 198840 97 199245 90 199650 88 200054 86 200458 86 200859 1 200861 86 201262 88
Sphynx_228,10684 3 10936 5 11190 5 11443 7 11696 8 11949 10 12202 11 12456 12 12709 14 12962 17 13216 19 13469 22 13722 24 13976 26 14229 29 14268 3 14482 48 14736 50 14989 55 15243 57 15496 60 15750 62 16003 66 16257 66 16511 66 16764 68 17018 68 17271 69 17525 68 17778 69 18031 69 18285 69 18538 69 18791 69 19044 70 19297 70 19550 70 19803 70 20056 70 20309 69 20562 69 20815 69 21067 69 21320 68 21573 68 21826 67 22079 66 22331 67 22584 66 22837 66 23090 65 23343 65 23596 64 23848 65 24100 65 24352 66 24604 67 24856 67 25107 69 25358 71 25609 72 25858 76 26107 80 26358 82 26610 82 26861 84 27113 85 27365 86 27617 87 27869 88 28120 90 28372 91 28624 92 28876 93 29128 94 29381 94 29634 94 29887 94 30140 94 30393 94 30647 93 30900 93 31154 92 31408 91 31662 90 31916 89 32170 88 32425 86 32681 84 32939 9 32973 45 33228 43 33482 42 33735 42 33988 42 34242 42 34495 42 34748 42 35001 43 35254 43 35507 44 35760 45 36013 45 36266 46 36519 46 36772 47 37025 48 37278 49 37531 49 37784 50 38037 50 38290 51 38542 53 38795 53 39048 54 39301 54 39554 55 39806 56 40059 57 40312 57 40565 57 40817 59 41070 59 41323 59 41576 59 41829 60 42081 61 42334 61 42587 61 42840 61 43093 61 43346 62 43599 62 43852 62 44105 62 44358 62 44611 62 44864 62 45117 62 45370 62 45623 63 45876 63 46129 63 46382 63 46635 63 46888 63 47141 64 47394 64 47647 64 47900 65 48153 65 48406 66 48659 66 48911 68 49164 68 49417 69 49670 70 49923 70 50175 72 50428 73 50681 74 50933 75 51186 76 51439 77 51692 79 51944 83 52045 7 52197 107 52450 106 52703 105 52955 104 53208 103 53461 101 53714 98 53966 92 54219 84 54472 82 54724 82 54977 81 55230 81 55483 80 55618 1 55735 80 55871 2 55988 80 56124 1 56241 80 56377 1 56493 80 56746 80 56999 80 57251 80 57504 80 57757 80 58010 80 58262 80 58515 80 58768 80 59020 80 59273 80 59526 80 59778 80 60031 80 60284 80 60537 80 60789 81 61042 80 61295 80 61547 81 61800 81 62053 81 62306 81 62559 81 62811 82 63064 82 63317 82 63570 82 63823 83 64076 83 64329 83 64581 84 64834 84 65087 84 65340 84 65593 85 65846 85 66099 85 66352 85 66605 85 66858 85 67111 85 67364 85 67617 85 67870 85 68123 85 68376 85 68629 85 68882 84 69135 84 69388 84 69641 84 69894 84 70148 83 70401 83 70654 83 70907 83 71160 83 71413 83 71666 83 71919 83 72172 83 72425 83 72678 83 72931 83 73185 82 73438 82 73691 83 73944 83 74197 83 74450 83 74704 83 74957 83 75210 83 75463 84 75717 83 75970 84 76223 84 76476 85 76729 85 76877 4 76983 85 77128 6 77236 85 77381 7 77489 86 77633 9 77742 86 77886 9 77995 87 78139 9 78249 86 78391 11 78502 87 78633 1 78644 11 78755 87 78886 1 78897 11 79008 88 79138 2 79150 11 79262 88 79391 2 79403 11 79515 88 79644 2 79656 12 79768 89 79897 1 79909 12 80022 89 80149 2 80162 12 80275 89 80402 2 80415 12 80528 90 80655 1 80668 11 80781 91 80908 1 80920 12 81035 91 81160 2 81173 12 81288 91 81413 2 81426 12 81541 92 81665 2 81679 12 81794 93 81918 2 81931 13 82048 93 82170 3 82184 12 82301 93 82423 3 82437 12 82555 93 82675 3 82689 13 82808 93 82928 3 82942 13 83061 93 83180 4 83194 13 83315 93 83432 4 83447 13 83568 93 83685 4 83700 13 83821 94 83937 5 83952 13 84074 94 84189 5 84205 13 84328 94 84442 5 84457 13 84581 94 84694 6 84710 13 84834 95 84946 6 84963 12 85088 94 85198 7 85215 13 85341 94 85451 6 85468 12 85594 94 85703 6 85720 12 85848 94 85956 5 85972 13 86101 94 86210 3 86225 12 86355 93 86477 13 86608 93 86729 13 86862 92 86982 13 87116 92 87234 13 87369 92 87486 13 87623 91 87738 14 87877 91 87991 13 88130 91 88243 14 88384 91 88495 14 88638 68 88709 21 88748 14 88891 66 88965 19 89000 14 89145 64 89219 19 89253 14 89399 62 89474 18 89505 14 89652 61 89728 18 89757 15 89906 59 89982 18 90009 15 90160 58 90236 19 90261 15 90414 56 90490 39 90667 56 90744 37 90921 54 90997 36 91175 53 91251 35 91429 51 91505 33 91682 50 91758 32 91936 47 92012 30 92190 45 92266 28 92444 43 92519 26 92698 40 92773 22 92952 39 93027 17 93205 38 93281 15 93459 36 93534 14 93713 34 93789 10 93967 32 94044 5 94221 31 94475 29 94729 27 94983 25 95238 23 95492 21 95746 19 96000 17 96254 15 96508 13 96763 11 97017 9 97271 8 97525 5 97780 2
Sphynx_137,32333 17 32638 29 32947 36 33255 42 33565 47 33875 50 34186 53 34497 56 34808 58 35119 61 35430 64 35742 66 36053 69 36365 71 36676 74 36988 76 37300 78 37611 82 37923 83 38235 85 38547 87 38859 88 39170 91 39482 92 39793 94 40105 95 40417 96 40728 97 41040 98 41351 99 41662 101 41973 102 42285 103 42596 104 42907 105 43218 107 43529 108 43840 109 44151 110 44462 112 44773 113 45084 114 45394 116 45705 117 46016 118 46326 120 46637 121 46947 123 47258 124 47568 126 47879 127 48190 128 48501 129 48812 130 49123 131 49434 132 49745 133 50056 134 50367 135 50679 134 50990 135 51301 136 51613 135 51924 136 52236 136 52547 137 52858 137 53170 137 53481 137 53793 137 54104 138 54416 137 54727 138 55039 138 55351 137 55662 138 55974 137 56286 137 56597 137 56909 137 57220 137 57532 137 57844 136 58156 136 58467 136 58779 135 59091 135 59403 134 59714 134 60026 134 60338 133 60650 132 60962 131 61274 131 61585 131 61897 130 62209 129 62521 128 62833 128 63145 127 63457 126 63769 125 64081 124 64393 123 64705 122 65017 121 65329 120 65640 120 65952 119 66264 119 66576 118 66888 117 67200 116 67512 115 67824 115 68136 114 68448 113 68760 113 69072 112 69384 112 69696 111 70008 111 70320 111 70632 110 70944 110 71256 110 71568 110 71880 110 72192 110 72504 110 72816 110 73129 109 73441 109 73753 110 74065 110 74376 111 74688 111 75000 111 75312 112 75624 112 75936 112 76248 113 76560 113 76872 113 77184 114 77496 114 77808 114 78119 116 78431 116 78743 116 79055 116 79367 117 79679 117 79991 117 80303 118 80615 118 80927 118 81238 119 81550 119 81862 120 82174 120 82486 120 82797 121 83109 121 83421 121 83643 14 83733 121 83949 26 84044 122 84258 38 84356 122 84568 47 84668 122 84879 57 84979 123 85190 60 85291 123 85502 61 85602 124 85813 63 85914 124 86126 63 86226 125 86438 64 86537 126 86750 65 86849 126 87063 65 87161 126 87376 65 87472 127 87689 65 87784 127 88002 65 88094 129 88316 65 88405 130 88630 66 88716 131 88944 67 89025 134 89259 65 89335 136 89573 63 89646 137 89887 60 89958 137 90201 58 90271 112 90385 22 90515 56 90584 111 90698 21 90829 53 90896 110 91010 21 91143 51 91209 107 91323 20 91456 50 91521 106 91635 21 91770 48 91834 104 91948 20 92084 46 92146 104 92261 19 92398 44 92458 103 92573 19 92712 42 92770 102 92886 18 93027 39 93082 102 93198 18 93341 38 93394 101 93510 18 93655 36 93706 100 93823 17 93968 35 94017 101 94135 17 94281 35 94329 100 94447 18 94594 34 94640 100 94759 18 94906 35 94952 100 95072 17 95219 35 95263 100 95384 17 95531 36 95572 102 95696 17 95843 143 96008 17 96156 141 96321 16 96468 140 96633 16 96780 139 96945 16 97092 139 97257 16 97404 138 97570 16 97716 137 97882 16 98028 136 98194 16 98341 135 98507 15 98653 134 98819 16 98965 132 99131 16 99277 132 99444 15 99589 130 99756 16 99902 127 100068 16 100214 123 100381 15 100526 114 100693 16 100838 111 101005 16 101151 109 101318 15 101463 107 101630 16 101775 106 101943 15 102087 105 102255 15 102400 103 102568 15 102712 102 102880 15 103024 70 103098 28 103193 14 103337 64 103416 21 103505 15 103649 38 103695 16 103735 14 103818 14 103961 36 104008 14 104052 8 104130 15 104274 34 104321 11 104367 2 104443 14 104586 33 104634 9 104756 13 104898 33 104947 7 105068 14 105210 32 105260 5 105381 13 105523 31 105573 2 105694 13 105835 30 106006 13 106147 30 106319 13 106459 29 106631 14 106771 29 106944 13 107083 28 107257 13 107395 28 107570 13 107707 28 107882 13 108019 27 108195 13 108331 27 108507 14 108643 27 108820 14 108954 27 109133 13 109266 27 109446 13 109578 26 109758 14 109889 26 110071 14 110201 25 110384 14 110512 25 110697 14 110824 24 111010 14 111135 24 111322 15 111446 24 111635 15 111757 23 111947 16 112069 22 112260 15 112380 22 112573 15 112691 22 112885 16 113002 21 113198 16 113313 21 113510 16 113624 19 113823 16 113935 18 114136 15 114247 16 114448 15 114558 15 114761 14 114869 15 115074 13 115180 14 115388 11 115492 13 115701 10 115803 13 116015 7 116115 11 116426 11 116738 10 116883 4 117050 8 117195 8 117361 8 117507 10 117673 6 117820 10 117986 3 118132 11 118445 10 118758 10 119072 8 119385 7 119699 4
yorkshire_terrier_57,42255 3 42579 18 42908 26 43237 33 43543 10 43564 43 43872 71 44202 77 44533 84 44752 9 44864 88 45082 12 45196 94 45412 15 45528 97 45743 17 45860 99 46074 18 46192 101 46406 18 46524 104 46737 18 46856 107 47068 18 47188 109 47400 17 47520 111 47731 17 47852 114 48063 16 48185 115 48394 16 48517 117 48726 15 48849 120 49058 14 49182 124 49389 14 49514 130 49721 14 49846 136 50053 13 50179 139 50385 13 50511 142 50716 14 50844 145 51048 14 51177 147 51380 14 51509 150 51712 14 51842 152 52044 14 52175 153 52375 15 52508 155 52707 15 52840 157 53039 14 53173 158 53370 15 53505 160 53702 15 53838 160 54033 16 54170 162 54364 17 54503 162 54695 17 54835 163 55027 17 55168 163 55358 18 55500 165 55690 17 55833 165 56021 18 56166 165 56353 17 56498 166 56684 18 56831 166 57015 18 57164 166 57346 19 57496 167 57677 19 57829 167 58008 20 58162 168 58339 20 58494 172 58667 24 58827 196 59159 195 59492 194 59825 193 60157 192 60489 192 60822 191 61154 190 61487 189 61819 189 62151 188 62483 188 62815 187 63147 187 63479 187 63811 187 64143 186 64475 186 64807 186 65139 185 65471 185 65803 185 66135 185 66467 184 66799 184 67131 184 67463 184 67795 184 68127 184 68459 184 68791 184 69122 185 69454 185 69786 185 70118 185 70450 185 70781 186 71113 186 71445 186 71776 187 72108 187 72440 188 72771 189 73103 189 73435 190 73766 191 74098 191 74430 192 74761 193 75093 194 75424 195 75756 196 76088 196 76420 196 76751 198 77083 199 77415 199 77747 200 78078 201 78410 202 78741 204 79073 204 79404 206 79736 206 80067 208 80398 210 80729 211 81060 213 81390 215 81721 217 82051 220 82381 222 82712 224 83041 228 83371 230 83701 233 84031 236 84361 239 84692 241 85022 245 85353 247 85684 249 86014 253 86345 255 86676 258 87006 261 87337 263 87668 265 87999 267 88330 269 88661 271 88993 273 89324 275 89656 276 89989 276 90321 277 90654 277 90987 277 91321 275 91654 275 91987 275 92320 274 92653 274 92986 274 93319 273 93653 272 93986 271 94320 270 94653 269 94987 268 95320 267 95653 267 95987 265 96321 264 96655 262 96990 260 97324 258 97660 254 97995 252 98329 250 98665 246 99000 244 99334 242 99670 239 100005 236 100343 230 100681 224 101017 221 101354 216 101689 213 102024 210 102361 206 102698 201 103037 194 103376 187 103712 183 104046 181 104380 179 104713 178 105046 177 105379 176 105712 174 106044 174 106377 173 106709 173 107041 172 107374 171 107706 171 108038 170 108370 170 108702 169 109035 167 109367 165 109699 164 110031 163 110363 161 110694 161 111026 159 111358 158 111690 157 112022 156 112354 155 112686 154 113018 154 113350 153 113682 151 114014 150 114346 149 114678 148 115010 147 115342 146 115674 145 116006 144 116337 143 116669 142 117001 87 117096 43 117333 80 117438 30 117665 79 117773 26 117997 78 118108 22 118328 78 118443 18 118660 77 118777 15 118992 76 119112 10 119324 75 119447 5 119656 75 119988 74 120320 74 120652 73 120984 72 121316 72 121647 72 121979 72 122311 71 122643 71 122975 70 123307 70 123639 69 123971 69 124303 69 124634 69 124966 69 125298 68 125630 67 125962 67 126294 66 126626 65 126958 65 127290 64 127622 64 127954 63 128286 63 128618 63 128950 62 129282 61 129614 61 129946 61 130278 61 130610 60 130942 60 131274 60 131606 60 131938 60 132270 60 132602 60 132934 60 133266 60 133598 59 133930 59 134262 59 134594 59 134925 60 135257 60 135589 60 135921 59 136253 59 136585 59 136917 59 137249 59 137581 58 137913 58 138245 58 138577 58 138909 58 139241 58 139572 58 139904 58 140236 58 140568 58 140900 58 141232 57 141564 57 141896 57 142228 57 142560 57 142892 57 143224 57 143556 57 143887 57 144219 57 144551 57 144883 57 145215 57 145547 57 145879 57 146212 56 146544 56 146876 56 147208 56 147540 56 147872 56 148204 56 148535 56 148867 56 149199 56 149531 56 149863 56 150195 57 150527 57 150859 57 151191 57 151523 57 151855 57 152187 57 152519 57 152851 57 153183 57 153515 57 153847 57 154179 57 154511 57 154843 58 155176 57 155508 57 155840 57 156172 57 156504 57 156837 57 157169 57 157501 57 157833 57 158166 56 158498 57 158830 57 159163 56 159495 56 159828 55 160160 55 160492 55 160825 54 161157 55 161490 54 161822 54 162154 54 162487 53 162819 53 163152 52 163484 52 163817 51 164149 50 164481 50 164814 49 165146 49 165478 49 165810 49
yorkshire_terrier_114,4553 23 4775 29 4999 33 5224 36 5448 40 5673 43 5898 46 6122 50 6347 52 6572 53 6797 54 7021 56 7246 57 7471 57 7696 58 7920 59 8145 60 8370 60 8595 61 8820 61 9045 62 9270 62 9495 63 9720 63 9945 64 10170 65 10395 66 10620 67 10845 68 11070 69 11295 70 11520 71 11745 72 11970 73 12195 74 12420 76 12646 76 12871 77 13096 78 13321 78 13546 60 13614 11 13772 53 13841 10 13997 49 14068 8 14222 47 14294 8 14447 44 14520 7 14673 41 14747 5 14898 39 14973 5 15123 36 15198 5 15349 32 15424 4 15574 28 15650 3 15800 25 15876 2 16025 23 16251 20 16476 19 16702 17 16927 16 17153 14 17378 13 17604 11 17830 10 18056 9 18282 8 18508 7 18734 6 18959 6 19185 6 19410 7 19636 7 19861 7 20086 8 20311 10 20536 11 20761 12 20986 14 21211 17 21436 19 21661 22 21886 25 22111 28 22336 31 22561 33 22786 37 23011 40 23236 42 23461 44 23686 45 23911 46 24136 47 24361 48 24586 49 24811 50 25036 51 25261 52 25486 53 25711 55 25936 57 26161 59 26386 62 26611 64 26836 65 27061 67 27286 69 27511 70 27736 71 27961 72 28186 74 28411 75 28636 76 28861 77 29086 78 29311 79 29536 79 29760 81 29985 81 30210 82 30435 83 30660 83 30885 84 31110 84 31335 85 31559 87 31784 88 32009 88 32234 89 32458 90 32683 91 32907 93 33132 93 33356 95 33580 96 33804 98 34028 99 34250 102 34474 103 34699 103 34924 104 35149 104 35374 104 35599 104 35824 104 36049 104 36274 104 36498 105 36723 105 36948 105 37172 107 37397 107 37621 108 37845 109 38068 111 38292 112 38515 114 38738 115 38961 117 39184 119 39408 120 39632 121 39855 123 40079 124 40303 124 40527 125 40751 126 40975 127 41200 126 41424 127 41648 127 41873 127 42097 128 42321 128 42546 127 42770 128 42995 128 43219 128 43443 129 43668 129 43892 129 44116 130 44341 130 44565 131 44789 131 45014 131 45240 130 45480 115 45712 107 45946 98 46178 4 46191 77 46419 73 46646 70 46874 67 47100 65 47327 62 47554 59 47781 56 48008 53 48236 50 48464 46 48691 44 48920 39 49148 35 49380 28 49608 24 49838 17 50068 2
saint_bernard_172,28072 2 28404 33 28747 42 29090 51 29432 59 29778 63 30122 70 30444 12 30463 80 30789 105 31135 109 31481 114 31828 117 32174 121 32521 123 32867 127 33214 129 33561 131 33907 135 34253 138 34599 142 34946 145 35293 147 35640 149 35986 153 36333 155 36679 158 37024 162 37369 165 37711 172 38056 174 38402 176 38746 181 39092 183 39438 186 39784 189 40130 191 40477 193 40823 196 41170 198 41516 201 41862 204 42209 206 42555 208 42901 211 43247 214 43592 218 43937 222 44282 226 44628 229 44974 231 45320 234 45665 239 46009 244 46352 250 46697 255 47043 259 47389 263 47736 268 48083 271 48430 274 48777 276 49124 279 49471 281 49819 284 50166 287 50513 289 50860 291 51208 293 51555 295 51902 296 52249 297 52597 297 52944 299 53291 300 53639 300 53986 301 54333 302 54681 302 55028 303 55375 304 55723 304 56070 305 56418 305 56765 306 57113 306 57460 307 57808 307 58155 308 58503 308 58850 309 59198 309 59546 309 59893 310 60241 310 60588 311 60936 311 61284 311 61632 311 61979 312 62327 312 62675 312 63023 312 63370 313 63718 313 64066 313 64414 313 64761 314 65109 314 65457 314 65805 314 66152 315 66500 315 66848 314 67196 314 67544 314 67891 315 68239 315 68587 315 68935 312 69248 1 69283 311 69630 311 69978 311 70326 311 70674 310 71021 311 71369 311 71717 311 72065 311 72413 311 72761 311 73109 311 73457 311 73804 312 74152 312 74500 312 74848 311 75195 312 75543 313 75891 313 76238 314 76586 315 76934 315 77282 316 77629 317 77977 318 78325 320 78673 321 79021 321 79369 321 79717 321 80065 321 80413 321 80761 321 81109 321 81457 322 81805 322 82154 321 82502 321 82850 321 83198 321 83546 321 83895 320 84243 320 84591 320 84939 320 85287 320 85635 320 85983 320 86331 320 86680 319 87028 319 87376 319 87724 319 88072 319 88420 319 88768 319 89116 319 89464 319 89813 318 90161 318 90509 318 90857 318 91205 318 91553 318 91901 318 92249 318 92597 318 92945 318 93293 318 93641 318 93989 318 94337 318 94685 318 95033 318 95381 318 95729 318 96077 318 96425 318 96773 318 97121 318 97469 318 97817 318 98165 318 98512 319 98860 319 99208 319 99556 319 99904 319 100252 319 100600 319 100948 319 101296 319 101644 319 101992 319 102339 320 102687 320 103035 320 103383 320 103731 320 104079 320 104427 320 104775 320 105123 320 105471 320 105819 320 106168 319 106516 319 106864 319 107212 319 107560 319 107908 319 108257 318 108605 318 108953 318 109301 318 109650 317 109998 317 110346 317 110695 316 111043 316 111391 316 111740 315 112088 315 112437 313 112785 313 113134 312 113482 312 113831 312 114179 312 114528 311 114876 311 115225 310 115573 310 115922 309 116270 308 116619 307 116967 307 117316 306 117664 306 118013 305 118362 304 118710 304 119059 303 119407 303 119756 302 120105 301 120453 300 120802 299 121150 299 121499 298 121848 297 122196 297 122545 296 122893 296 123242 294 123590 294 123939 293 124288 292 124636 291 124985 290 125333 290 125682 288 126030 288 126379 287 126727 287 127076 286 127424 286 127773 285 128121 285 128470 284 128818 284 129167 283 129515 283 129864 283 130212 285 130561 285 130910 284 131258 284 131607 283 131955 284 132304 283 132653 282 133002 281 133351 280 133699 280 134048 279 134397 278 134745 278 135094 277 135443 276 135792 275 136140 275 136489 274 136838 273 137187 272 137535 272 137884 271 138233 270 138582 269 138931 268 139280 267 139629 266 139978 79 140059 184 140327 73 140409 182 140675 71 140758 181 141024 67 141107 180 141373 64 141456 179 141722 61 141805 178 142071 58 142154 177 142420 55 142503 176 142768 54 142852 175 143117 51 143200 175 143465 50 143549 174 143814 48 143898 173 144163 46 144247 172 144512 44 144595 172 144861 42 144944 171 145210 40 145293 170 145559 38 145641 170 145909 35 145990 169 146260 31 146338 169 146611 27 146687 168 146963 21 147036 167 147314 17 147384 167 147667 9 147733 166 148082 165 148431 164 148780 163 149128 163 149477 162 149826 161 150175 160 150524 159 150873 158 151222 157 151571 156 151919 156 152268 155 152617 154 152966 153 153315 152 153664 151 154012 151 154361 150 154710 149 155058 149 155407 148 155755 148 156103 148 156451 148 156800 147 157148 147 157495 148 157843 148 158191 148 158539 148 158886 149 159234 149 159582 149 159929 150 160277 150 160624 151 160971 152 161318 153 161665 154 162013 154 162360 155 162706 157 163053 158 163400 159 163747 160 164094 161 164442 161 164789 162 165136 163 165484 163 165831 164 166179 164 166527 164 166874 165 167222 165 167569 166 167917 166 168265 166 168612 167 168960 167 169307 168 169655 168 170003 168 170350 169 170698 169 171046 169 171394 169 171743 168 172091 168 172440 166 172791 39 172847 103
British_Shorthair_181,16343 6 16841 10 17339 13 17838 15 18337 17 18835 20 19334 23 19832 25 20331 27 20829 30 21328 32 21827 34 22326 36 22825 38 23324 40 23823 42 24322 44 24821 47 25320 49 25819 51 26318 53 26817 56 27316 59 27815 62 28313 67 28812 72 29310 77 29809 81 30307 85 30806 88 31304 91 31803 93 32301 96 32799 99 33296 103 33794 106 34292 109 34790 111 35286 116 35782 120 36280 123 36776 127 37274 130 37771 133 38269 135 38767 137 39265 139 39763 142 40262 143 40760 145 41259 146 41757 148 42256 149 42755 150 43253 152 43751 154 44249 156 44747 158 45245 160 45742 163 46239 166 46735 169 47231 173 47726 178 48221 182 48717 186 49213 189 49709 192 50206 195 50704 196 51201 198 51699 199 52197 200 52695 201 53193 202 53691 203 54189 204 54630 15 54687 205 55123 27 55184 207 55620 35 55681 209 56117 44 56176 212 56615 272 57114 272 57613 272 58112 272 58612 272 59111 272 59611 272 60111 272 60611 271 61111 271 61611 271 62112 271 62612 272 63113 272 63614 271 64114 272 64615 272 65116 272 65617 272 66118 271 66619 271 67121 270 67622 270 68123 270 68625 268 69126 268 69627 268 70129 266 70630 266 71132 264 71633 263 72134 262 72636 260 73137 260 73639 258 74140 257 74641 256 75142 255 75643 254 76144 253 76645 252 77146 251 77647 250 78148 249 78648 249 79149 248 79649 248 80150 247 80650 246 81151 245 81651 245 82151 245 82651 245 83151 245 83651 244 84152 243 84652 243 85152 243 85652 242 86153 241 86653 241 87153 241 87654 239 88154 239 88654 239 89154 239 89655 238 90155 238 90655 237 91156 236 91656 236 92156 235 92656 235 93156 234 93657 233 94157 232 94657 232 95157 231 95657 231 96157 230 96657 230 97157 230 97657 229 98158 228 98658 228 99158 227 99658 227 100159 226 100659 226 101159 226 101659 225 102160 224 102660 224 103160 224 103660 224 104161 223 104661 223 105162 222 105662 222 106162 223 106662 223 107162 223 107663 222 108163 222 108663 222 109163 222 109664 221 110164 222 110664 222 111165 221 111665 221 112165 221 112665 221 113166 221 113666 221 114166 221 114667 220 115167 221 115667 221 116168 221 116668 221 117168 221 117669 221 118169 221 118669 221 119169 221 119669 222 120169 222 120668 223 121168 224 121668 224 122168 224 122668 224 123167 226 123667 226 124167 226 124667 226 125166 228 125666 228 126165 230 126665 230 127164 231 127664 232 128163 233 128663 233 129162 234 129662 235 130161 236 130660 238 131160 42 131206 192 131659 37 131714 184 132158 35 132219 179 132658 32 132722 177 133157 31 133225 48 133280 119 133656 30 133728 36 133787 112 134156 29 134231 27 134292 108 134655 28 134737 13 134796 104 135155 26 135300 101 135654 26 135806 95 136154 24 136312 89 136654 22 136816 86 137153 22 137320 82 137653 20 137823 80 138153 19 138326 77 138653 17 138829 75 139153 15 139331 73 139654 11 139834 70 140155 7 140336 69 140838 67 141340 66 141842 64 142344 63 142846 61 143348 60 143850 59 144352 57 144854 55 145355 55 145857 53 146359 52 146860 52 147362 50 147863 50 148364 49 148866 48 149367 48 149868 48 150369 47 150871 46 151372 46 151873 45 152375 44 152876 44 153378 42 153879 42 154381 40 154883 38 155385 36 155887 33 156391 27 156899 14
British_Shorthair_43,19336 13 19834 16 20332 20 20831 21 21330 23 21828 26 22327 28 22826 29 23326 30 23825 32 24325 32 24824 34 25324 34 25824 35 26323 36 26823 36 27323 37 27823 37 28322 39 28822 39 29321 41 29821 41 30320 43 30820 43 31273 17 31319 44 31768 26 31818 45 32261 36 32317 47 32717 83 32816 48 33212 92 33313 51 33707 157 34203 161 34699 166 35195 170 35692 173 36190 175 36687 178 37185 180 37682 184 38180 186 38678 188 39176 190 39674 192 40172 194 40670 196 41168 199 41666 201 42165 202 42663 204 43161 206 43659 208 44157 210 44655 212 45153 214 45652 215 46151 217 46649 219 47148 220 47647 221 48146 222 48645 223 49144 224 49643 225 50142 226 50641 227 51140 229 51638 231 52137 232 52636 233 53135 235 53635 235 54134 236 54633 237 55132 238 55631 240 56131 240 56630 241 57129 242 57629 242 58128 244 58628 244 59127 245 59626 246 60126 247 60626 247 61125 248 61624 249 62124 250 62623 251 63123 251 63622 252 64122 252 64621 253 65121 253 65620 254 66120 254 66620 254 67119 255 67619 255 68119 255 68619 255 69118 256 69618 256 70118 256 70618 256 71118 256 71617 257 72117 257 72617 257 73117 257 73617 257 74116 258 74616 258 75116 258 75616 257 76116 257 76615 258 77115 258 77615 258 78115 258 78615 258 79114 259 79614 259 80114 258 80613 259 81113 259 81612 260 82112 260 82611 261 83111 261 83610 261 84109 262 84609 262 85108 263 85608 263 86107 264 86606 265 87105 265 87604 266 88103 267 88602 268 89101 269 89600 269 90099 270 90598 271 91097 271 91596 272 92095 273 92594 274 93092 276 93590 278 94088 280 94586 281 95083 284 95580 287 96077 290 96574 293 97072 295 97569 297 98067 299 98564 302 99062 304 99561 305 100060 306 100560 305 101059 306 101559 306 102059 306 102559 306 103059 306 103559 305 104058 306 104558 306 105058 305 105558 305 106057 305 106557 305 107056 306 107556 306 108055 306 108555 306 109054 307 109554 306 110053 307 110553 307 111052 307 111552 307 112051 308 112551 308 113051 308 113550 309 114050 308 114550 308 115050 308 115550 307 116050 307 116550 306 117050 305 117550 305 118050 304 118550 303 119050 302 119550 302 120050 301 120550 301 121050 300 121550 299 122050 297 122550 268 122832 14 123050 264 123336 8 123550 259 124050 255 124551 250 125051 245 125551 239 126051 234 126551 227 127051 220 127551 215 128051 212 128551 209 129051 206 129551 204 130051 201 130552 197 131052 193 131552 191 132053 186 132553 184 133053 181 133554 178 134054 175 134554 173 135054 170 135555 167 136055 165 136555 162 137055 160 137555 158 138055 156 138555 153 139055 151 139555 149 140055 147 140554 147 141054 145 141554 144 142054 142 142554 141 143054 139 143554 137 144054 135 144554 133 145054 130 145554 128 146054 126 146554 123 147055 119 147555 116 148055 113 148555 110 149056 104 149556 100 150056 95 150556 91 151056 89 151556 87 152056 85 152556 83 153056 82 153557 80 154058 78 154560 74 155067 65 155578 51 156083 43 156586 36 157089 29 157591 23 158095 16 158600 6
yorkshire_terrier_46,153 11 652 13 1152 13 1652 14 2150 17 2649 19 3148 21 3647 22 4146 24 4645 26 5144 27 5643 29 6142 31 6640 34 7139 37 7638 39 8137 41 8636 44 9136 46 9635 48 10134 50 10634 52 11133 55 11632 57 12132 59 12631 61 13131 62 13630 64 14129 66 14629 67 15061 6 15128 68 15561 8 15628 68 16061 10 16127 70 16562 11 16626 71 17062 13 17126 71 17563 13 17625 72 18063 15 18124 73 18564 15 18624 74 19064 17 19123 75 19565 18 19622 77 20065 19 20121 78 20565 21 20619 81 21065 22 21118 83 21565 24 21616 86 22065 26 22115 88 22566 27 22613 91 23066 29 23109 97 23566 141 24066 142 24566 144 25067 145 25567 146 26067 148 26568 148 27068 150 27568 151 28069 152 28569 153 29070 153 29570 154 30071 154 30571 155 31071 156 31572 156 32072 157 32573 158 33073 159 33573 161 34073 163 34573 165 35073 167 35573 169 36072 172 36572 173 37071 175 37570 177 38070 178 38569 180 39068 183 39567 184 40067 185 40566 187 41065 189 41563 192 42062 193 42561 195 43060 196 43558 198 44057 199 44555 201 45053 203 45551 205 46049 207 46548 207 47046 209 47545 209 48043 211 48542 211 48881 11 49041 211 49377 19 49540 211 49875 25 49928 5 50040 210 50373 36 50422 16 50539 210 50872 70 51039 208 51370 75 51539 207 51869 79 52038 207 52368 82 52538 206 52867 85 53038 206 53366 88 53538 205 53865 91 54038 205 54363 95 54538 204 54861 98 55037 205 55360 100 55537 205 55858 104 56037 205 56355 108 56537 204 56834 7 56849 116 57037 205 57331 138 57537 205 57828 143 58037 205 58326 147 58537 205 58825 150 59037 206 59323 154 59537 206 59821 157 60037 207 60319 160 60537 208 60817 162 61037 209 61314 166 61537 210 61811 170 62037 212 62306 175 62537 214 62801 180 63037 216 63295 187 63537 220 63789 194 64037 224 64283 200 64537 233 64774 210 65037 448 65537 448 66037 449 66537 450 67037 451 67537 452 68037 453 68537 454 69037 455 69537 456 70037 457 70537 459 71037 460 71537 461 72037 461 72537 461 73037 461 73537 461 74037 461 74537 461 75037 461 75537 460 76037 459 76537 458 77036 457 77536 455 78036 454 78536 452 79036 449 79536 446 80036 433 80535 430 81035 422 81535 403 82034 400 82534 399 83034 397 83534 395 84034 395 84534 394 85034 391 85534 389 86033 389 86533 388 87033 387 87532 387 88032 382 88531 380 89030 378 89529 376 90028 374 90527 373 91026 374 91526 374 92025 375 92524 377 93024 378 93524 379 94023 382 94523 384 95024 385 95524 387 96025 390 96526 392 97028 392 97530 392 98032 391 98534 389 99037 386 99540 383 100044 378 100549 371 101054 363 101558 353 102062 337 102565 331 103068 326 103570 321 104073 316 104575 313 105078 309 105581 305 106083 302 106587 296 107092 290 107599 281 108117 262 108621 234 108860 17 109125 55 109189 164 109362 12 109629 46 109694 157 109863 8 110134 21 110196 154 110699 150 111201 146 111704 141 112206 138 112709 135 113214 130 113718 127 114221 124 114724 120 115227 116 115729 114 116231 111 116733 109 117235 107 117737 105 118239 103 118741 100 119243 98 119745 98 120247 97 120748 97 121250 96 121751 95 122253 93 122755 91 123258 88 123760 87 124263 85 124765 84 125268 83 125769 84 126271 83 126773 83 127276 81 127777 82 128279 81 128781 81 129282 81 129783 81 130284 82 130785 82 131286 82 131787 82 132288 82 132788 82 133289 82 133789 83 134290 83 134790 83 135291 83 135791 83 136291 83 136792 82 137292 83 137792 83 138293 83 138793 83 139293 84 139793 84 140293 84 140793 84 141294 83 141794 82 142294 82 142795 81 143295 80 143795 80 144295 79 144796 78 145296 77 145796 77 146297 75 146797 74 147298 73 147799 71 148299 70 148800 68 149301 67 149801 65 150302 63 150803 61 151303 59 151803 58 152304 56 152804 55 153304 54 153805 52 154305 51 154806 49 155306 48 155806 47 156306 46 156807 44 157306 45 157806 45 158306 45 158806 45 159306 44 159806 44 160307 43 160807 42 161307 42 161808 40 162308 40 162809 38 163310 37 163811 35 164311 35 164812 33 165313 31 165816 28 166320 23 166820 22
Egyptian_Mau_196,406108 22 408706 40 411307 52 413907 66 416507 82 419106 98 421706 109 424307 118 426908 128 429510 139 432110 153 434711 165 437312 175 439914 182 442513 193 445113 205 447714 215 450314 225 452913 235 455511 246 458108 258 460706 270 463303 283 465898 297 468485 318 471074 338 473668 353 476265 364 478862 376 481461 385 484060 394 486660 402 489258 412 491859 419 494460 426 497059 435 499657 444 502254 455 504846 470 507442 482 510039 493 512637 503 515235 512 517836 518 520437 525 523036 534 525636 542 528234 551 530834 558 533435 565 536036 571 538636 578 541237 584 543837 591 546439 596 549040 602 551638 612 554238 619 556838 626 559439 632 562040 638 564639 645 567237 654 569836 663 572436 670 575037 676 577639 680 580239 687 582839 694 585439 700 588040 706 590642 710 593243 716 595844 722 598445 728 601046 734 603647 740 606248 746 608851 749 611454 753 614056 757 616657 763 619257 770 621860 773 624463 777 627066 781 629667 786 632268 792 634869 798 637471 803 640073 807 642674 812 645274 819 647872 827 650469 836 653069 843 655670 848 658271 854 660870 861 663468 870 666068 876 668669 882 671270 887 673869 895 676468 902 679068 909 681670 913 684272 918 686875 921 689476 927 692077 932 694678 937 697280 942 699882 946 702484 950 705086 955 707687 960 710288 965 712889 970 715491 975 718092 980 720692 986 723293 992 725894 997 728495 1003 731095 1009 733694 1017 736293 1024 738890 1033 741487 1043 744086 1050 746687 1055 749287 1062 751887 1068 754487 1074 757088 1079 759691 1083 762293 1087 764894 1092 767496 1096 770100 1098 772703 1101 775307 1103 777911 1106 780514 1109 783117 1112 785721 1114 788325 1116 790929 1118 793533 1121 796137 1123 798741 1125 801345 1127 803949 1129 806553 1132 809157 1134 811762 1135 814366 1137 816970 1140 819574 1142 822178 1144 824782 1147 827386 1149 829990 1151 832594 1153 835199 1155 837803 1157 840407 1159 843011 1161 845616 1162 848220 1164 850824 1167 853429 1168 856032 1171 858636 1173 861239 1176 863843 1179 866447 1181 869051 1183 871655 1185 874258 1188 876862 1191 879466 1193 882071 1194 884675 1196 887280 1197 889884 1200 892488 1202 895092 1204 897697 1205 900302 1206 902906 1209 905510 1211 908114 1213 910718 1215 913323 1217 915927 1219 918531 1221 921135 1223 923739 1225 926343 1228 928948 1229 931552 1231 934157 1232 936761 1234 939366 1235 941971 1236 944575 1238 947180 1240 949785 1241 952389 1243 954994 1244 957598 1246 960203 1247 962807 1249 965412 1250 968017 1251 970621 1253 973226 1254 975831 1255 978435 1257 981040 1258 983645 1259 986249 1261 988854 1262 991459 1263 994064 1264 996669 1265 999273 1267 1001878 1269 1004483 1270 1007089 1270 1009694 1271 1012299 1272 1014903 1274 1017508 1275 1020113 1276 1022718 1277 1025323 1278 1027927 1280 1030532 1281 1033136 1283 1035741 1284 1038346 1285 1040951 1286 1043555 1288 1046160 1289 1048764 1291 1051369 1292 1053974 1293 1056578 1295 1059183 1296 1061787 1298 1064392 1299 1066996 1301 1069601 1302 1072206 1303 1074811 1304 1077415 1306 1080020 1307 1082625 1308 1085229 1310 1087834 1311 1090438 1313 1093043 1314 1095647 1316 1098252 1317 1100857 1318 1103461 1320 1106066 1321 1108670 1323 1111275 1324 1113880 1325 1116485 1326 1119090 1327 1121695 1328 1124299 1330 1126904 1331 1129509 1332 1132114 1333 1134719 1334 1137324 1335 1139929 1336 1142535 1336 1145140 1337 1147744 1339 1150349 1340 1152954 1341 1155559 1342 1158164 1343 1160769 1344 1163374 1345 1165979 1346 1168584 1347 1171189 1348 1173794 1349 1176399 1350 1179005 1350 1181610 1351 1184215 1352 1186820 1353 1189426 1353 1192031 1354 1194636 1355 1197242 1356 1199847 1357 1202452 1358 1205058 1358 1207663 1359 1210269 1359 1212874 1360 1215480 1360 1218085 1361 1220690 1361 1223296 1361 1225901 1362 1228506 1363 1231112 1363 1233717 1364 1236322 1365 1238928 1365 1241533 1366 1244139 1366 1246744 1368 1249350 1368 1251955 1369 1254561 1369 1257166 1370 1259772 1370 1262378 1370 1264983 1371 1267589 1371 1270194 1372 1272799 1373 1275405 1373 1278010 1374 1280615 1375 1283221 1375 1285826 1376 1288431 1377 1291037 1377 1293642 1378 1296247 1379 1298853 1379 1301458 1380 1304064 1380 1306669 1381 1309274 1382 1311880 1382 1314485 1383 1317091 1383 1319696 1384 1322302 1384 1324907 1385 1327513 1385 1330118 1386 1332724 1386 1335329 1387 1337935 1387 1340540 1388 1343145 1389 1345751 1389 1348356 1390 1350962 1390 1353567 1391 1356172 1392 1358777 1393 1361382 1395 1363987 1396 1366593 1396 1369198 1397 1371803 1398 1374409 1398 1377014 1399 1379620 1399 1382225 1400 1384831 1400 1387436 1401 1390041 1402 1392647 1402 1395252 1403 1397857 1404 1400463 1404 1403068 1405 1405674 1406 1408279 1407 1410885 1407 1413490 1408 1416096 1408 1418701 1409 1421307 1409 1423912 1410 1426517 1411 1429123 1411 1431728 1412 1434334 1412 1436939 1413 1439545 1413 1442150 1414 1444756 1414 1447362 1414 1449967 1415 1452573 1415 1455178 1416 1457784 1416 1460389 1417 1462995 1417 1465600 1418 1468206 1418 1470812 1418 1473417 1419 1476023 1419 1478629 1420 1481234 1421 1483840 1421 1486446 1421 1489051 1422 1491657 1422 1494262 1423 1496868 1423 1499474 1423 1502079 1424 1504685 1424 1507290 1425 1509896 1425 1512502 1425 1515107 1426 1517713 1426 1520318 1427 1522924 1427 1525530 1427 1528135 1429 1530741 1429 1533346 1430 1535952 1430 1538557 1431 1541163 1431 1543769 1431 1546374 1432 1548980 1432 1551585 1433 1554190 1435 1556795 1436 1559401 1436 1562006 1437 1564612 1437 1567218 1437 1569823 1439 1572429 1439 1575035 1439 1577640 1440 1580246 1440 1582851 1441 1585457 1441 1588062 1442 1590668 1442 1593273 1443 1595879 1443 1598484 1444 1601089 1445 1603695 1445 1606300 1447 1608905 1448 1611511 1448 1614116 1449 1616721 1450 1619327 1450 1621932 1451 1624538 1451 1627143 1452 1629749 1452 1632354 1453 1634960 1453 1637565 1454 1640171 1454 1642776 1455 1645381 1456 1647986 1457 1650592 1457 1653197 1458 1655802 1459 1658408 1459 1661013 1460 1663618 1461 1666224 1461 1668830 1461 1671435 1462 1674041 1462 1676646 1463 1679252 1463 1681858 1463 1684464 1463 1687070 1463 1689676 1463 1692282 1463 1694888 1463 1697494 1463 1700100 1463 1702705 1464 1705311 1464 1707917 1464 1710523 1464 1713129 1464 1715735 1464 1718340 1465 1720946 1465 1723552 1465 1726158 1465 1728764 1465 1731369 1466 1733975 1466 1736581 1466 1739186 1467 1741792 1467 1744398 1467 1747004 1467 1749610 1467 1752216 1467 1754822 1467 1757428 1467 1760034 1467 1762640 1467 1765245 1468 1767851 1468 1770457 1468 1773063 1468 1775668 1469 1778274 1468 1780880 1468 1783486 1468 1786092 1468 1788697 1469 1791303 1469 1793909 1468 1796514 1469 1799120 1469 1801726 1469 1804331 1469 1806937 1469 1809543 1469 1812149 1469 1814755 1468 1817361 1468 1819966 1469 1822572 1469 1825178 1469 1827783 1469 1830389 1469 1832995 1469 1835601 1469 1838206 1470 1840812 1470 1843417 1471 1846023 1470 1848629 1470 1851234 1471 1853840 1471 1856445 1472 1859051 1472 1861656 1473 1864262 1473 1866867 1474 1869473 1474 1872079 1473 1874684 1474 1877290 1474 1879895 1475 1882501 1475 1885107 1475 1887712 1476 1890318 1476 1892923 1477 1895529 1476 1898134 1477 1900740 1477 1903346 1477 1905951 1478 1908556 1479 1911162 1479 1913767 1480 1916373 1480 1918979 1480 1921585 1480 1924191 1480 1926797 1480 1929402 1481 1932008 1481 1934614 1481 1937220 1481 1939826 1481 1942431 1482 1945038 1481 1947644 1480 1950250 1480 1952856 1480 1955462 1480 1958068 1480 1960674 1480 1963280 1480 1965886 1479 1968492 1479 1971098 1479 1973704 1479 1976310 1479 1978916 1478 1981522 1478 1984128 1478 1986734 1478 1989340 1477 1991946 1477 1994552 1477 1997158 1477 1999764 1477 2002370 1477 2004976 1477 2007582 1477 2010188 1476 2012795 1475 2015401 1475 2018007 1475 2020613 1475 2023219 1475 2025825 1474 2028432 1473 2031038 1473 2033644 1473 2036250 1473 2038856 1473 2041462 1473 2044068 1472 2046674 1472 2049280 1472 2051886 1472 2054492 1472 2057098 1472 2059704 1472 2062310 1472 2064916 1472 2067521 1473 2070127 1472 2072733 1472 2075339 1472 2077945 1472 2080551 1472 2083157 1472 2085763 1471 2088369 1471 2090975 1471 2093581 1471 2096187 1471 2098793 1471 2101398 1471 2104004 1471 2106610 1471 2109216 1470 2111822 1470 2114428 1470 2117033 1471 2119639 1470 2122245 1470 2124851 1470 2127457 1470 2130063 1469 2132669 1469 2135274 1470 2137880 1470 2140486 1469 2143092 1469 2145698 1469 2148304 1469 2150909 1470 2153515 1470 2156121 1469 2158727 1469 2161333 1469 2163939 1469 2166545 1469 2169151 1469 2171756 1469 2174362 1469 2176968 1469 2179574 1469 2182180 1469 2184786 1469 2187392 1468 2189998 1468 2192604 1468 2195210 1468 2197816 1467 2200422 1467 2203028 1467 2205634 1466 2208240 1466 2210845 1467 2213451 1466 2216057 1466 2218663 1465 2221269 1465 2223875 1465 2226481 1464 2229087 1464 2231693 1464 2234299 1463 2236905 1463 2239511 1463 2242116 1464 2244722 1463 2247328 1463 2249934 1463 2252540 1463 2255146 1462 2257752 1462 2260358 1461 2262964 1461 2265570 1461 2268176 1460 2270781 1460 2273387 1460 2275993 1459 2278599 1459 2281205 1458 2283811 1458 2286416 1459 2289022 1458 2291628 1458 2294234 1458 2296839 1459 2299445 1458 2302051 1458 2304657 1458 2307263 1457 2309869 1457 2312475 1457 2315081 1456 2317687 1456 2320293 1455 2322357 11 2322899 1455 2324962 14 2325504 1455 2327568 16 2328110 1455 2330174 19 2330716 1454 2332780 20 2333322 1454 2335385 23 2335928 1453 2337991 25 2338534 1453 2340597 27 2341140 1453 2343203 28 2343746 1452 2345809 30 2346352 1452 2348415 31 2348958 1452 2351021 33 2351563 1452 2353627 34 2354169 1452 2356233 35 2356775 1452 2358839 37 2359381 1452 2361445 39 2361987 1452 2364051 41 2364592 1452 2366657 43 2367198 1452 2369264 44 2369804 1452 2371870 45 2372410 1452 2374476 47 2375016 1451 2377082 48 2377621 1452 2379689 49 2380227 1451 2382295 51 2382833 1451 2384901 52 2385438 1451 2387508 53 2388044 1451 2390114 55 2390650 1450 2392720 57 2393255 1451 2395327 59 2395861 1451 2397933 61 2398467 1450 2400540 62 2401072 1451 2403146 64 2403678 1451 2405752 66 2406284 1450 2408359 67 2408889 1451 2410965 69 2411495 1451 2413571 71 2414101 1451 2416177 73 2416706 1451 2418784 73 2419312 1451 2421390 75 2421918 1451 2423996 77 2424523 1452 2426602 80 2427129 1451 2429208 82 2429735 1451 2431815 83 2432340 1452 2434421 85 2434946 1452 2437027 87 2437552 1451 2439633 90 2440157 1452 2442240 91 2442763 1451 2444846 94 2445369 1451 2447452 96 2447974 1451 2450058 97 2450580 1451 2452665 98 2453185 1451 2455271 101 2455790 1452 2457877 103 2458396 1451 2460484 104 2461001 1452 2463090 106 2463607 1452 2465696 107 2466212 1452 2468303 108 2468818 1452 2470909 110 2471423 1452 2473515 112 2474028 1453 2476122 113 2476634 1453 2478728 115 2479239 1453 2481334 116 2481845 1453 2483940 118 2484450 1454 2486547 119 2487056 1453 2489153 121 2489661 1454 2491759 123 2492267 1453 2494365 124 2494872 1454 2496972 125 2497478 1453 2499578 127 2500083 1453 2502184 129 2502688 1454 2504790 131 2505294 1453 2507396 132 2507899 1454 2510003 133 2510504 1454 2512609 135 2513109 1455 2515215 137 2515714 1455 2517821 139 2518319 1456 2520428 140 2520924 1457 2523034 142 2523530 1456 2525640 144 2526135 1457 2528247 144 2528740 1457 2530853 146 2531345 1458 2533459 148 2533950 1459 2536066 150 2536555 1459 2538672 152 2539160 1460 2541279 152 2541765 1460 2543885 155 2544371 1460 2546491 158 2546976 1460 2549098 160 2549581 1461 2551704 164 2552186 1461 2554310 167 2554792 1461 2556916 169 2557397 1462 2559523 172 2560002 1462 2562129 176 2562607 1463 2564735 182 2565212 1464 2567342 187 2567817 1464 2569948 191 2570422 1465 2572554 194 2573027 1466 2575161 198 2575631 1467 2577767 204 2578236 1468 2580373 212 2580840 1470 2582980 216 2583445 1470 2585586 219 2586049 1472 2588193 221 2588653 1473 2590799 225 2591258 1474 2593405 229 2593863 1474 2596012 235 2596467 1476 2598618 240 2599072 1476 2601224 243 2601676 1478 2603831 245 2604281 1478 2606437 248 2606886 1479 2609043 251 2609490 1480 2611649 254 2612095 1481 2614255 257 2614699 1483 2616862 260 2617303 1484 2619468 268 2619907 1486 2622074 275 2622511 1487 2624680 280 2625115 1489 2627287 283 2627719 1490 2629893 288 2630322 1493 2632499 293 2632925 1495 2635105 298 2635527 1498 2637711 305 2638128 1503 2640317 309 2640729 1507 2642923 313 2643330 1512 2645530 319 2645930 1517 2648136 1917 2650742 1916 2653348 1915 2655954 1915 2658560 1914 2661166 1913 2663772 1913 2666378 1912 2668984 1912 2671590 1911 2674196 1911 2676802 1910 2679408 1910 2682014 1909 2684621 1907 2687227 1907 2689833 1906 2692439 1905 2695045 1905 2697651 1904 2700257 1904 2702863 1903 2705470 1902 2708076 1901 2710682 1901 2713288 1900 2715894 1900 2718500 1899 2721106 1899 2723713 1897 2726319 1897 2728925 1897 2731531 1896 2734137 1896 2736743 1895 2739349 1895 2741955 1895 2744562 1893 2747168 1892 2749774 1892 2752380 1891 2754986 1891 2757592 1890 2760198 1889 2762805 1887 2765411 1887 2768017 1886 2770623 1886 2773229 1885 2775835 1885 2778441 1884 2781047 1884 2783653 1883 2786259 1883 2788865 1882 2791471 1881 2794077 1881 2796683 1880 2799289 1879 2801895 1879 2804501 1878 2807107 1877 2809713 1877 2812319 1876 2814925 1876 2817531 1875 2820137 1874 2822743 1873 2825349 1872 2827955 1871 2830561 1871 2833167 1870 2835773 1869 2838379 1869 2840985 1868 2843591 1868 2846197 1867 2848803 1867 2851409 1866 2854015 1865 2856621 1864 2859227 1863 2861832 1864 2864438 1863 2867044 1862 2869650 1862 2872256 1861 2874863 1860 2877469 1859 2880074 1860 2882680 1859 2885286 1858 2887892 1858 2890498 1857 2893104 1856 2895710 1856 2898316 1855 2900922 1855 2903528 1854 2906134 1853 2908740 1853 2911346 1852 2913952 1852 2916558 1852 2919164 1851 2921770 1851 2924376 1851 2926982 1850 2929588 1850 2932194 1850 2934800 1849 2937406 1849 2940012 1848 2942618 1847 2945224 1847 2947830 1846 2950436 1846 2953042 1845 2955648 1845 2958254 1844 2960860 1844 2963466 1843 2966072 1843 2968678 1843 2971284 1842 2973890 1842 2976496 1842 2979101 1842 2981707 1842 2984313 1841 2986919 1841 2989525 1840 2992131 1839 2994737 1838 2997343 1838 2999949 1837 3002555 1837 3005161 1836 3007766 1837 3010372 1836 3012978 1836 3015584 1835 3018190 1835 3020796 1834 3023402 1833 3026008 1833 3028614 1832 3031220 1831 3033826 1830 3036432 1829 3039038 1828 3041643 1828 3044249 1827 3046855 1826 3049461 1824 3052067 1822 3054673 1821 3057279 1819 3059885 1817 3062491 1815 3065097 1812 3067703 1809 3070309 1807 3072915 1804 3075521 1802 3078126 1801 3080732 1798 3083338 1795 3085944 1792 3088550 1789 3091156 1787 3093762 1784 3096368 1781 3098974 1779 3101580 1777 3104186 1775 3106792 1773 3109397 1772 3112003 1770 3114609 1767 3117215 1765 3119821 1763 3122427 1761 3125033 1759 3127639 1757 3130245 1755 3132850 1754 3135456 1753 3138062 1751 3140668 1749 3143274 1748 3145880 1746 3148485 1745 3151091 1743 3153697 1741 3156302 1741 3158908 1739 3161514 1738 3164120 1736 3166726 1734 3169332 1732 3171937 1731 3174543 1729 3177149 1727 3179755 1725 3182361 1724 3184967 1722 3187573 1720 3190178 1719 3192784 1717 3195390 1714 3197996 1712 3200602 1710 3203208 1708 3205814 1706 3208420 1703 3211026 1701 3213632 1699 3216238 1697 3218844 1694 3221450 1692 3224056 1691 3226662 1689 3229268 1346 3230616 339 3231874 1341 3233233 326 3234480 1333 3235847 316 3237085 1328 3238465 302 3239691 1323 3241078 294 3242297 1318 3243689 287 3244903 1313 3246298 282 3247509 1310 3248908 276 3250115 1305 3251518 270 3252721 1300 3254127 265 3255327 1296 3256736 260 3257933 1293 3259345 255 3260539 1290 3261954 250 3263145 1287 3264563 245 3265751 1283 3267172 240 3268357 1280 3269780 236 3270963 1276 3272388 233 3273568 1274 3274996 228 3276174 1271 3277605 222 3278780 1268 3280213 217 3281386 1265 3282821 213 3283992 1261 3285429 208 3286598 1257 3288037 205 3289204 1250 3290645 201 3291810 1239 3293253 197 3294416 1233 3295862 191 3297022 1229 3298470 186 3299628 1223 3301078 183 3302234 1216 3303687 178 3304840 1195 3306295 174 3307446 1191 3308904 168 3310052 1188 3311512 164 3312658 1185 3314120 159 3315264 1182 3316730 153 3317870 1180 3319340 147 3320476 1179 3321951 140 3323082 1177 3324561 134 3325687 1176 3327170 128 3328293 1175 3329779 120 3330899 1173 3332390 110 3333505 1172 3335000 99 3336111 1171 3337610 89 3338717 1169 3340220 75 3341322 1169 3342832 58 3343928 1168 3345448 39 3346534 1167 3349139 1167 3351745 1166 3354351 1165 3356956 1165 3359562 1164 3362167 1163 3364773 1162 3367379 1160 3369984 1160 3372590 1159 3375195 1158 3377801 1157 3380407 1155 3383013 1154 3385618 1154 3388224 1152 3390830 1151 3393435 1151 3396041 1150 3398647 1149 3401252 1149 3403858 1148 3406463 1147 3409068 1147 3411673 1148 3414278 1148 3416884 1147 3419489 1148 3422095 1147 3424700 1147 3427306 1146 3429911 1146 3432516 1146 3435121 1146 3437726 1146 3440331 1146 3442936 1146 3445541 1147 3448146 1147 3450752 1146 3453357 1145 3455962 1145 3458567 1145 3461172 1144 3463777 1145 3466382 1145 3468987 1144 3471592 1144 3474197 1143 3476802 1143 3479407 1143 3482012 1143 3484617 1143 3487222 1142 3489827 1141 3492432 1141 3495038 1140 3497643 1140 3500248 1140 3502853 1139 3505457 1139 3508062 1139 3510667 1139 3513272 1138 3515877 1138 3518482 1137 3521087 1136 3523692 1136 3526297 1135 3528902 1135 3531507 1134 3534112 1133 3536717 1132 3539322 1132 3541927 1132 3544532 1131 3547136 1131 3549741 1130 3552346 1129 3554951 1129 3557556 1128 3560161 1128 3562766 1127 3565371 1127 3567976 1126 3570581 1126 3573186 1125 3575791 1125 3578396 1124 3581001 1123 3583605 1124 3586210 1123 3588815 1123 3591420 1123 3594025 1122 3596629 1123 3599234 1122 3601839 1122 3604444 1122 3607048 1123 3609653 1122 3612258 1121 3614863 1121 3617468 1121 3620072 1122 3622677 1121 3625282 1121 3627886 1122 3630491 1121 3633096 1121 3635701 1121 3638305 1122 3640910 1121 3643515 1121 3646120 1121 3648725 1120 3651330 1120 3653934 1121 3656539 1121 3659144 1121 3661749 1121 3664354 1121 3666959 1120 3669563 1121 3672168 1121 3674773 1120 3677378 1120 3679983 1120 3682588 1120 3685193 1119 3687799 1118 3690404 1118 3693009 1118 3695614 1117 3698219 1117 3700824 1116 3703429 1115 3706034 1115 3708639 1115 3711244 1115 3713849 1114 3716454 1113 3719059 1113 3721665 1112 3724270 1112 3726875 1111 3729481 1110 3732086 1109 3734692 1108 3737297 1108 3739903 1107 3742508 1106 3745114 1104 3747719 1104 3750324 1104 3752930 1103 3755535 1103 3758140 1102 3760746 1101 3763351 1100 3765957 1099 3768563 1097 3771168 1097 3773774 1096 3776380 1094 3778986 1093 3781591 1093 3784197 1092 3786803 1090 3789409 1089 3792014 1088 3794620 1086 3797226 1085 3799832 1083 3802438 1082 3805044 1080 3807649 1079 3810255 1078 3812861 1076 3815467 1075 3818073 1073 3820679 1071 3823285 1070 3825891 1067 3828497 1065 3831104 1063 3833710 1061 3836316 1060 3838922 1058 3841528 1056 3844135 1053 3846741 1052 3849347 1050 3851954 1047 3854560 1045 3857166 1042 3859773 1039 3862379 1038 3864986 1034 3867592 1032 3870199 1028 3872806 1024 3875413 1021 3878020 1018 3880627 1016 3883234 1012 3885841 1008 3888449 1004 3891056 1000 3893663 997 3896271 993 3898878 990 3901486 984 3904094 979 3906703 974 3909311 970 3911919 965 3914528 959 3917137 348 3917533 556 3919746 334 3920143 360 3920551 141 3922356 320 3922753 343 3923164 131 3924965 309 3925362 328 3925776 123 3927576 296 3927972 309 3928387 115 3930190 281 3930582 279 3930999 105 3932810 113 3932988 82 3933191 248 3933611 94 3935471 41 3935610 58 3935801 225 3936223 84 3938229 37 3938410 212 3938832 78 3940852 5 3941022 198 3941443 70 3943638 178 3944057 58 3946255 154 3946673 41 3948867 136 3949295 11 3951481 119 3954097 100 3956775 6
British_Shorthair_155,26358 9 26845 32 27336 49 27832 66 28328 79 28825 85 29323 88 29821 90 30319 93 30817 95 31315 97 31813 99 32311 101 32809 104 33307 106 33805 108 34304 109 34802 111 35300 112 35798 114 36297 115 36795 117 37294 118 37792 120 38290 122 38789 123 39288 123 39786 125 40284 127 40782 129 41280 131 41778 133 42277 134 42775 136 43273 137 43770 140 44268 142 44766 144 45265 145 45763 147 46261 149 46760 150 47259 151 47757 153 48256 154 48755 155 49253 157 49752 159 50251 160 50750 161 51249 161 51747 163 52246 164 52745 165 53245 165 53744 166 54243 167 54742 168 55241 169 55740 170 56238 172 56737 173 57236 173 57735 174 58235 174 58734 175 59233 176 59732 177 60232 177 60731 177 61230 178 61729 179 62229 179 62728 180 63227 180 63727 180 64226 181 64726 181 65225 182 65724 183 66224 183 66723 184 67222 185 67722 185 68221 186 68721 186 69220 187 69720 187 70219 189 70719 189 71218 190 71718 191 72217 192 72717 193 73216 195 73715 197 74214 199 74714 201 75212 204 75711 207 76210 210 76709 214 77207 218 77706 222 78204 226 78703 229 79201 233 79699 237 80198 239 80696 243 81195 245 81693 249 82192 251 82690 254 83188 257 83686 260 84184 263 84682 266 85179 269 85676 272 86173 276 86671 278 87169 281 87666 284 88164 286 88662 288 89159 292 89657 294 90154 297 90615 13 90649 302 91115 336 91615 336 92115 336 92616 335 93116 335 93617 334 94118 333 94619 332 95119 332 95620 331 96121 330 96622 329 97123 328 97624 327 98125 326 98625 326 99126 325 99627 324 100127 324 100628 323 101129 323 101629 323 102129 323 102629 323 103130 322 103630 322 104130 323 104630 323 105131 321 105631 321 106131 321 106631 320 107131 318 107631 309 108131 297 108631 293 109131 289 109631 287 110131 284 110632 261 110895 17 111132 256 111632 252 112132 250 112632 247 113132 245 113632 243 114132 240 114632 238 115132 236 115632 234 116132 232 116632 230 117132 228 117633 225 118133 223 118633 221 119133 219 119633 217 120133 215 120633 213 121134 210 121634 207 122134 205 122634 202 123134 199 123634 197 124134 194 124634 192 125134 190 125634 188 126134 186 126634 184 127134 182 127634 180 128134 178 128634 175 129134 173 129634 171 130134 168 130634 166 131134 163 131634 161 132134 158 132634 155 133133 154 133633 151 134133 148 134633 145 135132 143 135632 140 136132 138 136632 135 137131 133 137631 130 138131 104 138250 5 138630 95 139130 91 139629 88 140129 86 140628 84 141128 82 141627 81 142126 80 142626 78 143125 76 143625 30 143670 27 144124 25 144176 17 144624 21 145123 19 145623 16 146123 14 146624 10 147125 5
newfoundland_13,49182 14 49677 25 50172 34 50668 40 51159 54 51653 64 52151 70 52650 76 52748 10 53148 130 53647 139 54146 144 54645 149 55145 151 55644 153 56143 156 56643 158 57142 161 57642 163 58141 167 58640 171 59140 174 59640 178 60139 181 60639 184 61139 186 61639 189 62138 195 62638 201 63138 207 63638 213 64137 228 64637 246 65137 252 65637 255 66136 258 66636 259 67136 260 67636 261 68136 261 68636 262 69136 262 69636 261 70135 261 70635 259 71135 257 71635 256 72135 255 72635 253 73135 252 73635 252 74135 251 74635 250 75135 249 75635 248 76135 247 76635 246 77135 245 77635 241 78136 225 78636 211 79135 205 79635 202 80135 200 80635 199 81135 198 81634 198 82134 198 82634 198 83133 200 83632 201 84132 203 84631 205 85130 208 85629 211 86128 214 86626 219 87125 221 87623 225 88121 229 88619 232 89117 236 89615 240 90113 244 90612 247 91110 252 91609 258 92107 267 92607 296 93106 299 93605 301 94105 302 94604 303 95104 303 95603 303 96103 303 96603 302 97103 301 97603 299 98102 296 98602 288 99102 278 99603 267 100103 261 100603 257 101103 254 101603 252 102103 250 102603 248 103103 246 103604 244 104104 243 104604 242 105104 242 105605 241 106105 242 106606 243 107106 244 107607 248 107859 15 108107 268 108608 267 109109 265 109609 264 110110 260 110611 256 111112 251 111613 248 112114 244 112615 241 113117 237 113618 235 114119 232 114621 228 115123 66 115196 151 115625 58 115701 143 116128 50 116204 136 116633 12 116707 127 117209 118 117711 106 118213 92 118715 67 119217 57 119720 45 120222 36 120725 26 121228 17
american_bulldog_148,12740 10 13108 18 13478 23 13848 28 14219 32 14591 35 14963 38 15334 42 15706 45 16078 48 16450 51 16822 54 17195 56 17568 58 17941 60 18314 62 18688 63 19061 65 19435 66 19809 67 20182 69 20555 71 20928 73 21301 75 21674 77 22047 79 22420 81 22793 83 23167 84 23541 85 23914 87 24288 88 24662 89 25036 90 25410 91 25784 92 26157 94 26531 95 26905 96 27279 97 27654 97 28028 98 28402 99 28776 100 29150 101 29525 101 29899 102 30273 103 30647 104 31022 104 31396 105 31770 106 32145 106 32519 107 32893 108 33268 108 33642 109 34017 109 34391 110 34766 110 35140 111 35515 111 35889 112 36264 112 36638 113 37011 115 37385 116 37759 117 38133 118 38507 119 38879 121 39252 122 39625 124 39996 127 40369 128 40741 131 41114 132 41487 133 41860 134 42234 135 42607 136 42980 138 43353 140 43726 142 44098 144 44472 145 44845 147 45218 149 45592 150 45965 152 46338 154 46712 154 47085 156 47458 158 47832 159 48205 161 48578 163 48952 164 49325 166 49699 167 50073 168 50447 169 50820 171 51194 172 51568 172 51942 173 52316 174 52690 175 53064 176 53437 178 53811 179 54184 181 54557 183 54928 187 55299 191 55672 193 56045 195 56418 198 56791 200 57165 201 57539 202 57913 203 58286 206 58660 207 59034 209 59408 210 59782 211 60156 213 60531 214 60905 215 61279 217 61653 219 62027 221 62401 222 62776 223 63150 225 63524 227 63898 228 64273 228 64647 229 65021 230 65395 231 65769 232 66144 232 66518 233 66892 234 67267 234 67641 235 68015 236 68390 236 68764 237 69139 237 69513 237 69888 237 70262 239 70637 239 71012 239 71386 240 71761 240 72136 240 72511 240 72886 240 73260 241 73635 241 74010 241 74385 241 74760 241 75135 241 75510 241 75884 242 76259 242 76634 242 77009 241 77384 240 77758 240 78133 240 78508 239 78883 161 79048 74 79258 159 79428 68 79632 158 79805 65 80007 157 80183 61 80382 156 80561 58 80757 155 80939 54 81132 154 81317 51 81507 153 81694 48 81882 153 82071 46 82257 152 82449 42 82632 152 82826 39 83007 151 83204 35 83382 151 83583 30 83757 150 83961 26 84132 150 84340 21 84507 149 84722 12 84882 148 85257 148 85632 148 86007 147 86382 147 86757 146 87132 146 87508 144 87883 144 88258 143 88633 143 89008 143 89384 141 89759 141 90134 141 90510 140 90885 139 91260 139 91636 138 92011 138 92386 137 92762 136 93137 136 93512 136 93888 135 94263 135 94639 134 95014 133 95390 132 95766 131 96141 131 96517 130 96892 130 97268 129 97643 129 98019 128 98395 126 98770 126 99146 125 99522 124 99897 124 100273 123 100649 122 101025 120 101400 120 101776 119 102152 118 102527 118 102903 117 103279 116 103655 115 104030 115 104406 114 104782 113 105158 112 105534 111 105910 110 106286 109 106663 107 107039 106 107416 104 107792 102 107953 5 108169 100 108326 8 108546 98 108700 9 108923 96 109074 10 109300 94 109448 11 109688 81 109822 12 110066 78 110196 13 110443 76 110570 14 110819 75 110945 14 111195 73 111319 14 111571 72 111693 15 111947 71 112068 15 112323 70 112442 16 112698 70 112817 16 113074 69 113191 17 113449 69 113566 16 113825 68 113941 16 114200 68 114315 17 114576 66 114690 17 114951 66 115065 17 115327 65 115440 17 115702 64 115814 18 116078 63 116189 18 116453 63 116564 18 116829 61 116939 18 117204 60 117314 18 117580 59 117689 18 117955 58 118064 18 118331 56 118439 18 118707 54 118814 18 119083 52 119189 18 119459 50 119564 19 119835 48 119939 19 120211 45 120314 19 120588 41 120689 19 120964 38 121064 19 121341 35 121440 18 121718 30 121815 19 122095 25 122190 19 122472 21 122565 19 122849 17 122940 19 123228 10 123315 20 123690 20 124065 20 124440 20 124815 21 125190 21 125566 20 125941 20 126316 20 126691 21 127066 21 127441 21 127816 21 128191 22 128566 22 128941 22 129316 23 129691 23 130066 23 130441 24 130816 24 131191 25 131566 25 131941 26 132316 27 132692 26 133067 27 133442 28 133817 29 134192 30 134567 30 134942 31 135317 32 135692 33 136068 33 136443 33 136818 34 137194 33 137569 33 137944 34 138320 33 138695 33 139070 33 139446 32 139821 33 140197 32 140572 32 140947 32 141323 31 141698 30 142074 29 142449 29 142825 28 143200 28 143576 28 143951 28 144327 27 144703 26 145078 25 145454 24 145830 23 146206 22 146582 21 146958 20 147334 18 147711 16 148087 15 148464 12 148842 6
havanese_48,18605 6 18934 11 19265 13 19596 16 19927 18 20258 20 20590 21 20921 23 21253 24 21585 25 21917 26 22249 27 22582 27 22914 27 23246 28 23579 28 23911 29 24243 30 24576 30 24908 31 25241 31 25573 32 25906 32 26238 33 26570 34 26903 33 27235 34 27567 35 27899 36 28232 36 28564 37 28896 38 29229 37 29562 37 29894 38 30227 38 30560 38 30893 38 31226 37 31560 36 31893 36 32226 36 32560 35 32894 6 32904 24 33237 24 33570 24 33902 25 34234 26 34566 27 34898 28 35229 30 35561 31 35893 32 36226 32 36558 33 36891 32 37223 33 37556 33 37888 34 38220 35 38553 35 38885 36 39217 37 39549 38 39881 39 40213 40 40546 39 40878 40 41210 41 41542 42 41874 43 42206 44 42538 45 42871 45 43203 46 43535 47 43867 48 44199 49 44531 49 44864 49 45196 50 45528 51 45860 52 46191 54 46523 55 46855 56 47187 57 47518 59 47850 59 48181 61 48512 63 48844 64 49175 66 49506 68 49837 70 50169 71 50500 73 50832 74 51164 75 51496 76 51828 77 52160 78 52492 78 52824 79 53156 80 53488 81 53820 82 54152 83 54484 84 54817 84 55149 85 55481 86 55813 87 56146 87 56478 88 56810 89 57143 89 57475 90 57808 90 58141 90 58473 91 58806 91 59138 92 59471 92 59804 92 60137 92 60469 93 60802 93 61134 94 61467 94 61800 94 62132 95 62465 95 62797 96 63130 96 63463 96 63795 97 64128 97 64460 98 64793 98 65126 98 65458 99 65791 99 66124 99 66456 100 66789 100 67122 100 67455 100 67787 101 68120 101 68453 101 68786 101 69118 102 69451 102 69784 102 70117 102 70450 102 70782 103 71115 103 71448 103 71781 103 72113 104 72446 104 72779 104 73112 104 73444 105 73777 105 74110 105 74443 105 74776 105 75109 105 75441 106 75774 106 76107 106 76440 107 76773 107 77106 107 77439 107 77772 107 78105 107 78438 107 78770 108 79103 108 79436 108 79769 109 80102 109 80435 109 80767 110 81100 110 81433 110 81670 3 81766 110 81999 12 82098 112 82330 19 82431 112 82661 24 82763 113 82993 28 83096 113 83325 32 83428 114 83657 37 83760 115 83989 45 84093 115 84321 53 84425 116 84653 60 84757 117 84986 66 85088 119 85318 72 85403 138 85650 78 85730 144 85983 224 86315 225 86648 225 86980 226 87313 226 87645 227 87977 228 88310 228 88642 229 88974 230 89307 230 89639 231 89971 232 90303 233 90635 234 90967 235 91299 236 91631 237 91963 238 92295 239 92627 240 92960 240 93292 241 93624 242 93957 242 94289 243 94622 243 94954 244 95287 244 95619 245 95952 245 96285 244 96618 244 96950 245 97283 245 97616 245 97949 245 98282 245 98615 245 98947 246 99280 246 99613 246 99946 246 100279 246 100612 247 100944 248 101277 248 101610 248 101943 248 102276 248 102609 248 102941 249 103274 249 103607 249 103939 251 104272 251 104605 251 104937 252 105270 252 105603 253 105935 254 106268 255 106600 256 106933 257 107265 258 107598 259 107931 259 108263 260 108596 261 108928 262 109261 262 109594 262 109926 263 110259 263 110591 264 110924 265 111257 265 111589 266 111922 266 112255 266 112587 267 112920 267 113253 268 113586 268 113919 268 114251 269 114584 269 114917 269 115250 269 115583 269 115916 269 116249 270 116583 269 116916 269 117249 269 117583 268 117916 268 118250 267 118584 266 118918 265 119251 265 119585 264 119919 263 120252 263 120586 262 120920 261 121254 259 121588 258 121921 258 122255 257 122589 256 122922 256 123256 255 123589 255 123923 254 124256 254 124589 254 124923 253 125256 252 125590 251 125924 250 126257 250 126591 249 126924 249 127258 248 127592 247 127925 247 128259 245 128593 244 128926 244 129260 243 129594 242 129928 241 130262 240 130595 239 130929 238 131263 237 131597 236 131930 236 132264 234 132597 234 132931 233 133264 232 133598 231 133932 230 134265 230 134599 228 134933 227 135266 227 135600 225 135934 224 136267 224 136601 222 136935 221 137269 220 137603 218 137937 217 138271 216 138605 214 138939 213 139273 211 139607 210 139941 209 140275 208 140609 206 140943 205 141277 45 141333 148 141611 37 141682 132 141945 33 142026 120 142279 29 142365 114 142614 25 142703 109 142948 21 143039 106 143283 17 143376 102 143618 12 143711 100 143954 6 144046 97 144381 95 144716 93 145050 92 145385 90 145719 89 146054 87 146388 85 146723 83 147057 82 147392 80 147729 16 147767 38 148107 31 148445 26 148781 23 149118 18 149453 16 149788 14 150124 10 150459 7
shiba_inu_192,251 35 582 37 913 40 1245 41 1577 43 1909 45 2241 47 2573 49 2905 51 3237 52 3569 55 3901 57 4233 59 4565 61 4897 64 5229 66 5561 68 5892 71 6224 73 6555 76 6887 79 7218 83 7549 87 7879 92 8209 97 8540 100 8871 103 9202 106 9533 109 9864 112 10195 115 10527 117 10858 120 11190 122 11521 125 11852 127 12183 130 12514 132 12846 134 13178 135 13510 137 13841 139 14173 140 14505 141 14836 143 15168 143 15499 145 15831 146 16162 148 16493 149 16824 151 17156 152 17487 153 17818 155 18150 155 18481 157 18812 158 19144 159 19476 160 19807 161 20139 162 20472 162 20804 162 21136 163 21468 164 21801 164 22133 164 22466 164 22798 165 23131 165 23463 165 23796 165 24128 166 24461 166 24793 166 25126 166 25458 167 25790 168 26123 167 26455 168 26787 169 27120 169 27452 170 27784 170 28117 170 28449 171 28781 172 29113 173 29446 173 29778 173 30110 174 30442 175 30774 176 31106 177 31438 178 31770 179 32102 180 32434 181 32765 183 33097 184 33428 186 33760 187 34091 189 34422 191 34753 193 35084 195 35415 197 35746 199 36077 201 36408 203 36739 205 37070 207 37401 209 37732 211 38063 213 38394 215 38725 218 39055 221 39386 223 39716 226 40047 228 40377 232 40707 235 41037 238 41367 242 41696 246 42026 249 42354 254 42684 258 43011 264 43340 268 43667 275 43968 11 43989 286 44298 310 44630 311 44962 313 45294 314 45627 314 45959 316 46292 316 46625 316 46957 318 47290 318 47623 318 47956 319 48289 319 48622 320 48955 320 49288 321 49621 322 49954 323 50287 325 50620 327 50953 328 51286 329 51619 330 51952 14 51971 311 52285 13 52305 310 52618 12 52639 309 52951 11 52973 308 53284 10 53306 308 53618 8 53640 307 53953 5 53974 306 54307 306 54641 305 54974 305 55308 304 55641 304 55974 304 56307 304 56640 304 56973 304 57306 304 57639 304 57972 304 58306 303 58639 303 58973 302 59306 302 59639 302 59972 302 60304 303 60636 304 60968 305 61300 306 61615 3 61632 307 61944 8 61965 307 62275 11 62298 307 62607 13 62631 307 62939 15 62964 324 63297 325 63629 327 63962 328 64294 329 64627 329 64959 331 65292 310 65603 332 65936 2330 68267 332 68600 332 68933 332 69267 331 69600 331 69933 331 70266 331 70599 331 70933 330 71266 330 71599 330 71932 330 72265 330 72598 330 72931 330 73264 330 73597 330 73930 330 74263 330 74596 330 74929 330 75262 330 75594 331 75926 332 76259 23534 99801 322 100137 317 100472 314 100807 310 101141 308 101475 305 101809 303 102143 301 102477 297 102811 294 103145 291 103478 289 103812 287 104146 284 104480 281 104814 279 105147 277 105481 273 105815 270 106149 267 106483 263 106817 261 107150 258 107484 255 107818 252 108152 248 108486 245 108820 242 109154 238 109488 235 109822 232 110156 228 110490 225 110824 221 111158 217 111492 214 111826 210 112160 207 112494 203 112829 198 113163 195 113497 191 113831 188 114165 183 114499 178 114834 172 115168 168 115502 164 115836 160 116170 157 116504 153 116838 149 117172 145 117506 139 117840 113 118174 108 118508 103 118842 99 119176 94 119510 85 119844 76 120177 71 120511 65 120845 60 121179 56 121513 50 121847 47 122181 42 122515 30 122548 2 122848 30 123182 29 123516 28 123850 27 124183 27 124517 26 124851 25 125184 25 125518 24 125852 23 126186 22 126519 22 126853 21 127187 20 127520 20 127854 19 128188 18 128521 18 128855 17 129188 17 129522 16 129855 16 130189 15 130522 15 130856 14 131189 14 131523 13 131856 13 132189 13 132523 12 132856 12 133189 12 133523 11 133856 11 134189 11 134523 10 134856 10 135190 9 135523 9 135857 8 136190 8 136524 7 136858 5 137192 4
newfoundland_163,66722 28 67052 36 67383 45 67712 70 68043 80 68374 86 68703 94 69035 97 69364 104 69694 110 70025 114 70356 118 70687 122 71018 126 71349 130 71681 132 72012 136 72343 139 72675 141 73006 145 73338 147 73670 149 74001 152 74333 154 74665 156 74997 160 75330 161 75662 165 75994 174 76326 179 76658 185 76990 195 77323 199 77655 203 77987 207 78319 209 78651 212 78984 212 79316 214 79648 215 79980 216 80312 217 80645 217 80977 218 81309 219 81642 219 81974 220 82307 220 82639 221 82972 221 83304 222 83637 221 83969 222 84302 221 84634 222 84967 221 85299 222 85632 221 85964 221 86297 220 86630 219 86962 219 87295 218 87628 217 87960 216 88293 214 88626 206 88958 205 89291 204 89624 203 89957 202 90289 203 90622 202 90955 202 91288 202 91621 201 91954 201 92287 201 92620 201 92952 201 93285 201 93618 201 93951 201 94284 201 94617 201 94950 200 95284 199 95617 199 95950 199 96283 199 96616 199 96949 199 97282 198 97616 197 97949 197 98282 197 98615 197 98948 197 99282 196 99615 196 99948 196 100281 196 100614 196 100947 196 101281 195 101614 196 101947 196 102280 196 102614 196 102947 196 103280 196 103613 197 103946 197 104280 197 104613 197 104946 198 105280 197 105613 198 105947 198 106280 198 106614 198 106947 198 107281 197 107614 197 107948 196 108281 196 108615 195 108948 194 109282 193 109616 192 109949 192 110283 191 110616 191 110950 190 111283 190 111617 188 111951 188 112284 188 112618 187 112951 187 113285 186 113618 186 113952 185 114285 185 114619 185 114953 184 115286 185 115620 184 115954 183 116288 182 116623 180 116957 178 117291 176 117625 174 117959 170 118294 165 118628 162 118962 159 119297 155 119631 152 119966 148 120301 144 120636 141 120971 137 121306 134 121640 131 121975 128 122309 124 122644 120 122981 113 123318 50 123378 43 123656 36 123718 33 123995 23 124057 23 124332 17 124397 12 124669 10
Abyssinian_158,42901 15 43274 19 43647 25 44021 30 44395 35 44769 40 45143 43 45517 47 45892 51 46266 54 46640 58 47015 62 47389 67 47763 73 48138 77 48512 81 48886 84 49261 87 49635 90 50010 92 50384 96 50759 97 51133 100 51507 103 51882 104 52256 106 52631 108 53005 110 53380 111 53754 114 54129 115 54503 117 54878 118 55252 121 55627 123 56001 126 56376 128 56750 131 57125 133 57499 136 57874 140 58248 147 58623 150 58997 152 59372 153 59747 154 60121 155 60496 155 60870 157 61245 157 61619 158 61994 158 62368 160 62742 161 63117 161 63438 6 63491 162 63810 15 63865 163 64183 20 64240 163 64557 24 64614 164 64932 26 64988 165 65307 28 65363 165 65683 30 65736 167 66058 32 66110 168 66434 33 66484 169 66810 35 66857 171 67185 38 67231 172 67561 216 67936 216 68312 215 68687 215 69063 214 69438 214 69814 213 70189 213 70564 213 70939 213 71315 211 71690 211 72065 211 72441 210 72816 211 73191 211 73566 211 73941 211 74317 209 74692 209 75067 209 75442 209 75817 209 76192 210 76567 210 76941 211 77316 211 77691 212 78066 212 78441 213 78816 213 79190 214 79565 215 79940 215 80315 216 80689 217 81064 218 81439 218 81814 218 82189 219 82563 220 82938 220 83313 220 83688 221 84063 221 84438 221 84812 222 85187 222 85562 222 85937 223 86312 223 86687 223 87062 223 87436 224 87811 224 88186 224 88561 224 88935 225 89310 225 89685 225 90059 226 90434 226 90808 228 91183 228 91558 228 91933 228 92308 228 92683 228 93058 228 93434 227 93809 227 94184 227 94560 226 94935 226 95311 226 95686 226 96061 226 96437 225 96812 225 97187 225 97562 225 97938 224 98313 224 98688 224 99064 223 99439 223 99814 223 100189 222 100564 222 100940 221 101315 221 101690 220 102065 220 102440 220 102815 219 103190 219 103565 219 103939 220 104314 219 104689 219 105064 219 105439 218 105813 219 106188 218 106563 218 106938 217 107312 218 107687 217 108062 217 108436 217 108811 217 109185 217 109560 217 109934 217 110308 218 110681 219 111055 220 111428 221 111801 223 112175 224 112549 224 112922 226 113296 227 113671 227 114045 227 114420 227 114794 228 115168 229 115542 229 115915 231 116289 28 116318 1 116320 201 116662 23 116698 198 117035 23 117076 195 117408 23 117453 192 117782 24 117830 190 118157 22 118206 189 118531 23 118582 188 118906 21 118959 186 119281 19 119335 184 119656 16 119711 183 120032 10 120087 182 120408 5 120463 181 120839 180 121215 178 121592 176 121968 175 122344 174 122721 171 123098 169 123474 168 123850 167 124226 165 124602 164 124978 163 125353 163 125729 162 126104 162 126480 160 126855 160 127230 160 127605 160 127981 159 128356 159 128731 158 129107 157 129483 156 129859 155 130234 155 130611 153 130989 150 131370 143 131748 140 132125 138 132502 136 132881 131 133264 123 133645 117 134025 111 134405 106 134783 103 135160 100 135537 98 135915 94 136292 92 136669 89 137047 85 137429 41 137481 26 137862 19 138242 12 138622 5
great_pyrenees_39,29119 4 29398 8 29677 11 29957 13 30236 16 30516 18 30795 21 31075 22 31355 24 31634 27 31914 28 32194 30 32473 32 32753 34 33032 36 33311 38 33590 41 33867 45 34144 49 34391 8 34409 65 34668 88 34943 94 35219 99 35496 103 35774 106 36051 110 36330 112 36609 114 36888 116 37168 116 37447 118 37728 118 38008 118 38288 119 38569 119 38849 119 39129 120 39410 119 39691 118 39971 119 40252 118 40532 118 40813 117 41093 117 41374 117 41655 116 41935 116 42216 115 42497 115 42777 115 42923 2 43058 114 43202 6 43339 114 43482 8 43620 113 43761 11 43901 112 44041 13 44182 111 44321 15 44462 111 44601 16 44743 110 44881 18 45024 109 45161 20 45305 108 45441 22 45586 106 45721 25 45867 105 46001 28 46148 104 46281 32 46429 103 46561 36 46710 103 46841 40 46991 102 47122 43 47272 102 47402 46 47553 101 47682 48 47834 101 47963 49 48116 100 48243 51 48397 100 48523 53 48678 100 48804 54 48959 100 49084 56 49240 100 49363 59 49521 100 49642 62 49802 101 49922 64 50083 101 50201 67 50365 101 50481 69 50646 101 50759 73 50927 103 51038 76 51208 187 51489 188 51770 188 52051 152 52210 29 52333 150 52510 9 52614 149 52895 149 53176 149 53457 149 53738 149 54020 149 54301 149 54582 150 54863 150 55145 150 55426 151 55707 152 55989 152 56270 154 56551 156 56717 2 56833 157 56995 8 57114 172 57396 173 57677 175 57959 177 58240 180 58522 181 58804 183 59085 184 59367 185 59648 187 59930 187 60211 188 60493 189 60775 189 61057 189 61338 189 61620 189 61902 189 62184 188 62465 189 62747 188 63029 188 63311 187 63592 188 63874 187 64156 187 64437 187 64719 187 65001 186 65282 187 65564 186 65846 185 66128 184 66410 183 66693 181 66975 180 67258 178 67540 177 67822 175 68104 174 68386 173 68668 172 68950 171 69232 170 69514 169 69796 169 70077 169 70359 169 70641 168 70922 169 71204 169 71486 169 71768 169 72050 168 72332 167 72614 166 72896 165 73178 164 73460 163 73742 162 74024 159 74306 157 74589 153 74871 150 75153 148 75436 144 75718 142 76000 140 76282 139 76565 136 76847 135 77129 133 77413 130 77695 128 77978 126 78261 124 78543 123 78825 121 79108 119 79390 117 79672 116 79955 114 80237 113 80520 110 80803 108 81086 106 81369 104 81652 102 81935 100 82218 98 82501 96 82783 95 83066 93 83348 92 83631 90 83913 89 84195 88 84479 84 84761 83 85044 80 85328 76 85611 73 85894 71 86177 67 86459 65 86743 61 87025 59 87308 56 87591 53 87874 49 88157 45 88441 40 88724 36 89009 29 89292 24 89575 20 89860 13 90144 6
miniature_pinscher_60,59174 5 59504 10 59836 14 60168 16 60500 18 60833 19 61165 20 61498 21 61830 23 62163 24 62495 25 62828 26 63161 27 63493 28 63826 29 64159 30 64491 31 64824 32 65156 34 65489 34 65821 36 66153 37 66485 39 66815 42 67146 45 67476 48 67805 52 68135 56 68465 59 68795 63 69126 65 69457 68 69789 70 70121 71 70452 74 70785 75 71117 77 71449 79 71781 80 72113 82 72446 83 72778 85 73111 86 73443 88 73776 89 74109 91 74441 93 74774 93 75107 95 75439 96 75772 97 76105 98 76438 99 76771 100 76945 2 77104 101 77277 4 77437 102 77610 6 77770 103 77944 6 78103 104 78277 8 78436 105 78610 10 78769 106 78944 12 79102 107 79277 15 79435 108 79611 17 79768 108 79945 19 80101 109 80279 21 80435 109 80612 25 80768 110 80946 26 81101 111 81280 27 81434 111 81614 27 81768 111 81948 27 82101 112 82282 27 82434 112 82616 28 82767 113 82950 28 83101 113 83284 30 83434 113 83618 31 83767 114 83952 32 84100 114 84286 34 84433 115 84620 35 84766 115 84954 35 85099 116 85289 35 85432 116 85624 37 85765 116 85960 37 86098 117 86296 36 86430 118 86631 36 86763 119 86967 35 87096 119 87304 33 87429 119 87640 31 87762 120 87975 33 88095 120 88310 32 88428 120 88646 35 88761 121 88981 35 89094 121 89316 42 89427 122 89650 46 89759 123 89985 46 90092 124 90319 46 90425 125 90652 48 90758 125 90986 48 91091 127 91319 49 91423 129 91652 50 91756 132 91985 51 92089 135 92318 52 92422 139 92651 53 92754 145 92984 54 93087 146 93317 55 93420 147 93650 56 93753 147 93984 56 94087 147 94316 58 94420 147 94649 59 94753 147 94982 60 95086 147 95315 62 95420 146 95647 64 95753 145 95980 66 96086 145 96313 67 96419 144 96646 70 96752 143 96978 74 97085 143 97311 76 97418 141 97644 80 97752 139 97976 88 98085 137 98309 91 98419 135 98641 95 98752 134 98949 3 98974 96 99086 131 99282 4 99306 99 99420 129 99614 8 99639 100 99754 127 99946 10 99971 102 100093 120 100279 9 100304 102 100428 118 100612 9 100636 103 100762 116 100944 9 100969 104 101096 114 101277 8 101302 104 101430 113 101610 6 101635 104 101764 112 101943 4 101968 104 102099 109 102276 2 102301 104 102433 108 102609 2 102634 105 102767 106 102967 105 103100 106 103300 105 103434 105 103632 106 103767 105 103965 107 104101 104 104298 107 104434 103 104631 107 104768 102 104959 2 104963 109 105101 102 105292 113 105434 102 105625 114 105768 101 105959 113 106101 101 106292 113 106435 100 106626 113 106770 98 106960 112 107104 97 107293 112 107438 96 107627 111 107772 95 107960 112 108106 95 108293 112 108440 94 108626 112 108775 14 108799 68 108959 112 109110 9 109136 64 109292 112 109472 62 109625 113 109805 62 109958 113 110139 61 110290 114 110470 64 110623 114 110801 66 110955 115 111132 68 111287 116 111464 69 111619 117 111797 69 111919 5 111951 118 112129 70 112252 6 112283 119 112461 71 112585 7 112615 120 112792 73 112918 7 112947 121 113123 75 113252 6 113278 123 113454 77 113587 4 113609 125 113786 77 113921 2 113942 126 114117 79 114275 126 114449 81 114607 127 114781 82 114941 126 115113 83 115274 127 115445 84 115607 127 115777 85 115942 126 116109 87 116277 19 116319 83 116442 87 116612 11 116659 78 116774 88 117002 70 117107 88 117347 60 117440 88 117700 44 117772 90 118044 35 118104 91 118382 32 118436 92 118719 9 118738 10 118768 94 119073 9 119100 95 119408 9 119432 97 119744 7 119762 50 119824 38 120078 9 120093 49 120160 35 120414 58 120495 34 120751 51 120830 33 121085 48 121164 32 121420 42 121498 32 121754 37 121832 31 122090 23 122165 32 122426 16 122499 32 122832 34 123166 36 123499 39 123832 43 124166 43 124499 44 124833 43 125166 43 125500 42 125833 42 126167 41 126501 40 126834 40 127168 39 127502 37 127837 34 128171 32 128508 25 128846 18 129184 6
yorkshire_terrier_45,15751 14 16152 5 16208 80 16647 16 16702 93 16943 25 17144 25 17197 103 17439 35 17641 37 17690 114 17937 42 18138 172 18435 66 18634 181 18933 68 19130 190 19432 69 19627 197 19931 70 20124 202 20429 72 20618 211 20928 73 21112 220 21426 75 21607 227 21925 76 22102 235 22424 77 22555 285 22922 79 23047 296 23421 80 23543 302 23919 82 24040 307 24418 83 24538 311 24916 85 25036 314 25414 87 25534 317 25912 89 26032 321 26410 91 26531 323 26908 93 27029 326 27405 96 27528 329 27903 98 28027 331 28400 101 28526 333 28897 104 29025 337 29394 107 29525 339 29890 111 30025 343 30384 117 30525 476 31025 476 31526 475 32026 475 32526 475 33026 475 33526 475 34027 474 34527 474 35028 473 35528 473 36029 472 36529 472 37030 471 37531 470 38032 469 38533 468 39034 467 39535 466 40036 465 40537 464 41038 463 41539 462 42040 461 42540 461 43041 460 43542 459 44043 458 44544 457 45045 456 45546 455 46047 454 46548 453 47049 452 47550 451 48051 450 48552 449 49053 448 49555 446 50056 445 50558 443 51059 442 51561 440 52063 438 52565 436 53066 435 53568 433 54069 432 54571 430 55072 429 55573 428 56075 426 56577 424 57078 423 57579 422 58080 421 58581 420 59081 420 59582 419 60082 419 60582 419 61082 419 61582 419 62083 418 62583 418 63084 417 63585 416 64087 414 64588 413 65091 410 65593 408 66095 406 66597 404 67099 402 67599 402 68100 401 68601 400 69102 399 69602 399 70103 398 70603 398 71104 397 71605 396 72105 396 72606 395 73106 395 73607 394 74107 394 74608 393 75108 393 75608 393 76109 392 76609 392 77110 391 77610 391 78110 391 78610 391 79111 390 79611 390 80111 390 80611 390 81111 304 81417 84 81611 298 81922 79 82111 296 82425 76 82611 295 82927 74 83111 294 83430 71 83611 293 83932 69 84111 292 84434 67 84611 292 84935 66 85111 292 85436 65 85611 291 85937 64 86111 291 86438 63 86611 291 86938 63 87110 292 87439 62 87610 293 87939 62 88110 293 88439 62 88609 295 88939 62 89108 296 89439 62 89608 297 89938 63 90107 299 90438 63 90551 16 90606 300 90937 64 91048 26 91105 302 91436 65 91546 32 91604 305 91935 66 92045 37 92102 309 92432 69 92544 41 92600 314 92927 74 93043 46 93097 404 93543 458 94043 458 94542 459 95042 459 95542 459 96042 459 96543 458 97043 458 97543 458 98043 458 98544 457 99045 456 99545 456 100046 455 100546 455 101047 454 101548 453 102048 453 102549 452 103050 451 103550 451 104051 450 104551 450 105052 449 105552 449 106053 448 106554 447 107054 447 107555 446 108055 446 108556 445 109057 444 109557 444 110058 443 110559 442 111060 441 111562 439 112063 438 112564 437 113066 435 113568 433 114069 432 114571 430 115072 429 115574 427 116075 426 116576 425 117077 424 117577 424 118078 423 118579 422 119080 421 119580 421 120080 421 120580 421 121080 421 121581 420 122080 421 122580 421 123080 421 123580 421 124080 421 124579 422 125079 422 125579 422 126078 423 126578 423 127077 424 127577 424 128077 424 128576 425 129076 425 129576 305 129895 106 130075 295 130418 83 130575 288 130949 52 131075 280 131453 48 131574 274 131956 45 132074 269 132459 42 132574 263 132961 40 133073 258 133462 39 133573 253 133964 37 134073 249 134465 36 134573 244 134966 35 135072 240 135467 34 135572 234 135968 33 136072 229 136469 32 136571 221 136969 32 137071 213 137470 31 137571 203 137971 30 138070 195 138472 29 138570 184 138973 28 139070 174 139474 27 139570 145 139976 25 140070 139 140477 24 140569 136 140980 21 141069 130 141483 18 141569 118 141989 7 142068 115 142568 112 143068 110 143567 109 144067 108 144567 107 145066 107 145566 107 146065 107 146565 106 147065 105 147564 106 148064 106 148563 106 149063 106 149563 61 149630 38 150062 56 150138 30 150562 52 150643 24 151062 49 151147 20 151562 46 151650 16 152062 43 152153 12 152562 41 153062 38 153562 35 154062 33 154562 30 155063 26 155563 23 156064 19 156564 15 157066 9
leonberger_108,258 104 721 103 1184 101 1647 99 2109 99 2571 99 3031 103 3491 107 3952 110 4413 110 4875 109 5336 109 5798 108 6260 107 6721 108 7183 108 7644 109 8105 109 8566 110 9027 111 9487 113 9948 114 10408 116 10863 123 11320 128 11779 131 12239 133 12698 136 13157 139 13617 140 14076 143 14536 145 14996 146 15456 148 15916 150 16376 152 16836 154 17296 155 17756 157 18215 159 18674 161 19132 164 19591 166 20050 169 20510 171 20971 172 21432 173 21893 174 22353 176 22813 178 23272 181 23729 186 24188 188 24642 196 25100 200 25559 203 26015 209 26461 224 26916 231 27369 239 27825 245 28283 248 28742 250 29201 253 29658 257 30116 261 30576 262 31036 264 31495 265 31956 264 32416 265 32876 266 33337 267 33798 268 34259 268 34720 269 35181 270 35642 271 36103 272 36564 272 37026 272 37487 272 37948 273 38410 272 38871 273 39333 272 39794 272 40255 272 40716 273 41178 272 41639 273 42100 274 42561 274 43023 274 43321 5 43484 276 43781 9 43945 277 44241 12 44406 278 44701 15 44868 279 45161 17 45329 281 45620 20 45790 284 46078 24 46252 313 46713 314 47174 315 47636 317 48097 319 48558 322 49020 326 49481 330 49943 333 50404 336 50866 339 51327 342 51789 345 52250 348 52712 349 53173 352 53635 353 54096 356 54557 358 55019 359 55480 361 55942 361 56404 362 56865 364 57327 365 57788 367 58250 368 58711 369 59173 369 59634 371 60096 371 60557 372 61019 373 61480 375 61942 374 62403 375 62865 375 63326 377 63787 378 64248 380 64709 382 65170 383 65631 385 66092 387 66552 390 67013 393 67474 396 67934 399 68395 403 68856 408 69318 413 69779 423 70240 427 70702 429 71163 432 71625 434 72086 437 72547 441 73009 442 73452 7 73471 450 73933 450 74394 451 74856 451 75318 451 75779 452 76241 452 76703 452 77164 453 77626 453 78087 454 78549 454 79010 455 79472 455 79934 455 80395 456 80856 457 81317 458 81777 67912 149690 461 150153 460 150617 458 151079 458 151541 458 152003 458 152466 457 152928 457 153390 457 153852 457 154314 457 154777 456 155239 456 155701 456 156163 456 156625 456 157087 456 157550 455 158012 455 158474 455 158936 455 159398 455 159860 455 160322 455 160784 455 161246 455 161708 455 162171 454 162633 454 163094 455 163556 455 164018 455 164481 454 164943 454 165405 454 165866 455 166328 455 166790 455 167252 455 167714 455 168176 455 168638 455 169100 455 169562 455 170024 455 170486 455 170948 455 171410 455 171872 455 172335 454 172797 454 173259 454 173721 454 174183 454 174646 453 175108 453 175571 452 176033 452 176496 451 176959 450 177422 449 177885 448 178350 445 178821 436 179286 433 179750 431 180214 429 180677 428 181141 426 181604 425 182067 424 182530 423 182993 422 183455 422 183918 421 184381 420 184844 419 185307 418 185769 418 186232 417 186695 416 187157 416 187620 415 188083 414 188545 414 189008 413 189470 413 189933 412 190396 411 190858 411 191321 410 191784 409 192246 409 192709 408 193172 407 193635 406 194098 405 194560 405 195023 404 195486 403 195949 402 196412 401 196875 400 197338 399 197801 398 198264 397 198727 396 199190 395 199654 392 200119 5 200150 357 200616 352 201081 349 201545 346 202009 344 202473 342 202937 339 203401 337 203864 336 204328 334 204792 332 205255 330 205718 329 206181 327 206644 326 207108 324 207571 323 208034 322 208497 321 208960 319 209423 317 209886 316 210349 314 210812 313 211275 311 211738 310 212201 309 212665 307 213128 305 213592 303 214056 301 214520 299 214983 298 215448 295 215912 292 216377 289 216841 287 217306 283 217770 281 218234 279 218698 277 219162 275 219625 273 220089 270 220553 267 221017 264 221480 262 221943 260 222407 257 222870 255 223333 253 223796 251 224259 249 224722 246 225185 243 225648 240 226110 239 226573 236 227036 234 227499 232 227962 230 228425 227 228888 225 229350 224 229812 224 230274 223 230736 223
american_bulldog_181,32393 4 32724 9 33056 11 33388 13 33720 15 34052 17 34384 19 34716 21 35049 22 35381 24 35713 26 36046 27 36378 29 36710 31 37043 31 37376 31 37708 32 38041 33 38374 33 38707 33 39039 35 39372 35 39704 36 40036 38 40368 39 40700 41 41031 43 41363 45 41695 46 42026 49 42359 49 42691 50 43022 53 43355 53 43512 9 43687 55 43840 21 44019 56 44168 29 44351 58 44498 36 44683 59 44828 43 45014 62 45159 48 45346 63 45491 53 45678 65 45824 58 46010 66 46157 61 46342 68 46490 65 46673 70 46823 68 47004 73 47157 70 47336 74 47490 73 47667 77 47824 75 47999 78 48157 78 48331 80 48491 80 48663 81 48824 83 48996 82 49158 84 49328 84 49491 87 49659 86 49825 88 49992 87 50159 89 50322 90 50492 91 50652 93 50826 92 50983 96 51159 94 51313 99 51493 95 51644 102 51827 95 51975 104 52160 98 52305 107 52494 99 52637 109 52827 101 52967 112 53161 104 53296 116 53495 107 53627 119 53828 114 53955 124 54162 250 54495 250 54829 249 55162 248 55496 247 55829 246 56163 244 56497 241 56830 240 57164 238 57497 236 57831 235 58165 233 58499 231 58833 230 59166 230 59500 228 59834 227 60168 227 60502 225 60836 225 61170 224 61504 223 61838 222 62172 221 62506 220 62840 219 63173 220 63507 219 63841 218 64175 217 64509 216 64843 215 65177 214 65511 213 65845 212 66179 211 66513 210 66847 209 67181 208 67515 207 67849 205 68182 205 68516 204 68850 203 69184 202 69518 202 69851 202 70185 202 70519 202 70853 201 71186 202 71520 201 71854 201 72187 201 72521 201 72855 200 73189 200 73522 200 73856 200 74190 200 74523 200 74857 199 75190 200 75524 200 75858 199 76191 200 76525 200 76859 200 77192 201 77526 201 77860 201 78193 202 78527 202 78860 203 79194 203 79528 203 79861 204 80195 204 80432 4 80529 205 80765 7 80863 205 81099 7 81196 206 81433 8 81530 206 81767 8 81864 206 82103 6 82198 206 82439 3 82532 206 82865 207 83199 206 83533 206 83867 206 84201 206 84535 205 84869 205 85203 205 85537 205 85871 204 86205 204 86539 204 86873 204 87207 204 87541 204 87875 204 88209 204 88543 204 88878 203 89212 203 89546 203 89880 203 90215 202 90549 202 90883 202 91217 203 91551 203 91885 203 92219 203 92553 204 92887 204 93221 204 93554 206 93888 206 94222 207 94555 208 94889 209 95223 210 95556 211 95890 213 96223 215 96557 216 96891 217 97224 219 97558 221 97892 223 98226 226 98559 230 98893 232 99226 237 99560 241 99893 245 100227 248 100561 251 100894 254 101228 256 101559 261 101892 263 102225 266 102558 269 102892 271 103226 273 103559 277 103893 281 104227 291 104561 298 104895 304 105229 308 105562 314 105896 317 106230 317 106564 317 106898 317 107232 317 107566 317 107900 317 108234 317 108568 317 108902 317 109237 316 109571 316 109905 316 110239 316 110573 316 110907 316 111241 316 111575 110 111686 205 111909 109 112020 205 112243 109 112355 204 112577 108 112689 204 112912 107 113023 204 113246 105 113357 204 113580 103 113691 204 113915 101 114024 205 114249 99 114358 205 114584 96 114692 205 114918 93 115026 205 115253 89 115360 205 115588 86 115693 206 115923 84 116026 110 116145 32 116208 25 116257 82 116359 109 116482 26 116547 20 116592 80 116692 108 116818 20 116888 13 116927 78 117025 108 117156 11 117227 8 117262 76 117357 109 117564 3 117597 75 117689 110 117932 75 118018 114 118267 199 118602 197 118936 197 119271 195 119606 194 119941 193 120276 191 120611 190 120944 191 121278 190 121611 191 121944 192 122277 192 122610 193 122943 194 123276 194 123610 194 123943 195 124276 196 124610 195 124944 195 125278 195 125612 195 125946 195 126280 195 126614 195 126948 195 127282 195 127616 195 127951 195 128285 195 128619 195 128953 195 129287 195 129622 194 129956 195 130290 195 130624 195 130958 196 131292 196 131626 196 131960 196 132294 196 132628 195 132962 195 133296 193 133630 192 133964 191 134299 188 134633 186 134967 185 135301 183 135635 182 135969 181 136303 179 136638 178 136972 177 137306 176 137641 174 137975 174 138309 173 138644 171 138978 171 139312 170 139647 169 139981 168 140316 167 140650 166 140985 165 141319 164 141654 163 141989 161 142323 160 142658 156 142993 144 143327 140 143662 136 143997 133 144332 130 144666 129 145001 127 145336 125 145670 124 146005 122 146340 121 146675 119 147010 117 147344 117 147679 115 148014 114 148349 112 148684 111 149018 110 149353 109 149688 108 150023 106 150358 105 150693 103 151028 102 151363 101 151698 99 152034 97 152369 95 152704 94 153039 93 153374 91 153709 90 154044 89 154379 87 154715 85 155050 84 155385 82 155720 81 156055 80 156390 79 156726 76 157062 74 157398 72 157734 70 158070 67 158406 65 158741 64 159077 61 159413 59 159748 58 160083 57 160418 55 160753 54 161088 53 161423 51 161757 51 162092 50 162427 48 162761 47 163096 46 163430 45 163765 43 164100 42 164435 40 164770 37 165106 34 165441 32 165777 28 166112 24
pomeranian_66,22798 17 23294 26 23792 31 24290 37 24788 43 25286 51 25784 59 26282 65 26780 70 27278 75 27776 80 28274 86 28773 93 29271 100 29769 105 30268 108 30766 111 31264 114 31763 117 32261 120 32760 122 33258 125 33757 127 34256 129 34755 131 35254 134 35753 137 36251 140 36751 142 37249 146 37748 149 38247 152 38746 155 39245 158 39744 161 40243 164 40742 168 41241 172 41740 176 42239 180 42738 183 43237 187 43736 189 44235 192 44734 194 45233 195 45733 196 46232 198 46731 200 47231 200 47730 201 48229 202 48729 203 49228 204 49727 205 50227 205 50726 206 51225 207 51725 208 52224 209 52723 211 53223 211 53722 213 54222 214 54721 216 55220 218 55719 220 56219 221 56718 224 57217 226 57716 229 58215 231 58714 233 59214 235 59713 236 60212 238 60710 241 61209 242 61707 245 62205 247 62701 251 63199 253 63696 256 64194 257 64692 259 65190 261 65688 262 66187 263 66685 264 67184 264 67683 265 68183 264 68682 265 69182 265 69681 265 70181 265 70681 264 71181 264 71681 264 72181 264 72681 264 73182 262 73682 262 74182 262 74683 261 75183 261 75684 260 76184 260 76684 260 77185 259 77685 259 78185 259 78685 259 79185 259 79685 260 80186 258 80686 258 81186 258 81686 258 82186 258 82686 258 83187 257 83687 257 84187 257 84687 257 85188 256 85688 256 86188 256 86688 256 87188 256 87688 257 88188 257 88688 258 89188 258 89688 259 90188 260 90688 260 91187 262 91687 263 92187 263 92686 265 93185 266 93685 267 94184 268 94683 269 95183 270 95682 271 96182 271 96681 272 97181 272 97680 273 98180 273 98679 273 99179 273 99679 273 100178 273 100678 272 101178 272 101678 271 102178 269 102678 268 103178 267 103678 266 104179 264 104679 264 105180 262 105681 261 106181 260 106683 258 107183 257 107684 256 108186 254 108687 253 109188 251 109689 250 110191 247 110692 246 111193 245 111694 244 112196 241 112697 240 113198 238 113699 237 114200 235 114701 234 115202 232 115703 231 116205 228 116706 226 117207 224 117709 222 118210 219 118712 216 119213 213 119715 209 120218 203 120720 192 121222 179 121724 166 122226 159 122728 154 123230 149 123731 146 124233 141 124734 137 125236 132 125738 127 126240 123 126742 118 127245 112 127747 107 128250 101 128753 96 129258 88 129762 81 130267 73 130771 66 131279 54 131789 36
havanese_144,36978 4 37352 5 37726 6 38100 7 38475 7 38849 8 39224 8 39598 9 39973 9 40347 10 40722 9 41096 10 41471 10 41846 10 42220 11 42595 11 42969 11 43344 11 43719 11 44093 12 44468 12 44842 13 45217 12 45592 12 45966 13 46341 13 46715 14 47090 14 47465 14 47839 15 48214 15 48588 16 48963 16 49337 17 49712 17 50086 18 50461 18 50836 19 51210 20 51261 3 51585 21 51636 4 51959 23 51991 6 52010 5 52334 39 52384 6 52708 41 52756 10 53083 42 53131 10 53458 42 53505 11 53832 43 53880 11 54207 44 54255 11 54581 45 54630 10 54956 45 55005 10 55330 46 55379 11 55705 46 55754 10 56079 47 56129 9 56454 48 56503 9 56828 58 57202 56 57576 49 57627 4 57950 50 58002 1 58324 50 58698 50 59073 50 59446 52 59820 52 60127 7 60194 53 60498 14 60567 54 60871 18 60940 56 61244 21 61314 56 61618 24 61687 57 61991 27 62060 59 62365 29 62432 61 62739 32 62804 63 63113 34 63174 67 63486 39 63544 72 63860 43 63915 75 64234 130 64608 131 64982 131 65356 132 65730 132 66105 132 66479 132 66853 133 67227 133 67602 133 67976 133 68350 134 68725 134 69099 134 69473 135 69848 135 70222 135 70597 135 70971 135 71346 135 71721 134 72095 135 72470 134 72845 134 73220 133 73595 133 73969 133 74344 133 74719 132 75094 132 75469 131 75844 131 76219 130 76594 130 76969 129 77344 128 77719 128 78095 126 78470 126 78845 125 79220 124 79596 123 79971 122 80347 120 80722 120 81098 118 81474 116 81850 114 82226 111 82602 109 82978 107 83354 104 83731 100 84107 98 84485 93 84862 90 85239 87 85617 83 85994 81 86371 78 86748 76 87124 74 87500 72 87876 71 88251 71 88627 69 89002 69 89377 68 89753 67 90128 67 90503 66 90878 66 91254 64 91629 64 92004 64 92379 63 92754 63 93129 63 93504 62 93879 62 94254 62 94629 61 95004 61 95379 61 95754 60 96129 60 96504 60 96879 59 97254 59 97629 59 98004 58 98379 58 98754 58 99129 57 99504 57 99879 57 100254 57 100629 56 101004 56 101379 56 101754 56 102129 55 102504 55 102879 55 103253 55 103628 55 104003 55 104378 54 104753 54 105128 54 105503 53 105878 53 106253 52 106628 52 107002 52 107377 52 107752 51 108127 51 108501 52 108876 51 109251 51 109625 52 110000 51 110374 52 110749 51 111123 52 111497 52 111871 53 112244 55 112617 56 112991 57 113365 57 113738 59 114112 60 114486 60 114860 61 115234 62 115609 61 115983 62 116358 62 116732 63 117107 63 117482 62 117857 62 118232 62 118607 62 118982 61 119357 61 119732 61 120107 61 120482 61 120857 61 121232 61 121608 60 121983 59 122358 59 122734 58 123109 58 123485 57 123860 57 124236 56 124612 55 124987 55 125363 54 125739 53 126115 52 126491 51 126867 50 127244 48 127620 47 127997 45 128375 41 128755 36 129133 33 129510 31 129886 30 130262 29 130638 28 131013 28 131389 27 131764 27 132139 27 132515 26 132890 26 133265 26 133641 25 134016 25 134391 24 134766 24 135142 23 135517 23 135892 23 136267 23 136642 22 137017 22 137392 22 137767 22 138142 21 138517 21 138892 20 139266 21 139641 21 140016 20 140390 20 140765 20 141140 19 141514 20 141889 19 142263 19 142638 19 143012 19 143387 18 143761 18 144136 17 144511 16 144886 16 145261 15 145636 14 146011 14 146386 14 146762 12 147137 12 147512 12 147887 12 148263 10 148638 10 149013 10 149388 10 149764 9 150139 9 150514 9 150889 8 151265 7 151640 7 152015 7 152391 6 152766 6 153141 6 153517 5 153892 5 154268 4 154643 4 155019 2
staffordshire_bull_terrier_127,48884 15 49254 25 49626 31 49999 35 50373 37 50747 39 50872 25 51121 41 51239 39 51495 42 51610 46 51870 43 51980 55 52245 44 52348 65 52619 46 52719 71 52994 46 53089 79 53369 47 53459 86 53744 48 53831 91 54119 49 54203 96 54494 50 54575 101 54869 51 54949 103 55244 51 55321 108 55619 52 55694 111 55995 52 56068 113 56370 54 56440 118 56745 55 56813 121 57120 56 57186 123 57495 191 57870 191 58245 192 58620 193 58995 194 59370 194 59745 195 60120 196 60495 196 60869 198 61244 199 61619 200 61994 201 62369 202 62744 203 63118 205 63493 206 63868 207 64242 210 64617 211 64991 213 65366 214 65740 217 66115 218 66489 220 66863 222 67238 223 67612 225 67985 229 68359 231 68733 234 69106 238 69480 241 69853 246 70227 251 70600 257 70973 266 71346 272 71719 277 72092 280 72466 282 72839 284 73212 238 73470 28 73586 237 73848 25 73960 236 74227 21 74333 237 74605 17 74707 238 74983 13 75081 238 75455 238 75828 240 76202 240 76576 241 76950 242 77323 243 77697 244 78071 244 78445 245 78819 246 79194 245 79568 246 79942 247 80317 246 80691 247 81065 248 81440 248 81814 248 82189 248 82563 249 82938 249 83312 250 83687 250 84062 249 84436 250 84811 250 85186 250 85561 249 85935 250 86310 250 86685 250 87059 251 87434 250 87809 250 88183 251 88558 251 88932 252 89307 251 89681 252 90056 252 90430 253 90803 255 91177 256 91549 259 91921 262 92283 274 92655 277 93028 279 93401 281 93776 281 94153 280 94553 255 94933 250 95310 249 95687 247 96063 247 96439 246 96815 245 97191 245 97566 246 97942 245 98318 245 98694 244 99069 245 99445 245 99821 244 100196 245 100572 245 100948 245 101324 245 101700 245 102077 245 102453 246 102829 247 103206 279 103582 283 103959 284 104336 284 104712 285 105089 284 105466 283 105842 282 106219 280 106595 279 106971 278 107348 275 107725 272 108102 269 108479 265 108856 261 109233 256 109612 246 109989 240 110369 229 110749 220 111127 213 111506 181 111696 10 111883 174 112260 170 112637 114 112770 30 113015 109 113151 21 113391 106 113533 9 113769 101 114147 97 114525 93 114903 88 115279 86 115657 81 116034 78 116410 77 116788 73 117165 70 117542 67 117920 63 118298 59 118677 54 119071 33 119455 21
chihuahua_9,36590 15 37088 23 37587 30 38086 36 38586 42 39085 49 39585 53 40085 57 40585 61 41085 64 41585 67 42085 70 42585 72 43085 74 43585 76 44085 77 44586 78 45086 79 45586 81 46087 82 46587 83 47087 84 47588 85 48088 87 48588 88 49089 89 49589 90 50090 91 50590 93 51090 95 51591 96 52091 99 52592 101 53092 105 53592 107 54093 109 54593 111 55094 112 55594 114 56095 114 56595 115 57096 116 57596 116 58097 116 58597 117 59098 117 59598 117 60099 117 60599 117 61100 117 61601 116 62101 117 62602 116 63102 116 63603 116 64104 115 64604 115 65105 115 65606 114 66106 114 66607 113 67108 113 67609 112 68109 112 68610 111 69111 111 69612 110 70113 109 70614 109 71115 108 71615 108 72116 108 72618 106 73118 107 73620 106 74120 106 74621 106 75123 105 75624 105 76125 105 76626 106 77127 106 77628 107 78129 109 78630 110 79131 112 79632 116 80133 120 80634 124 81134 131 81635 135 82136 139 82456 26 82637 141 82947 46 83138 143 83442 59 83639 145 83938 63 84140 146 84436 65 84641 148 84934 67 85142 149 85432 69 85643 150 85931 70 86144 151 86429 72 86645 152 86928 73 87145 154 87427 74 87646 155 87925 76 88147 156 88424 77 88648 157 88923 78 89149 158 89421 80 89650 159 89920 81 90151 159 90418 83 90651 161 90916 85 91152 162 91415 86 91653 162 91913 88 92153 164 92411 90 92654 164 92910 91 93154 166 93408 93 93654 168 93907 94 94155 168 94405 96 94655 170 94904 97 95156 170 95402 99 95656 172 95901 100 96156 174 96399 102 96656 176 96898 103 97156 179 97396 105 97656 181 97894 107 98156 183 98392 109 98656 187 98890 111 99156 190 99387 114 99656 192 99885 116 100156 196 100383 118 100655 201 100881 120 101155 205 101378 123 101655 346 102155 346 102655 346 103154 347 103654 347 104154 347 104654 347 105154 347 105654 347 106153 348 106653 348 107153 348 107653 348 108153 348 108653 348 109153 348 109652 349 110152 349 110652 349 111152 349 111652 349 112152 349 112652 349 113152 349 113651 350 114151 350 114651 350 115151 350 115651 350 116151 350 116651 350 117151 350 117651 350 118151 350 118651 350 119151 350 119651 350 120151 350 120651 350 121151 350 121651 350 122151 350 122651 350 123151 350 123651 350 124151 350 124651 350 125151 350 125651 350 126151 350 126651 350 127151 350 127651 350 128151 350 128651 350 129151 350 129651 350 130151 350 130652 349 131152 349 131652 349 132152 349 132652 349 133152 349 133652 349 134153 348 134653 348 135153 348 135653 348 136153 348 136653 348 137154 347 137654 347 138154 347 138654 347 139154 347 139654 347 140154 347 140655 346 141155 346 141655 346 142155 346 142655 346 143156 345 143656 345 144156 345 144656 345 145156 345 145656 345 146157 344 146657 344 147157 344 147657 344 148157 344 148657 344 149157 344 149657 344 150157 344 150657 344 151157 344 151657 344 152156 345 152656 345 153156 345 153655 346 154155 346 154654 347 155153 348 155653 348 156152 349 156651 350 157150 351 157649 352 158148 184 158333 168 158646 178 158840 161 159145 170 159343 158 159644 160 159846 155 160143 157 160347 154 160642 155 160849 152 161140 153 161349 152 161639 150 161850 151 162138 147 162351 150 162637 143 162852 27 162882 119 163136 140 163353 23 163381 120 163635 135 163854 21 163881 120 164134 131 164355 20 164381 120 164633 127 164855 19 164882 119 165132 124 165355 17 165382 119 165631 121 165856 16 165882 119 166130 119 166356 16 166382 119 166629 116 166857 14 166881 120 167128 114 167357 13 167381 120 167626 114 167857 13 167881 120 168125 113 168357 12 168381 120 168624 112 168857 11 168881 120 169123 112 169357 10 169382 119 169622 111 169857 10 169882 119 170121 110 170356 11 170382 119 170620 110 170856 10 170882 119 171119 110 171356 10 171382 119 171618 110 171856 9 171882 119 172117 110 172355 10 172382 119 172616 110 172855 9 172882 119 173115 110 173354 10 173382 119 173614 111 173854 9 173882 119 174113 111 174353 10 174382 119 174612 111 174852 10 174882 119 175112 111 175352 10 175382 119 175611 111 175851 10 175882 119 176110 112 176351 9 176383 118 176609 113 176850 10 176883 118 177108 113 177350 9 177384 117 177607 114 177849 10 177885 116 178107 114 178348 10 178386 115 178606 114 178848 9 178888 113 179105 115 179347 10 179389 112 179604 116 179847 9 179890 111 180104 115 180346 9 180392 109 180603 116 180846 9 180893 108 181102 116 181345 9 181394 107 181601 117 181845 8 181895 106 182100 118 182344 9 182397 104 182599 118 182844 8 182898 103 183099 118 183343 8 183399 102 183598 118 183843 8 183900 101 184097 119 184342 8 184402 99 184596 119 184842 7 184903 98 185096 119 185341 7 185404 97 185595 120 185841 7 185905 96 186095 119 186340 7 186407 94 186594 120 186840 6 186908 93 187093 120 187340 6 187409 92 187592 120 187839 5 187911 90 188092 120 188339 4 188413 88 188591 121 188839 3 188914 87 189091 120 189339 2 189416 85 189590 120 189918 83 190089 121 190420 81 190589 120 190923 78 191088 120 191425 76 191588 119 191928 73 192087 119 192430 71 192587 118 192932 69 193086 118 193434 67 193585 118 193936 65 194085 116 194439 62 194584 115 194941 60 195084 113 195443 58 195584 110 195946 55 196083 107 196449 52 196582 106 196952 49 197082 101 197456 45 197581 100 197961 40 198081 98 198465 36 198581 95 198969 32 199080 94 199474 27 199580 93 199977 24 200079 92 200481 20 200579 90 200983 18 201078 89 201486 15 201578 87 201989 12 202078 86 202491 10 202578 84 202994 7 203077 83 203500 1 203577 82 204077 80 204577 78 205077 76 205577 74 206077 72 206577 69 207077 67 207577 64 208078 60 208578 57 209079 52 209579 48 210080 41 210582 33 211085 22 211591 5
Maine_Coon_206,37201 21 37698 27 38196 33 38694 39 39192 45 39691 56 40189 63 40688 67 41186 71 41685 74 42184 78 42683 82 43182 88 43681 96 44180 106 44679 135 45178 140 45677 144 46176 148 46675 150 47175 151 47674 153 48173 155 48672 157 49171 158 49671 158 50170 160 50669 161 51168 162 51667 163 52166 164 52666 164 53165 165 53664 166 54163 166 54662 167 55161 167 55661 166 56160 166 56659 166 57159 165 57658 164 58158 162 58657 161 59156 160 59655 159 60154 158 60653 156 61153 154 61652 153 62152 151 62651 151 63150 151 63648 152 64146 153 64644 154 65143 154 65640 156 66138 158 66637 158 67136 159 67636 159 68135 160 68635 161 69136 160 69636 161 70136 161 70637 161 71137 161 71430 18 71638 160 71927 26 72139 160 72424 33 72640 159 72922 37 73140 160 73420 41 73641 159 73919 43 74142 159 74417 45 74643 158 74915 47 75143 158 75414 48 75644 158 75912 49 76145 157 76411 50 76645 158 76909 51 77146 157 77407 52 77646 158 77906 52 78147 158 78403 54 78647 159 78901 55 79148 159 79400 54 79648 160 79898 52 80148 161 80395 50 80649 162 80893 48 81149 164 81390 49 81649 166 81888 49 82149 169 82385 50 82650 171 82882 51 83150 176 83377 54 83650 201 83861 68 84150 276 84650 273 85150 270 85651 266 86151 264 86651 261 87151 258 87651 255 88151 253 88651 251 89151 248 89651 246 90151 244 90651 242 91151 240 91651 238 92151 236 92651 234 93150 233 93650 231 94150 228 94650 226 95150 224 95650 222 96150 220 96650 216 97150 213 97650 210 98149 209 98649 206 99149 204 99649 203 100149 202 100649 202 101148 202 101648 201 102148 199 102648 197 103148 196 103647 195 104147 193 104646 192 105146 190 105646 187 106146 185 106645 185 107145 184 107645 182 108145 181 108645 180 109145 179 109645 178 110145 176 110645 175 111145 174 111645 173 112144 172 112644 171 113143 171 113643 170 114142 169 114641 169 115140 168 115640 167 116139 166 116639 164 117138 164 117638 162 118138 160 118637 159 119137 157 119637 155 120137 153 120638 151 121138 149 121639 147 122141 144 122643 141 123146 138 123651 132 124155 128 124659 123 125162 115 125278 4 125665 109 125779 3 126167 103 126280 2 126669 101 126780 3 127171 98 127280 3 127674 94 127779 5 128178 90 128279 6 128684 84 128779 6 129201 67 129279 7 129712 56 129778 8 130215 53 130278 9 130718 50 130774 2 130777 10 131220 48 131274 14 131721 46 131774 14 132223 44 132274 14 132724 43 132774 14 133226 41 133274 14 133727 40 133774 15 134228 39 134274 15 134728 38 134774 15 135229 37 135273 16 135730 36 135774 15 136230 36 136274 15 136731 35 136774 15 137231 36 137273 16 137731 36 137773 16 138232 35 138273 16 138732 35 138773 17 139233 34 139273 17 139733 34 139773 17 140234 33 140273 17 140734 33 140773 17 141235 31 141273 17 141735 31 141773 17 142235 31 142273 17 142735 31 142772 18 143236 29 143272 18 143736 29 143772 18 144236 29 144272 18 144737 28 144772 18 145237 28 145272 18 145737 28 145771 19 146237 28 146271 19 146738 27 146771 19 147238 27 147271 19 147738 26 147771 19 148239 25 148271 19 148739 25 148771 19 149240 24 149271 19 149740 24 149771 19 150241 23 150271 20 150742 22 150770 21 151242 22 151270 21 151743 21 151770 21 152244 20 152270 21 152746 18 152770 21 153247 17 153270 22 153748 16 153769 23 154250 14 154269 23 154751 13 154769 23 155252 12 155269 23 155753 11 155769 24 156254 10 156269 24 156755 9 156769 24 157256 9 157269 25 157757 8 157769 25 158258 7 158269 25 158759 7 158769 26 159262 3 159269 26 159769 26 160270 25 160770 25 161270 26 161770 26 162270 26 162771 25 163271 25 163771 25 164271 25 164771 25 165272 24 165772 24 166272 24 166773 23 167273 23 167774 22 168275 21 168776 19 169277 18 169778 17 170278 17 170779 16 171279 16 171780 15 172280 14 172780 14 173280 14 173781 13 174281 13 174781 13 175281 13 175781 13 176281 13 176782 12 177282 12 177782 12 178282 11 178783 10 179283 10 179783 10 180283 9 180783 9 181283 9 181784 8 182284 8 182784 7 183285 6 183786 4
Sphynx_251,285 211 885 211 1485 211 2085 211 2684 215 3283 222 3882 232 4481 237 5081 240 5681 242 6281 245 6881 247 7482 251 8082 256 8682 260 9283 264 9883 268 10483 271 11084 272 11684 275 12284 277 12885 279 13485 283 14085 288 14686 291 15286 294 15886 296 16486 298 17087 299 17687 299 18288 299 18888 299 19488 299 20088 299 20688 299 21289 299 21889 299 22489 298 23090 297 23690 297 24290 297 24890 297 25491 295 26091 295 26691 295 27291 294 27891 294 28491 294 29091 294 29691 294 30291 293 30891 293 31491 293 32091 293 32691 293 33291 293 33891 293 34491 293 35091 293 35691 293 36291 293 36891 292 37492 290 38092 290 38692 289 39292 289 39892 288 40492 288 41092 287 41692 287 42291 288 42891 288 43491 288 44091 288 44691 289 45291 289 45891 289 46491 290 47091 290 47691 290 48291 290 48891 290 49491 290 50092 289 50692 289 51292 289 51892 290 52492 290 53092 290 53692 290 54292 290 54892 290 55492 290 56092 290 56692 290 57292 289 57892 289 58492 289 59092 289 59692 289 60292 288 60892 288 61492 287 62092 287 62692 287 63292 286 63892 285 64492 284 65092 283 65692 282 66292 280 66892 278 67492 276 68092 274 68692 272 69292 271 69892 270 70492 268 71092 267 71692 266 72292 265 72892 264 73492 262 74092 261 74692 259 75292 258 75892 256 76492 255 77093 253 77693 251 78293 250 78893 248 79493 248 80093 246 80693 245 81135 17 81293 244 81728 32 81893 243 82324 43 82493 242 82920 74 83093 241 83516 86 83693 239 84114 93 84293 238 84711 101 84892 238 85309 109 85491 237 85907 116 86091 236 86505 122 86690 236 87104 126 87290 234 87702 131 87889 234 88301 135 88487 235 88900 138 89086 235 89500 141 89684 236 90099 145 90280 239 90698 150 90874 58 90938 179 91298 232 91542 174 91897 232 92144 171 92497 232 92745 169 93097 233 93346 167 93697 233 93947 165 94297 234 94549 162 94897 234 95151 158 95497 235 95752 156 96097 235 96355 152 96698 234 96962 144 97299 234 97565 139 97899 235 98172 131 98500 235 98774 128 99101 236 99376 125 99701 237 99977 123 100302 238 100579 120 100903 238 101182 116 101504 238 101785 111 102105 239 102386 109 102706 240 102987 107 103307 242 103588 105 103908 243 104189 103 104510 243 104789 102 105111 245 105390 100 105712 246 105991 98 106314 245 106592 96 106915 245 107192 96 107517 244 107793 94 108118 245 108393 93 108720 244 108994 92 109321 244 109595 90 109923 243 110195 89 110525 242 110796 87 111127 242 111397 86 111728 241 111998 84 112330 241 112598 83 112932 240 113199 81 113534 239 113800 79 114136 238 114401 77 114738 236 115002 75 115340 235 115603 74 115942 233 116204 71 116545 231 116805 70 117148 228 117405 68 117751 226 118006 66 118354 223 118607 64 118957 221 119208 61 119559 219 119808 60 120162 217 120409 58 120765 214 121009 56 121367 213 121610 54 121970 211 122210 52 122573 208 122811 49 123177 205 123411 47 123779 203 124012 44 124382 201 124612 41 124984 199 125213 37 125586 198 125813 33 126188 196 126414 29 126789 196 127014 26 127390 195 127615 23 127991 194 128216 19 128592 194 128817 15 129193 193 129418 11 129794 192 130394 192 130995 191 131596 190 132196 191 132796 191 133397 190 133997 191 134598 190 135198 191 135798 192 136398 192 136999 192 137599 192 138199 193 138799 194 139400 193 140000 193 140600 193 141200 193 141800 192 142400 192 143001 191 143601 191 144201 190 144801 190 145401 189 146002 188 146602 187 147202 186 147802 185 148402 185 149003 183 149603 182 150203 181 150803 181 151404 179 152004 178 152604 178 153204 177 153805 176 154405 175 155005 174 155605 173 156205 172 156805 171 157406 169 158006 169 158606 167 159207 165 159807 95 159911 59 160407 93 160515 53 161007 91 161120 44 161608 89 161722 34 162208 87 162325 24 162808 86 162926 18 163409 83 163528 13 164009 82 164129 11 164609 81 165209 80 165810 78 166410 77 167011 75 167611 74 168211 74 168811 73 169411 73 170011 72 170121 2 170612 71 170719 6 171212 70 171318 7 171812 70 171917 8 172412 70 172517 8 173012 70 173116 8 173612 70 173716 8 174212 70 174316 7 174812 70 174917 6 175412 70 175517 5 176012 70 176117 4 176612 70 176717 4 177211 71 177318 1 177811 71 178411 72 179010 73 179610 73 180209 74 180809 74 181408 75 182007 76 182606 77 183205 77 183805 76 184404 77 185002 79 185601 79 186200 79 186799 80 187398 80 187997 81 188596 81 189195 82 189794 82 190393 83 190993 82 191592 83 192191 84 192790 85 193390 85 193989 86 194588 87 195187 88 195787 87 196386 88 196985 89 197585 89 198184 90 198783 90 199382 91 199981 92 200581 91 201180 92 201779 92 202378 93 202977 93 203576 93 204175 93 204774 93 205374 92 205973 92 206572 92 207171 92 207771 91 208370 91 208969 91 209569 90 210168 90 210768 89 211367 89 211967 88 212566 87 213166 86 213765 86 214365 85 214964 85 215564 83 216164 82 216763 82 217363 80 217962 80 218562 79 219161 78 219761 76 220361 75 220960 74 221560 72 222159 72 222759 70 223359 68 223959 67 224559 65 225158 65 225758 63 226357 62 226957 60 227557 59 228157 56 228757 54 229356 53 229956 51 230556 49 231155 48 231755 46 232355 44 232955 42 233555 40 234155 39 234755 37 235355 36 235955 34 236555 33 237156 30 237756 30 238357 27 238957 26 239558 24 240159 23 240760 21 241361 19 241963 17 242564 15 243166 12 243767 11 244369 8 244971 5
beagle_125,54815 7 55146 10 55476 14 55756 1 55775 6 55803 21 56084 37 56122 36 56413 78 56743 82 57075 83 57407 85 57740 85 58072 86 58405 86 58738 86 59071 85 59404 85 59737 84 60070 84 60403 83 60736 83 61069 82 61402 81 61735 81 62068 80 62401 79 62734 79 63067 78 63400 78 63733 77 64066 76 64399 76 64733 74 65066 74 65399 74 65732 73 66065 73 66398 73 66731 72 67064 72 67397 72 67730 72 68063 72 68396 72 68730 71 69063 71 69396 71 69729 71 70062 71 70395 71 70728 70 71061 70 71394 70 71727 69 72060 69 72393 69 72726 68 73060 66 73393 66 73726 65 74059 64 74392 64 74725 63 75058 63 75392 61 75725 60 76058 60 76391 59 76725 57 77058 57 77391 57 77725 55 78058 55 78392 54 78725 54 79058 54 79392 53 79725 53 80059 52 80392 52 80726 51 81060 51 81393 51 81727 51 82061 51 82395 51 82729 50 83063 51 83397 52 83731 54 84065 57 84399 60 84733 59 85066 59 85400 58 85734 57 86067 57 86400 57 86733 56 87066 56 87399 56 87732 56 88065 56 88398 56 88730 58 89063 59 89396 60 89729 62 90062 64 90395 66 90728 68 91061 69 91394 71 91727 73 92060 75 92393 80 92726 84 93059 86 93392 92 93725 96 94058 99 94391 101 94725 102 95058 105 95391 107 95724 109 96057 110 96390 111 96724 110 97057 110 97390 110 97723 110 98056 109 98389 108 98722 106 99056 103 99389 101 99722 99 100055 97 100388 95 100721 93 101054 90 101387 88 101720 86 102053 85 102386 83 102718 83 103051 81 103384 76 103717 71 104050 70 104383 69 104716 68 105048 69 105381 68 105714 68 106047 68 106380 67 106713 67 107046 67 107379 66 107712 66 108045 66 108378 66 108711 66 109044 66 109377 66 109710 66 110042 67 110375 67 110708 67 111041 68 111374 68 111708 68 112041 68 112374 69 112707 70 113040 70 113373 71 113706 71 114039 71 114372 71 114705 71 115038 70 115371 70 115704 70 116037 69 116370 69 116703 69 117036 69 117369 69 117703 68 118036 68 118369 68 118702 68 119036 66 119369 66 119703 65 120036 65 120370 64 120703 63 121037 61 121370 60 121704 42 121750 10 122037 41 122370 39 122703 38 123036 37 123369 36 123703 35 124036 34 124369 34 124702 34 125035 35 125368 34 125701 34 126034 33 126367 31 126700 30 127033 28 127366 22 127699 15 128033 11 128366 9 128699 7 129033 5 129366 5 129700 3 130033 2 135704 6 136036 10 136370 10 136703 11 137037 12 137371 15 137705 23 138039 23 138374 21 138709 18 139048 12 139385 8 139720 5 152348 1 152680 2 153012 2 153344 3 153677 2 154009 2 154341 2
Siamese_101,67162 8 67658 19 68157 24 68656 27 69155 30 69655 32 70154 35 70654 37 71154 39 71654 40 72154 41 72654 43 73155 43 73655 44 74155 45 74655 47 75156 47 75656 49 76156 51 76298 1 76656 53 76795 6 77156 55 77293 9 77656 57 77791 11 78156 59 78290 12 78655 63 78788 14 79155 65 79286 15 79655 67 79784 17 80155 68 80282 19 80655 70 80780 20 81155 72 81278 22 81655 74 81776 23 82155 77 82274 25 82655 80 82773 25 83155 83 83271 27 83655 86 83769 29 84155 90 84266 32 84655 96 84763 34 85155 142 85654 143 86154 143 86653 144 87152 145 87651 146 88150 146 88649 147 89147 149 89646 150 90145 150 90644 150 91144 149 91643 149 92142 149 92642 148 93142 148 93643 146 94145 144 94649 139 95156 132 95659 129 96160 128 96661 127 97162 126 97662 126 98163 125 98663 125 99163 125 99663 125 100163 125 100663 125 101162 125 101662 124 102162 123 102662 122 103162 120 103662 119 104162 117 104662 115 105162 113 105662 111 106162 109 106662 108 107161 107 107661 105 108161 103 108661 101 109160 101 109660 100 110159 100 110658 101 111156 102 111654 105 112152 107 112648 111 113145 115 113643 118 114141 123 114639 126 115136 130 115634 132 116132 135 116629 139 117125 93 117234 35 117622 92 117737 33 118118 93 118240 31 118615 93 118742 30 119113 92 119245 29 119610 91 119748 26 120108 90 120250 24 120608 54 120675 19 120752 22 121108 41 121182 7 121256 17 121611 26 121760 11 122115 11
Birman_66,49275 7 49646 22 50016 43 50136 6 50388 56 50508 13 50760 63 50882 17 51131 70 51255 22 51502 77 51630 24 51874 82 52004 26 52246 88 52378 29 52618 93 52753 30 52991 97 53127 32 53363 104 53501 35 53736 109 53876 36 54108 115 54250 38 54481 120 54624 41 54854 124 54997 44 55227 129 55372 45 55600 135 55745 48 55973 140 56119 50 56346 199 56720 201 57094 203 57467 205 57841 207 58215 209 58589 211 58963 212 59337 214 59712 215 60087 215 60462 216 60837 216 61212 217 61588 217 61964 217 62339 217 62715 217 63091 217 63466 217 63842 217 64218 217 64593 218 64969 217 65345 217 65720 218 66096 218 66471 218 66847 218 67222 218 67597 219 67973 218 68348 219 68724 218 69099 219 69474 219 69849 219 70224 220 70600 219 70975 220 71350 220 71725 220 72100 221 72475 221 72850 222 73225 222 73600 222 73975 223 74350 223 74725 224 75100 224 75475 224 75850 224 76225 225 76599 226 76974 226 77349 226 77724 227 78099 227 78473 228 78848 228 79223 229 79598 229 79972 230 80347 231 80722 231 81097 231 81471 233 81846 233 82221 233 82596 234 82971 234 83346 234 83721 235 84096 235 84470 237 84845 237 85220 238 85595 238 85970 238 86345 239 86720 239 87095 239 87470 239 87845 239 88220 239 88595 239 88970 239 89345 239 89720 239 90095 239 90470 239 90844 240 91219 240 91594 240 91969 240 92344 240 92719 240 93094 240 93469 241 93844 241 94219 241 94593 242 94968 242 95343 242 95718 242 96093 242 96468 242 96843 242 97218 242 97593 242 97968 242 98343 242 98718 242 99093 242 99468 242 99843 242 100218 242 100593 242 100968 242 101344 241 101719 241 102094 241 102469 241 102845 240 103220 240 103595 240 103970 240 104346 240 104721 240 105097 239 105472 239 105848 239 106223 239 106599 238 106974 238 107350 237 107726 236 108101 236 108477 234 108853 233 109228 233 109604 231 109979 231 110355 230 110731 228 111106 228 111481 228 111857 227 112232 227 112607 227 112982 227 113357 227 113732 227 114106 228 114481 228 114856 228 115230 229 115540 5 115604 229 115913 12 115979 229 116288 16 116352 231 116662 21 116726 232 117037 24 117099 233 117412 27 117471 236 117786 34 117836 245 118161 295 118536 295 118911 295 119286 294 119662 293 120037 293 120412 293 120787 293 121162 294 121538 293 121913 293 122288 294 122664 293 123039 293 123414 294 123790 293 124165 293 124541 292 124916 292 125292 291 125668 290 126044 289 126419 289 126796 287 127172 287 127548 286 127924 285 128300 284 128676 283 129052 281 129428 280 129804 279 130180 278 130556 276 130932 249 131193 13 131309 244 131572 8 131685 241 132061 238 132437 236 132813 234 133190 230 133566 228 133943 225 134320 222 134697 219 135075 214 135452 211 135829 208 136206 205 136582 203 136958 201 137334 199 137710 196 138086 194 138462 192 138837 191 139213 189 139589 187 139964 186 140340 184 140716 182 141093 179 141469 177 141844 175 142220 173 142595 172 142971 170 143347 168 143723 166 144098 164 144473 163 144849 161 145224 160 145599 159 145974 157 146349 156 146724 155 147098 154 147472 154 147846 154 148220 153 148595 152 148970 149 149345 148 149720 146 150094 145 150469 143 150843 142 151218 139 151593 137 151969 134 152345 131 152722 127 153098 122 153473 119 153849 116 154225 112 154601 109 154977 105 155354 100 155731 94 156108 89 156485 83 156863 76 157242 67 157623 53 158006 36
basset_hound_152,40805 20 41299 28 41794 35 42290 40 42787 44 43284 48 43782 51 44280 53 44778 56 45276 59 45774 61 46271 65 46769 67 47267 70 47766 71 48264 74 48763 75 49261 77 49760 78 50258 80 50757 81 51256 82 51754 83 52252 85 52750 86 53248 87 53747 88 54245 89 54744 89 55243 90 55742 90 56242 90 56741 90 57240 91 57739 91 58239 91 58738 91 59237 91 59737 90 60236 89 60735 89 61234 89 61733 88 62232 88 62731 88 63230 89 63729 90 64228 91 64727 92 65226 93 65725 95 66225 96 66724 98 67223 99 67723 99 68222 101 68721 102 69221 102 69720 103 70220 103 70720 103 71219 104 71718 105 72218 104 72718 104 72869 3 73217 105 73366 11 73717 105 73865 16 74216 106 74363 21 74715 106 74863 24 75214 107 75362 28 75714 107 75862 31 76213 107 76361 34 76714 106 76860 37 77214 105 77360 39 77715 104 77859 42 78215 103 78358 44 78716 101 78857 47 79216 100 79356 50 79717 98 79856 52 80217 98 80355 54 80717 97 80855 57 81217 97 81354 60 81718 95 81854 61 82218 95 82354 62 82718 94 82853 63 83218 94 83353 63 83718 94 83852 65 84218 94 84352 64 84718 94 84852 64 85218 94 85351 65 85718 94 85851 64 86218 94 86350 64 86719 93 86850 62 87219 93 87349 45 87398 12 87719 93 87848 45 87903 4 88220 93 88347 46 88720 93 88846 47 89220 93 89345 48 89431 7 89721 92 89845 47 89925 15 90221 93 90344 48 90405 37 90722 93 90843 49 90902 41 91223 95 91342 50 91399 44 91723 97 91842 50 91899 44 92224 99 92341 51 92398 44 92725 100 92839 53 92898 44 93226 101 93336 56 93398 44 93727 103 93834 58 93897 45 94228 165 94396 46 94729 213 95230 212 95731 210 96231 202 96732 197 97233 193 97734 190 98235 187 98735 185 99236 180 99737 177 100238 173 100739 171 101239 169 101740 167 102241 165 102741 164 103242 162 103743 160 104244 159 104746 156 105248 154 105750 152 106253 149 106755 147 107258 144 107761 141 108264 138 108772 130 109281 122 109788 115 110301 103 110805 99 111307 97 111808 96 112308 96 112808 96 113308 96 113808 97 114308 97 114808 97 115308 97 115808 96 116309 95 116809 95 117309 95 117809 95 118310 94 118810 93 119311 92 119811 92 120312 91 120812 90 121313 89 121813 89 122314 87 122814 87 123315 86 123815 86 124316 84 124816 84 125316 84 125817 83 126317 83 126817 83 127318 82 127818 82 128319 81 128819 81 129320 80 129821 79 130322 78 130823 77 131324 76 131826 74 132327 74 132828 73 133328 73 133829 72 134330 71 134830 71 135331 70 135831 70 136332 69 136832 69 137333 68 137833 68 138334 67 138835 66 139335 65 139836 64 140337 63 140837 63 141338 62 141839 60 142340 59 142840 58 143341 55 143842 53 144343 49 144844 45 145345 42 145846 39 146347 35 146848 32 147350 29 147852 25 148354 21 148857 15 149361 8
Egyptian_Mau_182,851377 6 852868 19 854362 26 855859 30 857356 33 858854 35 860351 38 861848 40 863344 44 864841 47 866339 48 867837 50 869334 52 870832 54 872329 57 873827 58 874092 9 875324 60 875582 26 876822 62 877075 42 878320 63 878568 59 879817 65 880059 76 881314 68 881552 93 882811 70 883049 101 884309 71 884547 104 885806 73 886045 106 887304 74 887542 110 888801 76 889040 115 890298 78 890538 120 891795 80 892036 124 893292 82 893534 128 894790 83 895033 129 896287 85 896531 132 897783 88 898030 136 899278 92 899529 140 900772 97 901028 144 902268 100 902527 148 903764 103 904026 150 905261 104 905525 157 906758 105 907025 174 908252 110 908524 180 909744 116 910024 184 911239 120 911523 204 912735 122 913022 221 914231 125 914522 226 915727 127 916022 229 917223 129 917521 235 917774 7 918718 133 919021 275 920214 135 920521 280 921710 138 922021 283 923208 138 923520 286 924706 138 925020 288 926202 140 926520 291 927699 141 928021 295 929195 143 929521 298 930693 143 931021 299 932191 143 932521 301 933689 142 934022 302 934520 37 935186 143 935522 306 936012 50 936683 143 937023 316 937504 63 938180 144 938523 320 938993 83 939677 145 940023 322 940485 95 941175 144 941523 325 941978 105 942673 144 943023 329 943470 116 944170 144 944524 341 944957 134 945668 144 946024 358 946450 146 947164 145 947525 363 947945 154 948662 145 949025 366 949439 161 950160 145 950525 371 950933 168 951658 145 952025 377 952424 179 953155 146 953525 582 954652 147 955026 586 956147 150 956526 590 957643 151 958026 592 959141 151 959526 594 960639 151 961026 597 962137 151 962527 600 963633 153 964027 608 965129 155 965528 616 966626 156 967028 622 968123 156 968528 626 969620 157 970028 628 971118 157 971528 631 972615 158 973029 634 974111 160 974530 642 975607 161 976030 651 977104 162 977530 654 978601 163 979030 656 980099 162 980530 658 981596 163 982031 662 983092 165 983531 671 984587 167 985031 676 986083 168 986531 679 987580 169 988031 681 988814 1 989078 169 989532 683 990300 37 990574 171 991032 689 991761 86 992070 172 992532 822 993563 176 994032 827 995057 178 995533 831 996553 179 997033 835 998049 181 998533 842 999542 186 1000034 854 1001032 193 1001534 876 1002513 209 1003034 901 1003991 227 1004535 910 1005457 1 1005475 240 1006035 1178 1007536 1175 1009037 1171 1010537 1166 1012037 1161 1013537 1158 1015037 1155 1016537 1153 1018038 1149 1019538 1145 1021038 1141 1022537 1138 1024037 1135 1025536 1133 1027036 1129 1028535 1126 1030035 1122 1031534 1118 1033033 1115 1034533 1111 1036032 1107 1037531 1103 1039030 1100 1040529 1097 1042028 1094 1043528 1091 1045027 1089 1046526 1086 1048025 1083 1049524 1080 1051023 1078 1052523 1075 1054022 1073 1055521 1071 1057020 1068 1058519 1064 1060018 1061 1061517 1059 1063016 1058 1064515 1056 1066014 1054 1067513 1051 1069012 1048 1070511 1046 1072010 1045 1073509 1043 1075008 1040 1076508 1036 1078007 1032 1079506 1028 1081005 1026 1082504 1024 1084003 1019 1085502 1016 1087001 1014 1088500 1013 1089999 1012 1091499 1009 1092998 1006 1094497 1000 1095996 994 1097495 990 1098994 988 1100493 986 1101992 984 1103492 981 1104991 978 1106490 976 1107989 975 1109489 972 1110988 969 1112487 967 1113986 965 1115485 963 1116984 961 1118484 957 1119983 954 1121482 952 1122981 950 1124480 949 1125979 947 1127478 946 1128977 944 1130476 942 1131975 940 1133474 938 1134973 937 1136472 935 1137971 933 1139471 929 1140970 928 1142469 927 1143968 925 1145467 924 1146966 922 1148466 920 1149965 918 1151464 917 1152963 914 1154462 912 1155962 909 1157461 907 1158960 905 1160459 902 1161958 899 1163457 897 1164957 895 1166456 894 1167955 893 1169454 892 1170954 890 1172453 888 1173952 887 1175452 885 1176951 884 1178451 882 1179950 880 1181449 878 1182949 875 1184448 874 1185947 873 1187446 872 1188945 871 1190444 869 1191943 868 1193442 868 1194941 866 1196439 866 1197938 864 1199436 864 1200935 862 1202434 861 1203932 860 1205430 859 1206929 857 1208427 857 1209926 855 1211424 855 1212923 854 1214422 853 1215920 853 1217419 852 1218917 852 1220416 851 1221914 851 1223413 850 1224911 851 1226409 851 1227907 850 1229405 850 1230903 850 1232401 851 1233899 851 1235397 851 1236895 851 1238393 850 1239891 850 1241388 851 1242886 851 1244384 851 1245882 851 1247380 851 1248878 851 1250376 851 1251874 851 1253372 851 1254870 850 1256368 851 1257866 851 1259364 852 1260862 852 1262360 853 1263858 853 1265356 854 1266854 855 1268352 855 1269851 855 1271349 855 1272847 856 1274345 857 1275843 858 1277341 858 1278839 859 1280337 860 1281835 861 1283333 861 1284831 862 1286330 862 1287828 863 1289326 864 1290824 864 1292322 865 1293820 866 1295319 866 1296817 867 1298315 867 1299813 868 1301311 869 1302809 870 1304308 870 1305806 871 1307304 871 1308802 872 1310300 235 1310566 607 1311798 226 1312072 600 1313296 220 1313576 595 1314794 216 1315078 592 1316292 213 1316579 590 1317790 209 1318081 587 1319289 202 1319584 583 1320787 192 1321086 579 1322285 187 1322588 576 1323783 184 1324089 574 1325281 183 1325589 573 1326779 180 1327090 571 1328277 175 1328591 569 1329774 165 1330093 566 1331272 160 1331594 564 1332770 158 1333095 562 1334269 156 1334595 561 1335766 156 1336095 559 1337264 153 1337596 557 1338762 150 1339098 554 1340260 148 1340599 552 1341758 146 1342100 550 1343257 145 1343600 549 1344755 144 1345100 548 1346253 143 1346601 545 1347751 142 1348103 542 1349249 140 1349605 539 1350747 139 1351106 537 1352245 138 1352607 535 1353743 137 1354107 534 1355242 136 1355608 532 1356740 134 1357111 528 1358238 133 1358614 524 1359737 131 1360116 521 1361235 130 1361617 519 1362734 129 1363118 517 1364233 128 1364620 514 1365732 125 1366123 510 1367230 123 1367627 505 1368729 119 1369130 501 1370228 118 1370633 497 1371727 116 1372134 495 1373226 115 1373634 495 1374725 111 1375135 493 1376225 102 1376637 490 1377724 95 1378139 487 1379223 91 1379640 485 1380723 87 1381140 484 1382222 85 1382641 482 1383722 80 1384142 480 1385222 72 1385642 479 1386722 63 1387143 477 1388222 58 1388643 476 1389723 53 1390144 475 1391225 47 1391643 475 1392727 39 1393143 474 1394242 5 1394643 473 1396143 472 1397643 471 1399143 470 1400643 469 1402142 469 1403642 468 1405142 467 1406642 466 1408141 467 1409641 466 1411141 465 1412640 465 1414140 464 1415640 463 1417139 463 1418639 462 1420138 462 1421638 461 1423137 461 1424637 460 1426136 460 1427635 460 1429135 460 1430634 460 1432134 459 1433634 458 1435133 458 1436633 457 1438132 457 1439631 457 1441131 456 1442630 456 1444130 455 1445629 455 1447129 454 1448628 454 1450128 453 1451627 453 1453127 453 1454626 453 1456126 452 1457625 452 1459125 451 1460624 451 1462124 450 1463624 449 1465123 449 1466623 448 1468122 448 1469622 447 1471122 446 1472622 445 1474121 445 1475621 444 1477120 445 1478620 444 1480119 444 1481619 443 1483119 442 1484618 442 1486118 441 1487617 441 1489117 440 1490616 440 1492116 440 1493615 440 1495115 439 1496614 439 1498114 438 1499613 438 1501113 437 1502612 437 1504112 436 1505611 436 1507111 435 1508611 434 1510110 435 1511610 434 1513109 434 1514609 433 1516108 433 1517608 432 1519107 432 1520606 432 1522106 432 1523606 431 1525105 431 1526605 430 1528105 429 1529604 429 1531104 429 1532603 429 1534103 428 1535603 427 1537103 426 1538602 426 1540102 426 1541601 426 1543101 425 1544601 424 1546100 424 1547600 423 1549100 423 1550599 423 1552099 422 1553598 422 1555098 421 1556597 422 1558097 421 1559596 421 1561096 420 1562596 420 1564095 420 1565594 420 1567094 419 1568593 419 1570093 418 1571593 418 1573092 418 1574592 417 1576092 416 1577591 416 1579091 415 1580590 416 1582090 415 1583590 414 1585089 414 1586589 413 1588089 412 1589588 412 1591088 412 1592588 411 1594088 410 1595587 410 1597087 409 1598587 408 1600087 407 1601586 408 1603086 407 1604586 406 1606086 405 1607585 405 1609085 404 1610585 404 1612085 403 1613585 402 1615085 401 1616585 400 1618085 399 1619584 399 1621084 398 1622584 398 1624084 397 1625583 397 1627083 396 1628583 395 1630083 394 1631583 393 1633083 392 1634582 392 1636082 391 1637582 390 1639082 389 1640581 390 1642081 389 1643581 388 1645080 388 1646580 387 1648080 386 1649580 385 1651080 385 1652579 385 1654079 384 1655579 383 1657079 382 1658578 383 1660078 382 1661578 381 1663077 381 1664577 380 1666077 380 1667576 380 1669076 379 1670576 378 1672075 378 1673575 378 1675074 378 1676574 377 1678074 376 1679574 375 1681073 376 1682573 375 1684072 375 1685572 374 1687072 374 1688572 373 1690071 373 1691571 372 1693070 372 1694570 371 1696069 371 1697569 371 1699068 371 1700568 370 1702067 370 1703567 369 1705066 369 1706566 368 1708065 368 1709565 368 1711064 368 1712564 367 1714063 367 1715563 366 1717062 366 1718562 366 1720061 366 1721561 365 1723060 365 1724560 364 1726059 364 1727558 364 1729058 363 1730558 363 1732057 363 1733557 362 1735056 362 1736556 361 1738055 361 1739555 360 1741054 360 1742554 359 1744053 359 1745553 358 1747052 358 1748552 357 1750051 357 1751551 356 1753050 356 1754550 354 1756049 354 1757549 353 1759049 352 1760548 352 1762048 351 1763547 351 1765047 350 1766546 350 1768046 349 1769545 349 1771045 348 1772544 348 1774044 347 1775543 347 1777043 346 1778542 346 1780042 345 1781541 345 1783041 344 1784540 344 1786040 342 1787539 342 1789039 341 1790538 341 1792038 340 1793537 340 1795037 339 1796536 339 1798036 337 1799536 336 1801035 336 1802535 335 1804034 334 1805534 333 1807033 333 1808533 332 1810032 332 1811532 331 1813031 330 1814531 329 1816030 329 1817530 328 1819029 328 1820529 327 1822028 327 1823528 325 1825027 325 1826527 324 1828026 324 1829525 324 1831025 323 1832524 323 1834024 322 1835523 322 1837023 320 1838522 320 1840022 319 1841521 319 1843020 319 1844520 318 1846019 317 1847518 317 1849018 316 1850517 316 1852017 315 1853516 314 1855016 313 1856515 313 1858015 312 1859514 311 1861014 310 1862513 310 1864013 309 1865512 309 1867012 308 1868512 306 1870011 306 1871510 306 1873010 305 1874509 305 1876009 304 1877508 304 1879008 302 1880507 302 1882007 301 1883506 301 1885006 300 1886505 300 1888005 299 1889504 299 1891003 298 1892503 297 1894002 297 1895502 296 1897001 296 1898501 295 1900000 295 1901500 294 1902999 293 1904498 293 1905998 292 1907497 292 1908997 291 1910496 291 1911996 290 1913495 290 1914995 289 1916494 289 1917993 289 1919493 288 1920992 288 1922492 287 1923991 287 1925491 286 1926990 286 1928490 285 1929989 285 1931488 285 1932988 284 1934487 284 1935987 283 1937486 283 1938986 282 1940485 282 1941985 281 1943484 281 1944984 280 1946483 280 1947983 279 1949482 279 1950982 278 1952481 278 1953981 277 1955480 277 1956980 276 1958480 275 1959979 275 1961479 274 1962978 274 1964478 273 1965978 272 1967477 272 1968977 271 1970476 272 1971976 271 1973476 270 1974976 269 1976475 269 1977975 268 1979475 267 1980974 267 1982474 267 1983974 266 1985473 266 1986973 265 1988473 264 1989972 264 1991472 263 1992972 262 1994472 262 1995972 261 1997471 261 1998971 260 2000471 259 2001971 258 2003471 257 2004971 256 2006470 256 2007970 255 2009470 254 2010970 253 2012470 252 2013970 251 2015469 252 2016969 251 2018469 250 2019969 249 2021469 248 2022969 247 2024468 247 2025968 246 2027468 245 2028967 246 2030467 245 2031967 244 2033467 243 2034967 242 2036466 243 2037966 242 2039465 242 2040965 241 2042465 241 2043964 241 2045464 240 2046963 240 2048463 239 2049963 238 2051463 238 2052962 238 2054462 237 2055961 237 2057461 236 2058961 235 2060461 234 2061961 233 2063460 233 2064960 232 2066460 231 2067959 231 2069459 231 2070959 230 2072458 230 2073958 229 2075458 228 2076957 228 2078457 227 2079957 226 2081456 226 2082956 225 2084455 225 2085955 225 2087455 224 2088955 223 2090454 223 2091954 222 2093454 221 2094954 221 2096453 221 2097953 220 2099453 219 2100953 218 2102453 217 2103953 217 2105453 216 2106953 215 2108452 215 2109952 214 2111452 213 2112952 212 2114452 211 2115951 211 2117451 210 2118951 210 2120451 209 2121951 208 2123450 208 2124950 207 2126450 206 2127950 205 2129449 205 2130949 204 2132449 203 2133949 202 2135449 201 2136948 201 2138448 200 2139948 199 2141448 198 2142948 198 2144447 198 2145947 197 2147447 196 2148947 195 2150446 195 2151946 194 2153446 193 2154946 192 2156445 192 2157945 191 2159445 191 2160944 191 2162444 190 2163944 189 2165443 189 2166943 188 2168442 188 2169942 187 2171442 186 2172941 186 2174441 185 2175940 185 2177440 184 2178939 184 2180439 183 2181938 183 2183438 182 2184938 181 2186437 181 2187937 180 2189436 180 2190936 179 2192435 179 2193935 178 2195434 178 2196934 177 2198433 177 2199933 177 2201432 177 2202932 176 2204431 176 2205931 175 2207430 175 2208930 174 2210430 173 2211929 173 2213429 172 2214928 172 2216428 171 2217928 170 2219427 170 2220927 169 2222427 168 2223926 168 2225426 167 2226926 167 2228425 167 2229925 166 2231425 165 2232925 164 2234424 164 2235924 163 2237424 162 2238924 161 2240424 160 2241924 159 2243423 159 2244923 159 2246423 158 2247923 157 2249423 156 2250922 156 2252422 155 2253922 155 2255422 154 2256923 152 2258424 150 2259924 150 2261424 149 2262924 148 2264425 146 2265925 145 2267426 143 2268926 143 2270426 142 2271926 141 2273426 140 2274926 139 2276427 137 2277927 136 2279427 136 2280927 135 2282427 134 2283928 132 2285429 130 2286929 129 2288430 128 2289930 127 2291430 126 2292931 124 2294432 122 2295933 121 2297434 119 2298934 118 2300435 116 2301935 115 2303436 113 2304937 112 2306438 110 2307938 109 2309439 107 2310939 106 2312440 104 2313941 102 2315442 100 2316943 99 2318443 98 2319943 97 2321444 95 2322946 92 2324448 89 2325948 88 2327449 86 2328949 85 2330450 84 2331952 81 2333453 79 2334954 77 2336455 75 2337955 74 2339456 72 2340957 70 2342459 67 2343961 64 2345462 62 2346963 61 2348463 60 2349964 58 2351465 56 2352966 54 2354467 52 2355968 50 2357469 48 2358969 47 2360470 45 2361971 43 2363471 43 2364972 41 2366472 40 2367972 39 2369472 38 2370973 36 2372472 36 2373972 35 2375472 34 2376972 33 2378472 32 2379972 31 2381472 31 2382971 31 2384471 30 2385971 29 2387471 28 2388971 27 2390471 26 2391970 26 2393470 25 2394970 24 2396470 23 2397970 22 2399470 21 2400969 21 2402469 20 2403969 19 2405469 18 2406969 17 2408469 16 2409968 16 2411468 15 2412968 14 2414468 13 2415967 13 2417467 12 2418967 11 2420466 11 2421966 10 2423467 8 2424967 6 2426466 6 2427966 5 2429468 2
wheaten_terrier_125,222 152 597 153 973 153 1348 153 1724 152 2098 153 2472 154 2846 155 3221 155 3596 155 3971 155 4346 155 4721 155 5096 155 5470 156 5845 156 6220 156 6595 156 6969 157 7344 157 7719 157 8094 157 8468 158 8843 158 9218 158 9593 158 9968 158 10343 158 10718 158 11092 159 11467 159 11842 159 12217 159 12592 159 12967 159 13341 160 13716 160 14091 160 14466 160 14841 160 15216 160 15590 161 15965 161 16340 161 16715 161 17089 162 17464 162 17839 162 18213 163 18588 163 18962 164 19337 164 19711 165 20086 165 20461 165 20835 166 21210 166 21584 167 21959 167 22333 168 22708 168 23083 168 23457 169 23832 169 24206 170 24580 171 24954 172 25329 172 25703 173 26077 174 26452 174 26826 175 27201 175 27575 176 27949 177 28324 177 28698 178 29072 179 29446 180 29820 181 30194 182 30568 183 30942 184 31316 185 31690 186 32065 186 32439 187 32813 188 33187 189 33561 190 33936 190 34310 191 34684 192 35059 192 35433 193 35807 194 36182 194 36556 195 36931 195 37305 196 37680 196 38054 197 38429 197 38804 197 39178 198 39553 198 39927 199 40301 200 40676 200 41050 201 41425 201 41799 202 42174 202 42548 203 42923 203 43297 204 43672 204 44046 205 44421 205 44796 205 45170 206 45545 206 45920 206 46295 206 46669 207 47044 207 47418 208 47792 209 48167 209 48541 210 48915 211 49289 212 49663 213 50036 215 50409 217 50782 219 51157 219 51531 220 51906 220 52281 220 52656 220 53030 221 53405 221 53780 221 54154 222 54529 222 54904 222 55278 223 55653 223 56028 223 56403 223 56777 224 57152 224 57526 225 57900 226 58274 227 58647 229 59021 230 59396 230 59771 230 60147 229 60522 229 60897 229 61273 228 61648 228 62024 227 62399 227 62775 226 63150 226 63526 225 63901 225 64277 224 64652 224 65028 223 65403 223 65779 222 66155 221 66530 221 66906 220 67282 219 67658 218 68034 217 68410 216 68786 215 69162 214 69538 213 69914 212 70290 211 70666 210 71042 209 71418 208 71794 207 72169 207 72545 206 72847 5 72921 205 73221 13 73239 5 73297 204 73595 26 73673 203 73969 28 74048 203 74343 30 74424 202 74717 31 74799 202 75091 33 75174 202 75465 34 75550 201 75839 36 75925 201 76213 37 76301 200 76587 39 76676 200 76960 41 77052 199 77333 44 77427 199 77707 46 77803 198 78080 48 78179 197 78453 51 78555 196 78827 52 78931 195 79150 2 79200 55 79306 195 79524 5 79573 57 79682 194 79898 8 79946 60 80058 193 80273 10 80318 64 80433 193 80647 13 80692 65 80809 192 81022 16 81065 68 81184 192 81397 19 81437 72 81560 191 81772 21 81804 81 81935 191 82147 115 82311 190 82522 116 82686 190 82897 117 83062 189 83272 118 83437 189 83647 119 83813 188 84021 122 84188 188 84396 123 84564 187 84771 124 84939 187 85146 125 85315 186 85521 126 85690 186 85896 126 86066 185 86271 127 86442 184 86646 128 86817 184 87021 129 87193 183 87396 129 87569 182 87771 130 87945 181 88146 130 88320 181 88521 131 88696 180 88895 133 89072 179 89270 134 89448 178 89645 134 89823 178 90020 135 90199 177 90395 136 90574 177 90770 136 90950 176 91145 137 91326 172 91521 137 91701 166 91896 138 92077 162 92271 139 92453 158 92647 139 92828 155 93023 139 93204 152 93398 140 93580 149 93774 140 93955 146 94150 140 94331 144 94525 140 94707 141 94901 140 95082 139 95277 140 95458 137 95653 140 95833 135 96028 141 96209 132 96404 142 96585 128 96780 142 96960 123 97155 143 97336 112 97531 143 97711 80 97807 7 97906 144 98087 75 98282 144 98463 70 98658 144 98839 65 99033 145 99215 61 99409 145 99592 56 99784 145 99969 52 100160 145 100346 48 100535 146 100722 45 100911 146 101099 41 101286 147 101476 37 101661 148 101853 33 102037 148 102412 149 102787 151 103162 152 103537 154 103912 156 104287 157 104662 158 105037 159 105412 160 105787 160 106162 160 106536 161 106911 161 107285 162 107660 162 108034 163 108408 164 108780 167 109154 168 109528 169 109903 169 110278 169 110652 170 111027 169 111401 170 111776 170 112151 170 112526 170 112901 170 113275 171 113650 171 114025 170 114400 170 114775 170 115149 171 115524 171 115899 171 116274 171 116649 171 117024 171 117398 172 117773 172 118148 173 118523 173 118898 173 119273 173 119648 173 120024 173 120399 173 120774 174 121149 174 121524 174 121899 175 122275 174 122650 175 123025 176 123400 176 123776 176 124151 177 124526 177 124901 178 125276 179 125651 179 126027 179 126402 180 126777 180 127152 181 127527 181 127902 182 128277 182 128653 182 129028 182 129403 182 129778 183 130153 183 130528 183 130904 182 131279 182 131654 182 132030 181 132405 181 132780 181 133156 180 133531 179 133906 179 134282 177 134657 177 135033 175 135408 175 135783 174 136159 172 136534 171 136909 170 137285 168 137660 167 138035 166 138411 164 138786 163 139161 162 139537 160 139912 159 140287 158 140662 156 141038 154 141413 153 141788 152 142163 151 142538 150 142914 148 143289 147 143664 145 144039 145 144415 142 144790 141 145165 140 145540 139 145916 136 146291 135 146666 133 147042 131 147417 130 147792 129 148167 128 148542 127 148918 125 149293 124 149668 123 150044 121 150419 120 150795 118 151170 117 151546 115 151921 114 152296 112 152671 111 153046 109 153421 106 153797 95 154172 85 154547 81 154922 78 155297 76 155672 75 156047 73 156422 72 156797 71 157172 70 157547 69 157921 69 158296 69 158672 67 159047 66 159423 64 159798 64 160174 62 160550 61 160926 59 161302 58 161678 56 162054 55 162430 54 162804 54 163179 54 163555 53 163931 51 164307 50 164682 49 165058 48 165433 48 165809 47 166184 46 166560 45 166935 45 167311 43 167687 42 168062 41 168438 40 168816 36 169191 35 169567 33 169942 33 170318 31 170695 28 171071 26 171447 24 171823 22 172198 20 172574 18 172950 15 173326 13 173702 9 174079 4
german_shorthaired_49,165 130 663 132 1161 135 1659 138 2158 139 2656 142 3155 144 3653 146 4150 150 4648 153 5145 156 5643 159 6139 165 6637 168 7134 172 7630 178 8127 182 8625 185 9122 189 9620 192 10118 195 10615 200 11113 203 11611 207 12110 209 12608 213 13036 11 13107 215 13535 15 13605 218 14034 19 14104 220 14534 22 14603 222 15034 24 15101 224 15535 26 15600 225 16035 29 16098 227 16536 31 16597 229 17037 34 17095 231 17537 39 17593 233 18039 287 18540 287 19042 285 19543 285 20045 284 20548 282 21050 281 21553 278 22056 275 22559 273 23063 269 23565 267 24068 264 24570 263 25072 261 25574 259 26076 258 26578 256 27080 255 27582 253 28083 252 28585 251 29086 250 29587 250 30087 250 30588 250 31088 250 31589 249 32089 249 32589 249 33090 248 33590 248 34090 248 34590 249 35091 248 35591 247 36091 247 36591 247 37091 247 37591 247 38091 247 38591 246 39091 246 39591 246 40092 244 40592 243 41092 242 41592 242 42093 241 42593 240 43093 240 43594 239 44095 238 44595 237 45095 237 45596 236 46097 235 46597 236 47098 235 47598 236 48099 235 48599 235 49100 235 49601 234 50101 234 50602 233 51102 233 51603 232 52103 232 52604 231 53104 231 53604 231 54105 229 54605 229 55106 228 55606 228 56106 228 56607 199 56807 26 57108 196 57309 1 57312 21 57608 196 57812 21 58109 194 58312 20 58609 193 58811 21 59110 191 59311 21 59611 189 59810 21 60112 187 60310 21 60612 185 60810 21 61113 183 61310 20 61614 181 61810 20 62115 180 62310 20 62616 178 62811 18 63117 177 63310 19 63618 175 63810 19 64119 173 64310 18 64620 172 64810 18 65121 170 65310 17 65622 168 65810 16 66123 166 66310 15 66624 165 66810 14 67125 163 67309 13 67625 163 67809 12 68126 161 68309 11 68627 160 68809 10 69128 158 69309 9 69629 157 69809 8 70129 156 70310 6 70630 155 70811 3 71131 153 71632 151 72133 149 72634 147 73135 146 73635 147 74136 147 74637 146 75137 147 75638 148 76139 152 76639 172 77140 174 77640 176 78141 178 78642 181 79142 185 79643 192 80144 195 80644 198 81145 199 81645 202 82146 202 82646 203 83147 203 83647 204 84148 203 84648 204 85149 203 85649 149 85812 40 86150 147 86319 33 86650 146 86828 24 87151 144 87335 16 87651 143 87838 12 88151 143 88341 8 88651 143 89151 143 89651 143 90151 144 90651 144 91151 144 91651 144 92151 144 92650 146 93150 147 93650 147 94150 147 94650 148 95150 148 95650 149 96150 149 96650 150 97150 150 97650 150 98151 149 98651 150 99151 150 99651 150 100151 150 100651 150 101152 149 101652 149 102152 150 102652 149 103153 148 103653 148 104153 148 104654 147 105154 147 105654 146 106154 146 106654 146 107155 145 107655 144 108155 144 108656 143 109156 143 109657 142 110157 142 110657 141 111157 141 111658 140 112158 140 112659 138 113159 139 113660 138 114160 138 114660 138 115161 138 115661 138 116162 137 116662 138 117163 137 117663 137 118164 135 118665 133 119165 131 119666 127 120167 122 120667 119 121168 116 121669 111 122170 106 122671 103 123172 100 123673 97 124174 95 124676 91 125177 89 125678 85 126179 77 126680 61 127181 56 127682 53 128183 50 128684 47 129185 45 129686 43 130187 41 130688 39 131189 37 131690 36 132190 35 132691 33 133192 31 133693 29 134194 27 134695 25 135195 23 135696 21 136197 19 136698 17 137198 15 137700 12 138201 9
Ragdoll_44,140 53 198 26 470 89 796 101 1128 103 1460 105 1792 108 2124 112 2456 117 2789 122 3121 135 3454 139 3786 148 4118 152 4425 3 4450 154 4755 10 4774 5 4782 157 5085 188 5417 191 5619 2 5749 207 6081 209 6412 212 6745 212 7077 214 7409 215 7742 215 8075 216 8408 216 8741 216 9074 216 9407 217 9740 217 10073 217 10405 218 10737 219 11070 219 11403 219 11735 219 12068 219 12400 220 12731 222 13064 222 13396 223 13728 224 14061 223 14393 224 14726 224 15058 225 15391 225 15723 226 16056 226 16388 227 16720 228 17051 230 17383 230 17715 231 18047 232 18379 233 18712 233 19044 234 19376 235 19709 234 20042 234 20374 235 20707 235 21040 235 21372 235 21705 235 22037 236 22370 236 22702 237 23035 237 23367 237 23700 237 24032 238 24365 238 24698 238 25030 239 25363 238 25696 238 26029 238 26362 238 26695 238 27027 238 27360 238 27693 238 28026 238 28358 239 28691 238 29024 238 29356 239 29689 239 30021 240 30354 240 30686 240 31019 240 31351 241 31683 242 32016 242 32348 243 32681 243 33013 243 33345 244 33678 244 34010 245 34342 246 34674 247 35006 248 35337 250 35664 256 35994 259 36325 261 36656 263 36988 264 37320 265 37652 266 37984 267 38316 268 38647 270 38979 271 39310 273 39641 274 39972 276 40303 278 40634 280 40966 281 41297 283 41630 283 41962 284 42295 284 42628 284 42961 284 43294 284 43627 284 43960 284 44292 284 44625 285 44959 284 45292 284 45625 284 45958 284 46291 284 46624 284 46958 282 47291 282 47625 281 47959 280 48292 280 48626 279 48960 10 48977 262 49293 8 49311 261 49626 7 49645 260 49960 5 49980 258 50292 6 50313 258 50625 6 50647 257 50957 7 50980 258 51290 7 51314 257 51623 7 51648 256 51956 7 51981 256 52288 8 52315 255 52621 7 52648 255 52954 7 52982 254 53287 7 53315 254 53621 5 53649 253 53954 4 53983 252 54317 251 54651 250 54984 250 55318 249 55652 248 55985 247 56319 246 56653 245 56986 245 57320 245 57653 245 57987 244 58320 244 58653 244 58986 244 59320 243 59653 243 59986 243 60319 244 60651 245 60984 245 61317 245 61649 246 61982 246 62314 247 62647 247 62979 248 63311 249 63643 251 63974 253 64306 254 64637 256 64968 258 65298 261 65628 264 65947 5 65957 268 66279 279 66611 280 66944 280 67276 282 67609 282 67941 283 68274 283 68606 284 68939 284 69271 285 69604 285 69936 286 70269 286 70601 287 70934 287 71266 288 71599 288 71932 288 72265 288 72595 1 72597 289 72928 291 73261 291 73594 291 73927 291 74260 291 74593 291 74926 291 75259 291 75592 291 75925 291 76258 291 76591 291 76924 291 77257 291 77590 291 77923 291 78256 291 78589 291 78922 291 79255 291 79588 291 79921 291 80254 291 80587 291 80920 291 81253 291 81586 291 81919 291 82252 291 82585 291 82918 291 83251 291 83584 291 83917 291 84250 291 84583 291 84916 291 85249 291 85582 291 85915 291 86248 291 86581 291 86914 291 87247 291 87580 291 87913 291 88246 291 88579 291 88912 291 89245 291 89578 291 89911 291 90244 291 90577 291 90910 291 91243 291 91576 291 91909 291 92242 291 92575 290 92908 290 93241 290 93574 290 93907 290 94240 289 94573 289 94906 289 95239 288 95572 288 95905 288 96238 287 96571 287 96904 287 97237 287 97570 286 97903 286 98236 285 98569 285 98902 285 99235 285 99568 284 99901 284 100234 284 100567 284 100900 283 101233 283 101566 283 101899 283 102232 283 102565 283 102898 283 103231 282 103564 282 103897 282 104230 282 104563 282 104896 282 105229 281 105562 281 105895 281 106228 281 106561 280 106894 280 107227 280 107560 280 107893 280 108226 280 108559 279 108892 279 109225 279 109558 279 109891 279 110224 278 110557 278 110890 278 111223 278 111556 278 111889 277 112222 277 112555 277 112888 277 113221 277 113554 277 113887 277 114220 277 114553 277 114886 277 115219 277 115552 277 115885 277 116218 277 116551 277 116884 277 117217 277 117550 277 117883 277 118216 277 118549 276 118882 276 119215 276 119548 276 119881 276 120214 276 120547 276 120880 276 121213 276 121546 276 121879 275 122212 275 122545 275 122878 275 123211 275 123544 274 123877 274 124210 274 124543 274 124876 274 125209 274 125542 273 125875 273 126208 273 126541 273 126874 273 127207 273 127540 273 127873 273 128206 273 128539 273 128872 273 129205 273 129538 273 129871 273 130204 273 130537 273 130870 273 131203 273 131536 274 131869 274 132202 274 132535 274 132868 274 133201 274 133534 274 133867 274 134200 274 134533 275 134866 275 135199 275 135532 275 135865 275 136198 275 136531 276 136864 276 137197 276 137530 276 137863 277 138196 277 138529 277 138862 277 139195 277 139528 278 139861 278 140194 278 140527 278 140860 279 141193 279 141526 279 141859 279 142192 279 142525 279 142858 280 143191 280 143524 280 143857 280 144190 281 144523 281 144856 281 145189 281 145522 281 145855 282 146188 282 146521 282 146854 282 147187 282 147520 283 147853 283 148186 283 148519 283 148852 283 149185 283 149518 283 149851 283 150184 284 150517 284 150850 284 151183 284 151516 284 151849 284 152182 285 152515 285 152848 285 153181 285 153514 285 153847 285 154180 286 154513 286 154846 286 155179 286 155512 286 155845 286 156178 286 156511 286 156844 286 157177 286 157510 286 157843 286 158176 286 158509 286 158842 286 159175 286 159508 286 159841 286 160174 286 160509 284 160842 284 161175 283 161508 283 161841 283 162175 282 162508 282 162841 281 163175 280 163508 280 163841 279 164175 278 164510 275 164845 272 165180 269 165515 267 165849 265 166184 263
havanese_102,31567 5 31967 12 32367 19 32768 24 33170 28 33571 32 33972 37 34372 42 34772 47 35172 52 35567 62 35964 70 36158 18 36361 78 36555 31 36765 79 36954 39 37169 80 37354 47 37573 81 37753 54 37977 82 38148 66 38381 83 38542 79 38785 84 38939 89 39189 84 39339 97 39593 85 39739 103 39997 86 40140 110 40401 87 40538 119 40805 88 40939 125 41209 89 41340 131 41613 90 41739 139 42017 91 42141 144 42421 93 42540 151 42825 96 42940 157 43229 99 43338 165 43633 275 44037 276 44441 277 44845 278 45249 279 45653 280 46057 280 46461 281 46865 281 47269 282 47673 282 48077 282 48481 282 48885 283 49289 283 49693 283 50097 283 50501 283 50905 283 51309 283 51713 283 52117 283 52521 283 52925 283 53329 283 53733 283 54137 284 54541 284 54945 284 55349 284 55753 285 56157 285 56561 286 56965 287 57369 287 57773 288 58177 290 58581 294 58985 302 59389 311 59793 327 60133 18 60197 367 60601 372 61005 376 61409 379 61813 382 62217 384 62621 386 63025 387 63429 388 63833 389 64237 390 64641 391 65045 391 65449 392 65853 393 66257 394 66661 395 67065 396 67469 397 67873 399 68277 400 68681 401 69085 402 69489 403 69893 30632 100530 396 100937 392 101345 387 101751 384 102157 381 102563 379 102969 377 103376 373 103781 372 104187 370 104593 368 104998 367 105404 365 105810 363 106216 361 106622 359 107029 356 107435 354 107840 353 108246 350 108651 349 109056 348 109460 348 109865 346 110269 346 110673 346 111078 344 111482 344 111887 342 112291 342 112695 342 113099 341 113503 341 113907 341 114312 340 114716 339 115120 339 115524 339 115927 340 116329 341 116732 342 117105 1 117136 342 117504 9 117539 342 117907 12 117943 342 118309 15 118346 342 118712 16 118749 342 119116 17 119152 342 119520 18 119556 342 119923 19 119959 342 120327 20 120362 343 120731 20 120765 344 121134 23 121167 347 121537 27 121569 350 121940 384 122343 386 122746 16281 139039 388 139446 383 139852 379 140257 375 140662 366 141068 358 141473 355 141878 352 142284 349 142689 345 143094 327 143425 11 143499 326 143904 325 144309 324 144715 322 145120 321 145526 319 145932 317 146337 316 146742 315 147148 313 147554 311 147959 310 148365 308 148770 307 149176 305 149582 303 149987 302 150393 300 150799 298 151205 296 151610 295 152016 293 152422 291 152828 289 153233 288 153639 286 154045 284 154451 279 154858 275 155263 273 155669 269 156075 266 156480 263 156887 259 157292 256 157698 253 158104 250 158510 247 158916 245 159323 241 159729 238 160136 234 160544 230 160951 226 161360 220 161775 209 162187 200 162597 87 162691 99 163007 74 163101 92 163415 67 163509 87 163825 25 163869 8 163916 83 164325 77 164734 71 165143 65 165551 60 165957 56 166364 51 166770 48 167176 43 167584 36
Bombay_1,4855 7 5129 10 5405 10 5684 7 5962 4 6239 2 14746 30 15018 37 15290 43 15564 45 15837 48 16110 51 16384 52 16657 54 16930 57 17202 60 17475 62 17748 64 18021 66 18294 69 18568 70 18841 72 19115 73 19388 75 19662 76 19935 78 20209 79 20482 81 20756 82 21030 83 21303 85 21577 87 21850 88 22124 89 22398 90 22672 91 22946 92 23220 92 23494 93 23768 93 24043 92 24317 92 24591 92 24865 92 25140 92 25414 92 25689 92 25963 93 26237 94 26512 94 26786 94 27011 2 27061 94 27284 7 27335 95 27559 10 27609 96 27834 13 27883 97 28110 15 28157 99 28385 25 28431 100 28661 31 28703 102 28936 144 29212 144 29487 144 29763 144 30038 146 30314 147 30589 152 30864 154 31139 155 31415 155 31690 155 31965 155 32239 118 32370 25 32514 113 32653 17 32789 110 32933 12 33064 108 33212 8 33339 106 33491 4 33613 106 33888 105 34163 105 34438 104 34712 105 34987 105 35262 105 35537 106 35811 107 36086 108 36361 110 36635 115 36909 120 37183 126 37457 131 37731 137 38005 145 38279 152 38553 158 38827 161 39101 163 39375 165 39650 166 39926 165 40202 164 40481 137 40636 4 40768 114 41047 94 41325 85 41603 78 41905 46 42184 37 42461 30 42739 21 43018 9
British_Shorthair_118,257 237 755 243 1255 245 1754 247 2253 248 2752 249 3252 249 3752 249 4251 250 4751 250 5251 250 5751 250 6250 251 6750 251 7249 252 7749 252 8249 252 8748 253 9248 253 9747 254 10246 255 10746 255 11245 256 11744 257 12243 258 12742 259 13241 260 13740 261 14239 262 14738 263 15237 264 15737 264 16236 265 16735 266 17234 267 17733 268 18232 269 18731 270 19230 271 19729 272 20228 273 20726 275 21224 277 21723 278 22222 279 22720 281 23219 282 23717 284 24216 285 24714 287 25212 289 25711 290 26209 292 26707 294 27205 296 27703 298 28201 300 28700 301 29197 304 29695 306 30193 308 30691 310 31188 313 31685 316 32183 318 32680 321 33177 324 33674 327 34173 328 34671 330 35169 332 35668 333 36166 335 36665 336 37164 337 37663 338 38161 340 38660 341 39158 343 39657 344 40155 346 40600 13 40654 347 41093 34 41151 350 41588 413 42084 417 42581 420 43078 423 43575 426 44073 428 44572 429 45071 430 45569 432 46068 433 46568 433 47067 434 47567 434 48066 435 48566 435 49066 435 49566 435 50066 435 50565 436 51066 435 51566 435 52066 435 52566 435 53067 434 53567 434 54068 433 54568 433 55069 432 55570 431 56071 430 56572 429 57073 428 57575 426 58076 425 58577 424 59079 422 59581 420 60082 419 60584 417 61086 415 61588 413 62090 411 62592 409 63094 407 63595 406 64097 404 64599 402 65101 400 65602 399 66104 397 66605 393 67107 389 67608 385 68109 382 68611 379 69112 376 69613 373 70115 370 70616 367 71117 364 71618 362 72119 360 72619 358 73120 356 73620 355 74121 353 74621 352 75121 351 75621 350 76122 348 76622 347 77122 346 77622 345 78122 344 78622 343 79122 342 79622 341 80122 340 80623 338 81123 337 81623 336 82123 335 82624 333 83124 331 83624 330 84125 328 84625 327 85125 325 85626 323 86126 322 86626 320 87127 318 87627 317 88127 315 88628 312 89128 311 89628 309 90128 307 90629 304 91129 301 91629 299 92129 295 92629 290 93130 283 93630 276 94130 270 94630 265 95131 260 95631 256 96131 251 96631 245 97131 241 97632 236 98132 233 98632 230 99132 228 99632 226 100132 224 100632 221 101132 219 101632 218 102132 216 102632 214 103132 212 103633 209 104133 207 104633 205 105133 203 105633 201 106133 198 106633 196 107133 193 107633 191 108133 188 108633 186 109133 184 109633 181 110133 179 110633 177 111132 175 111632 173 112132 171 112632 169 113132 168 113631 167 114131 165 114630 165 115130 163 115629 163 116129 161 116628 160 117128 159 117627 159 118126 159 118626 157 119125 157 119624 157 120124 156 120623 156 121122 156 121621 156 122121 155 122620 156 123120 155 123619 155 124118 155 124618 154 125117 154 125616 154 126116 153 126615 153 127114 153 127613 152 128113 53 128184 80 128612 50 128689 73 129111 47 129193 67 129611 44 129696 62 130110 42 130199 56 130610 40 130701 51 131109 39 131205 44 131609 37 131709 35 132108 36 132221 13 132608 34 133108 32 133608 30 134108 28 134608 25 135108 23 135608 20 136109 16 136610 11 137112 5
japanese_chin_11,303 198 803 198 1303 198 1803 198 2302 199 2802 199 3301 200 3801 200 4300 201 4800 201 5299 202 5798 203 6297 204 6796 205 7295 206 7794 207 8292 209 8790 211 9288 213 9786 215 10282 219 10778 223 11275 226 11773 228 12271 230 12768 233 13264 237 13761 240 14257 244 14754 247 15250 251 15746 255 16243 258 16740 261 17238 263 17735 266 18233 268 18731 270 19229 272 19727 274 20225 276 20723 278 21221 280 21720 281 22219 282 22717 284 23216 285 23715 286 24214 287 24712 289 25211 290 25710 291 26209 292 26708 293 27207 294 27706 295 28205 296 28704 297 29203 298 29702 299 30201 300 30700 301 31199 302 31698 303 32197 304 32696 305 33195 306 33694 307 34193 308 34692 309 35191 310 35690 311 36189 312 36688 313 37187 314 37687 314 38186 315 38685 316 39184 317 39683 318 40183 318 40682 319 41181 320 41681 320 42180 321 42679 322 43179 322 43678 323 44178 323 44677 324 45177 324 45676 325 46176 325 46675 326 47175 326 47674 327 48173 328 48673 328 49172 329 49672 329 50171 330 50671 330 51170 331 51670 331 52169 332 52669 332 53168 333 53668 333 54167 334 54667 334 55167 334 55666 335 56166 335 56665 336 57165 336 57665 336 58164 337 58664 337 59164 337 59663 338 60163 338 60663 338 61162 339 61662 339 62162 339 62661 340 63161 340 63660 341 64160 341 64660 341 65159 342 65659 342 66159 342 66659 342 67158 343 67658 343 68157 344 68657 344 69157 344 69657 344 70157 344 70657 344 71156 345 71656 345 72156 343 72656 343 73156 342 73656 342 74156 341 74656 341 75156 341 75656 340 76156 340 76656 340 77155 341 77656 339 78156 338 78656 337 79156 336 79656 334 80156 333 80657 330 81157 329 81657 327 82158 323 82659 319 83159 316 83660 310 84161 296 84662 288 85162 284 85663 281 86164 278 86664 277 87164 275 87665 273 88165 272 88665 272 89166 270 89666 269 90166 269 90666 268 91167 267 91667 266 92167 266 92667 265 93168 263 93668 263 94169 261 94669 261 95169 260 95670 258 96170 258 96671 256 97171 256 97672 255 98173 253 98673 252 99174 251 99675 250 100176 248 100676 248 101177 246 101678 245 102179 214 102403 19 102680 209 102905 18 103180 207 103406 17 103681 203 103906 17 104182 200 104407 16 104683 197 104907 16 105184 193 105408 16 105685 190 105908 16 106186 188 106408 16 106687 185 106908 16 107188 182 107409 15 107690 178 107909 15 108191 175 108409 15 108693 171 108909 15 109194 167 109409 15 109695 164 109910 14 110197 159 110410 14 110698 154 110910 13 111199 150 111410 13 111700 145 111910 13 112202 140 112411 12 112703 136 112911 11 113204 132 113411 11 113706 126 113911 11 114207 120 114411 11 114708 82 114911 11 115209 73 115411 11 115710 65 115912 10 116212 57 116412 10 116713 52 116912 10 117215 47 117413 8 117716 44 117913 8 118217 42 118414 6 118719 38 118915 3 119220 35 119722 31 120224 27 120726 22 121230 14 129414 2 129911 7 130410 9 130909 10 131408 11 131907 12 132406 13 132906 13 133405 14 133904 15 134403 16 134903 16 135402 16 135902 16 136401 17 136901 16 137401 15 137901 14 138401 14 138901 12 139402 10 139902 9 140403 7 140903 6 141403 5 141903 5 142403 5 142903 4 143403 4 143904 3
leonberger_179,139 361 639 362 1139 362 1639 362 2139 362 2638 363 3137 364 3636 365 4136 365 4635 366 5135 366 5634 367 6133 368 6633 368 7132 369 7631 370 8130 371 8629 372 9128 373 9627 374 10125 376 10624 377 11122 379 11620 381 12119 382 12617 384 13116 385 13614 387 14113 388 14611 390 15109 392 15608 393 16108 393 16607 394 17106 395 17605 396 18104 397 18604 397 19103 398 19602 399 20102 399 20601 400 21100 401 21600 401 22099 402 22599 402 23098 403 23597 404 24096 405 24595 406 25094 407 25594 407 26093 408 26592 409 27091 410 27591 410 28090 411 28589 412 29088 413 29588 413 30087 414 30587 414 31086 415 31586 415 32085 416 32585 416 33084 417 33584 417 34083 418 34582 419 35081 420 35581 420 36080 421 36579 422 37079 422 37578 423 38077 424 38576 425 39075 426 39575 426 40074 427 40573 428 41072 429 41571 430 42070 431 42569 432 43068 433 43567 434 44066 435 44566 435 45065 436 45564 437 46063 438 46563 438 47062 439 47561 440 48060 441 48559 442 49058 443 49557 444 50056 445 50555 446 51054 447 51553 448 52053 448 52552 449 53051 450 53550 451 54050 451 54549 452 55048 453 55548 453 56048 453 56547 454 57047 454 57547 454 58046 455 58546 455 59046 455 59546 455 60045 456 60545 456 61045 456 61545 456 62045 456 62545 456 63044 457 63544 457 64044 457 64544 457 65044 457 65544 457 66044 457 66544 457 67044 457 67544 457 68044 457 68544 457 69044 457 69544 457 70044 457 70544 457 71044 457 71544 457 72044 457 72545 456 73045 456 73545 456 74045 456 74545 456 75044 457 75544 457 76044 457 76544 457 77044 457 77543 458 78043 458 78543 458 79042 459 79542 459 80042 459 80541 460 81041 460 81541 460 82041 460 82540 461 83040 461 83540 461 84040 461 84540 461 85040 461 85539 462 86039 462 86539 462 87039 462 87539 462 88039 462 88539 462 89039 462 89539 462 90039 462 90539 462 91039 462 91539 462 92039 462 92539 462 93039 462 93539 462 94039 462 94540 461 95040 461 95540 461 96040 461 96540 461 97040 461 97540 461 98041 460 98541 460 99041 460 99541 460 100041 460 100541 460 101041 460 101541 460 102041 460 102541 460 103041 460 103541 460 104041 460 104540 461 105040 461 105540 461 106040 461 106540 461 107040 461 107540 461 108040 461 108540 461 109040 461 109540 461 110039 462 110539 462 111039 462 111539 462 112039 462 112539 462 113039 462 113539 462 114039 462 114539 462 115039 462 115539 462 116039 462 116539 462 117039 462 117539 462 118039 462 118539 462 119039 462 119539 462 120039 462 120540 461 121040 461 121540 461 122040 461 122540 461 123040 461 123540 461 124040 461 124540 461 125040 461 125540 461 126040 461 126540 461 127040 461 127540 461 128041 460 128541 460 129041 460 129541 460 130041 460 130541 460 131042 459 131542 459 132042 459 132542 459 133042 459 133543 458 134043 458 134543 458 135043 458 135543 458 136044 457 136544 457 137044 457 137544 457 138044 457 138544 457 139045 456 139545 456 140045 456 140545 456 141045 456 141545 456 142045 456 142545 456 143045 456 143545 456 144045 456 144545 456 145045 456 145545 456 146045 456 146545 456 147045 456 147545 456 148045 456 148545 456 149045 456 149545 456 150045 456 150545 456 151045 456 151545 456 152045 456 152545 456 153045 456 153545 456 154045 456 154545 456 155045 456 155545 456 156045 456 156545 456 157045 456 157545 456 158045 456 158545 456 159045 456 159545 456 160046 455 160546 455 161046 455 161546 455 162046 455 162546 455 163046 455 163547 454 164047 454 164547 454 165047 454 165547 454 166048 453 166548 453 167048 453 167548 453 168048 453 168549 452 169049 452 169550 451 170050 451 170550 451 171051 450 171551 450 172052 449 172553 448 173053 448 173554 447 174055 446 174555 446 175056 445 175557 444 176058 443 176559 442 177060 441 177561 440 178062 439 178563 438 179064 437 179565 434 180066 431 180567 429 181069 425 181570 423 182071 420 182572 418 183073 415 183575 410 184077 404 184579 399 185080 395 185582 390 186084 385 186587 380 187090 375 187593 371 188096 366 188598 363 189100 359 189601 357 190102 354 190603 351 191104 308 191428 23 191605 297 191939 7 192105 293 192606 289 193106 287 193607 284 194107 282 194607 280 195108 156 195275 110 195608 153 195778 105 196108 152 196281 74 196364 14 196609 149 196784 65 197109 148 197286 58 197609 146 197789 52 198110 143 198292 46 198610 141 198795 40 199110 140 199297 35 199611 137 199799 31 200111 136 200301 26 200611 135 200804 18 201112 133 201309 5 201612 132 202112 131 202612 130 203113 128 203614 126 204114 125 204615 123 205116 121 205617 119 206118 117 206619 115 207120 113 207622 110 208123 109 208624 107 209126 104 209627 102 210128 99 210629 97 211130 95 211632 92 212133 89 212636 85 213138 81 213641 77 214144 73 214646 69 215150 63 215655 21 215680 31 216163 5 216170 1 216185 24 216688 18 217197 4
english_cocker_spaniel_58,32935 5 33265 10 33595 15 33925 20 34253 27 34582 38 34913 43 35245 46 35576 49 35908 52 36240 56 36572 59 36904 60 37236 61 37568 62 37901 62 38233 63 38565 64 38897 65 39229 66 39561 67 39893 68 40225 69 40557 70 40888 72 41220 73 41552 74 41883 76 42215 77 42546 79 42878 80 43209 82 43541 83 43873 84 44205 85 44536 87 44868 88 45200 89 45531 91 45863 92 46194 94 46525 96 46857 97 47188 99 47519 101 47850 103 48181 105 48512 107 48843 109 49174 111 49506 112 49837 114 50169 115 50501 116 50832 118 51164 119 51496 120 51827 122 52158 124 52489 126 52821 127 53150 131 53481 133 53810 137 54139 141 54469 144 54799 147 55130 149 55459 153 55789 156 56121 157 56451 160 56781 163 57113 164 57444 166 57775 168 58107 169 58439 170 58771 171 59102 173 59434 174 59766 175 60097 177 60429 178 60761 179 61093 180 61425 132 61563 43 61757 132 61898 41 62089 133 62232 40 62421 133 62566 39 62753 134 62900 38 63085 134 63234 37 63416 136 63567 37 63748 136 63901 36 64080 137 64235 35 64412 138 64568 35 64743 140 64902 34 65075 141 65236 33 65407 142 65569 33 65738 144 65903 32 66070 145 66235 33 66402 146 66568 33 66734 147 66901 33 67066 148 67234 33 67398 149 67567 33 67730 150 67900 33 68062 151 68232 34 68394 152 68565 34 68726 153 68897 35 69058 155 69230 35 69390 156 69562 36 69722 158 69895 36 70054 159 70227 37 70385 161 70560 37 70717 163 70892 38 71049 164 71224 39 71379 168 71557 39 71710 171 71889 40 72042 174 72221 41 72373 222 72704 224 73036 225 73366 228 73698 229 74028 232 74358 235 74689 237 75018 241 75347 245 75676 249 76005 253 76336 255 76666 258 76998 259 77329 261 77661 262 77993 263 78325 264 78656 266 78988 267 79321 267 79653 268 79985 269 80317 270 80650 270 80982 271 81314 272 81647 272 81979 273 82311 274 82644 274 82976 275 83308 276 83641 276 83973 277 84306 277 84639 277 84971 278 85304 278 85637 278 85969 279 86302 279 86635 279 86968 279 87301 279 87634 279 87966 280 88299 280 88632 280 88965 280 89298 280 89632 279 89965 279 90298 279 90631 279 90964 279 91298 278 91631 278 91964 278 92297 278 92631 277 92964 277 93298 276 93631 276 93964 276 94298 275 94631 275 94965 274 95298 274 95631 274 95965 273 96298 273 96632 272 96965 272 97298 272 97632 271 97965 271 98299 270 98632 270 98965 270 99299 269 99633 268 99966 268 100300 267 100634 266 100968 265 101302 264 101637 262 101971 261 102305 260 102640 258 102974 257 103309 255 103645 252 103981 247 104317 240 104654 233 104990 227 105326 178 105512 35 105662 172 105868 6 105997 168 106334 162 106672 156 107010 150 107352 140 107695 129 108032 124 108368 120 108703 117 109039 113 109374 110 109709 107 110044 104 110380 100 110715 97 111050 95 111386 91 111721 88 112058 83 112406 67 112755 50 113094 42 113430 38 113766 33 114105 25 114449 10
Abyssinian_170,450721 17 451915 33 453112 44 454311 50 455509 58 456707 77 457904 105 459102 132 460301 138 461499 145 462697 154 463895 163 465093 169 466292 172 467491 175 468688 181 469879 193 471074 199 472269 205 473463 212 474660 216 475857 219 477056 221 478253 225 479449 229 480645 233 481842 236 483038 240 484233 245 485428 250 486624 254 487821 257 489019 259 490217 261 491413 264 492610 267 493808 268 495007 268 496205 270 497402 272 498599 273 499797 274 500996 274 502194 274 503390 276 504588 268 505786 263 506985 258 508183 258 509379 260 510577 260 511775 259 512974 258 514172 257 515369 258 516567 258 517765 259 518963 260 520161 262 521359 263 522556 266 523755 267 524953 269 526151 271 527348 274 528545 277 529743 280 530941 282 532138 285 533335 289 534531 293 535729 296 536927 298 538125 301 539322 304 540519 308 541716 311 542915 313 544113 315 545311 318 546508 321 547706 324 548905 325 550104 327 551302 330 552499 333 553697 336 554896 338 556095 340 557293 343 558492 344 559690 346 560889 348 562088 350 563287 352 564485 354 565684 356 566883 357 568082 359 569280 362 570479 364 571678 365 572877 367 574076 369 575274 371 576473 373 577672 375 578871 376 580070 378 581269 380 582468 382 583667 383 584866 385 586065 386 587264 388 588462 390 589661 392 590860 394 592059 395 593258 397 594457 399 595656 401 596855 403 598054 404 599253 406 600452 408 601651 410 602850 412 604049 414 605248 416 606447 419 607646 421 608845 422 610044 424 611243 426 612442 429 613641 431 614840 433 616039 436 617239 437 618438 440 619637 442 620836 445 622035 447 623235 448 624434 451 625633 453 626832 456 628031 459 629231 461 630430 463 631629 466 632828 468 634028 469 635227 472 636426 474 637626 475 638825 478 640024 480 641224 481 642423 484 643622 486 644822 487 646021 489 647221 491 648420 493 649619 495 650819 496 652018 498 653217 500 654417 501 655616 503 656816 504 658015 506 659215 508 660414 511 661613 513 662813 514 664012 516 665212 518 666411 520 667611 522 668810 524 670010 525 671209 528 672409 531 673608 534 674807 536 676007 537 677206 540 678406 543 679605 546 680805 548 682005 550 683204 553 684404 555 685603 560 686803 563 688002 565 689202 567 690401 571 691601 575 692800 578 694000 579 695199 582 696399 585 697598 588 698798 590 699997 593 701197 594 702396 597 703596 599 704795 602 705995 603 707195 605 708394 607 709594 609 710793 612 711993 613 713192 615 714392 616 715592 618 716792 619 717991 621 719191 622 720391 623 721590 625 722790 626 723990 627 725189 629 726389 630 727589 630 728788 632 729988 633 731188 634 732388 634 733587 636 734787 637 735987 637 737187 638 738387 639 739587 640 740787 640 741987 641 743186 643 744386 643 745586 644 746786 645 747986 645 749186 646 750386 646 751586 647 752786 647 753986 647 755186 648 756386 648 757586 648 758786 649 759986 649 761186 649 762386 649 763586 650 764786 650 765986 650 767186 650 768386 650 769586 651 770786 404 771218 219 771986 400 772423 213 773186 397 773628 208 774386 393 774832 204 775586 390 776036 32 776086 150 776786 388 777239 23 777290 146 777987 385 778445 11 778493 142 779187 383 779699 136 780387 381 780905 129 781587 379 782111 123 782787 377 783314 120 783987 376 784518 115 785187 375 785722 110 786387 373 786928 103 787587 372 788134 97 788787 371 789337 93 789987 370 790539 90 791187 369 791744 83 792387 368 792951 75 793588 365 794160 64 794788 364 795366 57 795988 364 796573 48 797188 363 797780 39 798388 362 798993 20 799588 361 800788 360 801989 358 803189 358 804389 357 805589 356 806790 354 807990 354 809190 353 810390 353 811590 352 812790 351 813991 349 815191 349 816391 348 817591 347 818791 347 819991 346 821191 346 822391 345 823591 345 824791 345 825991 344 827191 344 828392 342 829592 342 830792 341 831992 341 833192 341 834393 340 835593 340 836793 339 837993 339 839194 338 840394 338 841594 338 842794 338 843994 338 845195 337 846395 337 847595 337 848795 337 849995 337 851195 337 852396 336 853596 336 854796 336 855997 335 857197 335 858397 335 859597 335 860798 335 861998 335 863198 335 864398 335 865598 336 866798 336 867998 337 869199 336 870399 337 871599 337 872799 338 873999 338 875199 339 876399 339 877600 339 878800 340 880000 340 881200 341 882401 340 883601 341 884801 342 886001 343 887201 343 888401 344 889602 344 890802 346 892002 347 893202 348 894402 349 895602 350 896802 352 898002 353 899202 354 900402 355 901602 357 902802 359 904002 362 905202 365 906402 367 907602 369 908802 372 910002 374 911202 376 912402 379 913602 382 914802 384 916002 386 917202 389 918402 391 919602 393 920802 396 922002 397 923201 400 924401 402 925601 404 926801 405 928000 407 929200 408 930400 410 931599 412 932799 413 933999 414 935199 415 936399 416 937599 417 938798 419 939998 420 941198 421 942398 422 943598 423 944797 425 945997 425 947196 427 948396 428 949595 430 950795 430 951995 431 953195 431 954394 433 955594 434 956794 434 957993 436 959193 436 960392 438 961592 438 962791 439 963991 440 965191 440 966390 442 967590 442 968790 443 969989 444 971188 446 972388 446 973587 447 974787 336 975137 98 975987 329 976347 88 977186 324 977567 68 978385 318 978784 52 979585 314 979987 49 980784 312 981189 47 981984 310 982392 45 983183 309 983595 42 984383 306 984798 39 985583 304 986000 37 986782 304 987200 38 987981 303 988402 36 989181 302 989604 34 990380 302 990805 33 991580 301 992006 32 992779 300 993207 31 993979 299 994409 29 995179 298 995610 28 996378 298 996811 27 997577 298 998012 26 998777 297 999213 25 999976 298 1000415 23 1001176 297 1001616 21 1002376 296 1002817 20 1003576 295 1004019 17 1004775 295 1005220 16 1005975 295 1006423 11 1007174 295 1007627 3 1008373 295 1009573 294 1010773 293 1011972 294 1013172 294 1014372 293 1015571 293 1016771 292 1017970 293 1019170 292 1020369 293 1021569 292 1022769 292 1023969 291 1025168 291 1026368 291 1027568 290 1028767 290 1029967 290 1031166 290 1032366 290 1033565 290 1034765 289 1035964 290 1037164 289 1038363 290 1039563 289 1040762 289 1041962 289 1043161 290 1044361 289 1045560 290 1046760 289 1047959 290 1049158 290 1050358 289 1051557 290 1052757 289 1053956 290 1055155 290 1056354 291 1057552 292 1058751 292 1059951 292 1061150 292 1062348 294 1063547 294 1064746 294 1065945 294 1067144 295 1068342 296 1069541 297 1070740 297 1071939 297 1073137 298 1074335 300 1075533 301 1076732 301 1077930 303 1079128 304 1080325 306 1081524 307 1082722 308 1083921 309 1085119 310 1086316 312 1087515 312 1088713 314 1089911 315 1091108 317 1092305 320 1093502 322 1094701 322 1095899 324 1097096 326 1098291 330 1099488 332 1100686 334 1101884 335 1103081 338 1104271 347 1105468 349 1106666 350 1107865 351 1109062 353 1110259 355 1111457 356 1112656 357 1113855 357 1115054 357 1116253 357 1117452 357 1118651 358 1119851 357 1121050 357 1122250 356 1123449 356 1124649 355 1125849 355 1127049 353 1128249 352 1129449 351 1130649 350 1131849 349 1133050 347 1134251 345 1135451 343 1136652 342 1137852 341 1139053 338 1140254 335 1141455 332 1142656 330 1143857 328 1145058 326 1146259 322 1147460 319 1148660 318 1149861 315 1151062 312 1152264 307 1153465 303 1154666 301 1155866 300 1157067 295 1158268 289 1159469 284 1160670 280 1161870 277 1163071 272 1164272 264 1165472 258 1166673 254 1167874 250 1169074 246 1170275 239 1171475 236 1172675 235 1173876 232 1175076 229 1176277 224 1177478 221 1178678 220 1179878 218 1181078 216 1182278 214 1183479 211 1184679 209 1185879 208 1187079 206 1188280 203 1189480 201 1190680 200 1191880 199 1193081 197 1194281 195 1195481 194 1196681 193 1197881 192 1199082 189 1200282 187 1201482 186 1202682 185 1203882 184 1205082 183 1206282 181 1207482 180 1208682 179 1209882 178 1211082 177 1212282 176 1213482 175 1214682 174 1215882 173 1217082 172 1218282 171 1219482 170 1220682 170 1221882 169 1223082 168 1224282 167 1225482 166 1226682 165 1227882 165 1229081 165 1230281 164 1231481 163 1232681 163 1233881 162 1235080 163 1236280 162 1237479 162 1238679 161 1239879 161 1241079 161 1242279 160 1243479 159 1244678 160 1245878 159 1247078 159 1248278 158 1249477 159 1250677 158 1251876 159 1253076 158 1254275 159 1255475 158 1256675 157 1257875 157 1259074 157 1260274 157 1261473 157 1262673 156 1263872 156 1265072 156 1266271 156 1267471 155 1268671 154 1269870 154 1271070 153 1272269 153 1273468 153 1274668 152 1275868 151 1277067 151 1278267 149 1279467 148 1280667 146 1281867 144 1283066 144 1284266 142 1285466 140 1286666 138 1287866 137 1289067 134 1290267 31 1290323 76 1291467 22 1291533 63 1292668 18 1292738 56 1293869 15 1293944 46 1295071 9 1295158 29 1296365 15
Birman_94,57624 10 57952 19 58281 27 58611 33 58943 36 59276 38 59608 40 59940 43 60273 44 60606 46 60939 47 61272 48 61605 49 61939 49 62272 50 62606 50 62939 51 63273 51 63606 52 63940 52 64274 52 64607 53 64940 54 65274 54 65607 55 65941 55 66274 56 66608 56 66941 57 67274 58 67608 58 67941 58 68274 59 68608 59 68941 60 69275 60 69608 61 69942 61 70275 61 70609 61 70942 62 71276 62 71610 61 71943 62 72277 62 72610 63 72944 63 73277 64 73611 64 73944 65 74278 65 74611 66 74945 66 75279 66 75612 67 75946 67 76279 69 76613 69 76946 70 77280 70 77614 71 77947 72 78281 72 78614 73 78948 74 79281 75 79615 75 79948 76 80282 76 80615 77 80949 77 81282 78 81616 78 81949 79 82283 79 82616 80 82950 80 83283 81 83617 81 83950 82 84284 82 84618 82 84951 83 85285 83 85618 84 85952 84 86286 84 86619 84 86953 84 87287 84 87620 85 87954 85 88288 85 88621 86 88955 86 89288 87 89622 87 89956 87 90289 88 90623 88 90956 89 91289 90 91622 91 91956 91 92289 92 92622 93 92953 96 93286 96 93617 99 93947 103 94279 105 94609 109 94940 112 95273 113 95605 115 95937 117 96270 118 96565 6 96601 121 96898 14 96929 127 97232 158 97567 157 97902 156 98237 155 98572 154 98907 153 99242 152 99577 101 99680 48 99912 99 100015 47 100247 98 100350 46 100582 97 100684 46 100916 97 101019 45 101251 96 101353 45 101586 95 101688 44 101920 95 102022 44 102255 94 102356 44 102589 94 102691 43 102924 93 103025 43 103258 93 103359 43 103592 93 103693 43 103927 92 104028 42 104261 92 104362 42 104595 92 104696 42 104929 92 105030 41 105264 91 105364 41 105598 91 105699 40 105932 91 106033 40 106266 91 106367 40 106601 90 106701 40 106935 90 107035 40 107269 90 107370 39 107603 90 107704 39 107938 89 108038 39 108272 89 108372 39 108606 89 108706 39 108940 89 109040 39 109274 89 109374 39 109608 89 109708 39 109943 88 110042 38 110277 88 110376 38 110611 87 110710 38 110945 87 111044 38 111279 87 111378 38 111614 86 111711 39 111948 86 112045 39 112282 86 112379 39 112616 86 112713 40 112950 85 113047 41 113284 85 113381 41 113618 85 113714 43 113952 85 114048 43 114287 83 114382 44 114621 83 114715 46 114955 83 115049 48 115289 83 115383 50 115623 83 115716 65 115957 83 116050 72 116291 83 116383 76 116469 5 116625 83 116716 94 116959 83 117050 97 117293 84 117382 106 117628 83 117715 110 117962 84 118048 113 118296 200 118630 202 118964 203 119298 204 119631 205 119965 205 120299 205 120633 205 120967 203 121300 198 121634 75 121723 103 121967 71 122062 93 122301 68 122400 86 122634 65 122739 72 122968 63 123077 62 123301 59 123417 45 123635 53 123755 22 123968 29 124009 7 124092 13 124302 21 124635 15 124969 12 125303 8 125638 3
saint_bernard_62,55014 3 55385 9 55758 12 56131 15 56504 18 56877 20 57251 22 57624 24 57997 26 58370 29 58744 30 59117 33 59438 7 59491 34 59811 10 59865 35 60185 12 60239 37 60559 14 60612 39 60934 14 60986 41 61308 15 61360 42 61682 16 61733 44 62057 16 62106 47 62431 17 62478 50 62805 18 62850 53 63179 19 63222 57 63553 20 63595 59 63927 22 63968 61 64301 23 64341 63 64674 25 64714 66 65048 26 65088 67 65421 28 65462 68 65794 31 65836 69 66167 33 66210 70 66540 36 66584 72 66913 38 66959 72 67286 41 67333 73 67659 45 67705 76 68033 124 68407 125 68781 126 69155 127 69530 128 69904 129 70279 130 70653 131 71028 132 71403 132 71778 133 72153 133 72527 135 72873 7 72902 135 73247 9 73277 136 73620 11 73652 136 73993 14 74027 137 74367 15 74402 138 74740 17 74777 138 75114 18 75152 139 75488 19 75527 140 75862 21 75902 141 76236 22 76277 142 76610 23 76653 142 76984 24 77028 143 77358 26 77403 143 77732 27 77778 144 78106 28 78153 145 78481 28 78528 146 78855 29 78903 146 79229 30 79278 147 79604 30 79652 149 79978 31 80027 149 80353 31 80402 150 80728 32 80777 151 81102 33 81151 152 81477 33 81526 153 81852 33 81900 155 82227 34 82275 155 82602 34 82649 157 82977 34 83023 159 83352 35 83397 160 83727 36 83771 162 84102 38 84143 166 84477 208 84852 210 85227 211 85602 213 85977 215 86352 217 86726 222 87101 228 87475 237 87850 245 88225 250 88599 254 88974 256 89348 258 89722 260 90097 261 90471 263 90845 265 91219 267 91593 268 91967 270 92341 272 92714 274 93088 275 93462 277 93836 278 94210 280 94584 281 94958 282 95332 283 95706 284 96081 284 96456 284 96831 285 97205 285 97580 285 97955 285 98330 285 98705 286 99080 286 99455 285 99830 285 100206 284 100581 284 100956 285 101331 285 101706 284 102081 284 102456 284 102831 284 103206 284 103580 285 103955 285 104330 286 104705 287 105080 287 105455 287 105830 287 106205 287 106580 287 106955 287 107330 288 107705 288 108080 289 108455 290 108830 290 109205 289 109580 289 109955 289 110330 289 110705 290 111080 290 111455 290 111830 290 112205 289 112581 287 112956 287 113331 288 113706 289 114081 290 114456 291 114831 291 115206 291 115581 291 115956 290 116331 290 116706 289 117081 288 117456 286 117831 245 118099 16 118206 239 118479 8 118582 232 118957 228 119332 225 119707 221 120083 217 120458 215 120833 211 121209 207 121584 205 121960 201 122335 199 122711 196 123087 192 123463 189 123839 184 124216 167 124593 161 124970 155 125354 143 125736 134 126114 129 126492 124 126870 119 127248 61 127319 42 127624 57 127696 35 128000 54 128072 29 128376 51 128449 23 128752 48 128826 19 129128 45 129205 12 129504 42 129880 40 130256 37 130632 34 131008 31 131384 27 131760 25 132136 21 132512 17 132888 14 133266 7
american_bulldog_90,7339 12 7836 17 8334 21 8832 24 9330 28 9829 30 10327 33 10826 34 11325 35 11824 37 12323 38 12822 39 13321 41 13613 4 13820 42 14109 14 14319 44 14608 19 14818 45 15106 24 15317 47 15605 28 15816 48 16104 33 16315 49 16603 37 16814 50 17102 40 17314 49 17416 6 17601 42 17813 50 17912 14 18100 44 18312 51 18409 19 18599 46 18811 51 18906 23 19098 47 19311 51 19404 27 19597 48 19811 50 19903 30 20096 48 20311 50 20401 33 20595 48 20811 49 20900 35 21094 47 21312 47 21398 38 21593 47 21812 47 21896 41 22091 47 22313 45 22395 42 22590 46 22814 32 22851 5 22893 45 23089 44 23317 25 23392 46 23588 43 23818 20 23890 49 24086 42 24319 16 24389 51 24585 40 24817 19 24888 53 25084 39 25316 20 25386 56 25583 37 25815 22 25885 57 26082 36 26313 25 26383 60 26581 34 26811 28 26882 61 27081 32 27277 11 27308 32 27380 64 27580 31 27766 29 27802 39 27878 66 28079 30 28259 82 28375 69 28578 30 28743 99 28873 72 29077 29 29234 108 29370 75 29576 29 29715 128 29867 78 30075 27 30208 136 30365 80 30574 27 30704 140 30864 81 31073 26 31202 143 31364 81 31572 25 31699 146 31863 82 32071 24 32197 149 32363 82 32570 23 32695 151 32861 84 33069 22 33193 153 33359 85 33568 22 33692 154 33858 86 34067 21 34191 155 34358 86 34566 20 34690 156 34858 86 35064 21 35188 158 35357 87 35563 20 35687 159 35857 86 36062 20 36186 161 36356 87 36561 20 36685 162 36855 88 37060 19 37183 164 37354 89 37558 20 37682 165 37851 91 38057 20 38181 166 38350 92 38556 20 38680 167 38850 91 39055 20 39179 167 39351 90 39555 19 39678 167 39851 89 40054 19 40177 167 40352 88 40553 19 40676 167 40853 86 41053 18 41176 166 41355 84 41552 18 41676 166 41855 83 42052 17 42175 166 42356 81 42552 17 42675 165 42856 80 43052 16 43174 165 43356 79 43551 16 43674 165 43856 77 44051 15 44173 165 44357 74 44551 15 44672 165 44857 68 45051 14 45172 164 45357 51 45551 13 45671 163 45857 46 46051 13 46171 162 46357 43 46551 13 46670 163 46857 38 47050 13 47169 163 47357 34 47550 12 47669 162 47858 28 48050 12 48105 3 48168 163 48359 20 48550 12 48604 4 48666 164 48860 12 49050 11 49103 6 49165 164 49550 11 49602 7 49664 165 50050 11 50102 7 50162 167 50549 12 50602 8 50660 168 51049 11 51101 10 51157 171 51549 11 51601 13 51649 179 52049 11 52100 19 52128 200 52549 11 52599 228 53049 11 53098 229 53549 11 53597 230 54049 11 54097 229 54549 11 54596 230 55049 11 55095 230 55549 11 55594 230 56049 12 56093 228 56549 12 56592 227 57049 12 57091 226 57549 12 57590 212 57804 11 58050 12 58089 212 58550 12 58588 213 59050 13 59087 213 59550 14 59586 214 60050 14 60085 215 60551 14 60584 216 61051 15 61082 218 61551 16 61581 219 62052 19 62079 220 62553 246 63053 246 63554 245 64054 245 64555 243 65055 243 65556 242 66056 241 66557 240 67057 240 67557 240 68057 240 68557 240 69057 239 69557 239 70056 240 70556 240 71056 240 71556 240 72055 241 72555 241 73054 242 73554 242 74054 242 74554 243 75053 244 75553 244 76053 245 76553 245 77052 246 77552 246 78052 246 78552 246 79052 247 79552 247 80051 248 80551 248 81051 249 81551 249 82051 249 82551 250 83051 250 83551 250 84050 251 84550 252 85050 252 85550 253 86049 254 86549 254 87049 254 87549 255 88049 255 88548 256 89048 256 89548 256 90048 257 90548 257 91048 257 91547 258 92047 258 92547 258 93047 257 93547 257 94046 258 94546 258 95046 258 95546 258 96046 258 96546 258 97046 259 97546 259 98046 259 98546 259 99046 259 99546 259 100047 257 100547 257 101048 256 101548 256 102048 256 102549 255 103049 255 103549 255 104050 253 104550 253 105050 253 105551 252 106051 252 106551 251 107051 251 107552 250 108052 250 108552 249 109053 248 109375 28 109553 248 109872 39 110053 248 110369 46 110553 248 110868 50 111054 246 111366 54 111554 246 111865 58 112054 246 112365 61 112555 245 112864 66 113055 245 113364 69 113555 245 113863 76 114056 243 114363 81 114556 243 114863 85 115057 242 115363 87 115557 242 115863 89 116057 242 116363 90 116558 240 116863 91 117058 240 117363 92 117559 239 117863 92 118059 239 118363 93 118559 239 118863 93 119060 238 119363 93 119560 238 119863 94 120060 238 120363 94 120561 237 120864 93 121061 237 121364 93 121562 236 121864 93 122062 236 122365 92 122562 236 122865 92 123062 236 123366 91 123562 235 123867 90 124063 234 124368 89 124563 234 124869 89 125063 234 125369 89 125563 233 125870 88 126062 234 126372 87 126562 233 126887 72 127062 233 127390 69 127561 234 127893 67 128061 233 128395 65 128560 234 128897 63 129060 233 129399 61 129559 233 129900 61 130059 233 130402 59 130558 233 130903 58 131058 232 131405 56 131558 231 131906 55 132057 231 132407 54 132557 112 132681 106 132908 53 133057 107 133184 102 133410 51 133557 101 133687 97 133911 50 134056 98 134190 93 134412 49 134556 93 134692 89 134913 48 135056 89 135194 85 135414 47 135556 86 135697 80 135915 45 136056 83 136199 76 136417 43 136556 81 136702 71 136918 41 137056 79 137205 66 137420 39 137556 77 137708 60 137922 36 138056 76 138212 53 138424 33 138556 75 138716 46 138927 28 139056 74 139224 35 139431 21 139556 73 139735 19 140056 72 140556 71 141056 71 141557 69 142057 69 142557 68 143057 68 143557 67 144057 67 144557 67 145057 66 145558 65 146058 65 146558 65 147058 65 147559 63 148059 63 148559 63 149060 62 149560 62 150061 61 150562 60 151062 60 151563 59 152064 59 152566 57 153067 56 153569 54 154070 53 154572 51 155074 49 155576 48 156078 46 156580 44 157082 42 157584 40 158086 39 158588 37 159090 35 159593 32 160095 31 160597 29 161099 28 161601 26 162103 25 162605 24 163107 23 163609 23 164111 23 164613 24 165115 24 165616 26 166118 27 166620 28 167122 29 167623 30 168125 29 168627 27 169129 25 169632 21 170134 16 170639 7
english_cocker_spaniel_5,45119 5 45491 11 45864 17 46237 21 46611 24 46985 27 47359 29 47733 32 48107 34 48481 36 48855 38 49229 40 49603 42 49977 43 50351 45 50725 47 51099 49 51473 51 51847 53 52221 55 52595 57 52968 60 53341 64 53715 66 54087 70 54441 10 54458 76 54814 97 55186 102 55559 105 55932 108 56304 111 56678 112 57052 113 57425 115 57799 116 58173 117 58547 118 58921 119 59296 118 59670 119 60044 119 60419 119 60793 119 61168 118 61542 119 61917 118 62292 117 62666 117 63041 117 63416 116 63791 115 64166 115 64540 115 64915 115 65290 114 65665 114 66040 113 66415 113 66789 113 67164 113 67539 113 67914 113 68289 113 68664 113 69039 113 69414 113 69788 114 70163 114 70538 114 70913 115 71288 115 71663 116 72038 117 72413 118 72788 119 73163 120 73538 121 73913 123 74288 127 74663 134 74799 21 75038 161 75413 163 75788 164 76164 164 76539 165 76914 166 77289 167 77665 167 78040 168 78416 168 78791 169 79167 169 79542 171 79918 171 80294 171 80670 171 81045 173 81421 173 81797 173 82174 172 82550 172 82926 172 83303 171 83514 3 83679 171 83887 7 84056 170 84261 9 84432 170 84634 11 84809 169 85008 13 85185 168 85382 14 85562 167 85756 16 85938 167 86130 17 86314 167 86504 18 86691 167 86878 20 87067 167 87252 21 87443 168 87625 23 87819 169 87998 25 88195 171 88369 29 88571 202 88947 200 89322 200 89698 199 90074 198 90450 197 90826 195 91201 195 91577 194 91953 193 92329 192 92705 191 93081 189 93457 188 93834 186 94210 185 94586 184 94962 183 95338 182 95713 183 96089 182 96465 181 96687 4 96840 181 97056 12 97215 182 97429 15 97591 182 97801 18 97966 183 98174 21 98342 183 98546 24 98717 186 98918 27 99092 228 99468 227 99843 227 100218 227 100594 226 100969 226 101344 225 101720 224 102095 224 102470 224 102845 223 103221 222 103596 221 103971 220 104346 220 104722 218 105097 217 105472 216 105847 216 106222 215 106598 213 106973 212 107348 212 107723 211 108098 210 108473 209 108848 208 109224 206 109599 205 109974 204 110349 202 110724 200 111099 198 111474 194 111849 187 112225 174 112600 163 112975 160 113350 156 113725 153 114100 152 114475 149 114851 146 115226 145 115601 143 115976 142 116351 140 116727 138 117102 136 117477 135 117852 133 118227 132 118602 132 118977 131 119352 130 119727 129 120102 129 120477 129 120852 129 121227 128 121602 128 121977 128 122352 128 122727 128 123102 129 123477 130 123852 131 124227 132 124602 132 124977 122 125103 7 125352 121 125479 6 125727 120 125855 4 126102 119 126476 120 126851 119 127226 118 127601 118 127976 117 128351 117 128726 116 129101 116 129476 116 129851 115 130226 115 130601 115 130975 116 131350 115 131725 115 132100 115 132475 115 132850 115 133225 115 133600 114 133975 114 134350 114 134725 114 135100 114 135475 114 135850 114 136224 115 136599 115 136974 115 137349 115 137724 115 138099 116 138474 116 138849 116 139224 116 139599 116 139974 116 140349 116 140724 115 141098 116 141473 116 141848 116 142223 115 142598 115 142974 113 143349 113 143724 112 144099 112 144474 112 144849 111 145224 110 145599 110 145974 110 146349 109 146724 109 147100 108 147475 107 147850 107 148225 107 148600 107 148976 106 149351 106 149726 107 150101 107 150476 107 150852 107 151227 108 151602 108 151978 108 152353 109 152728 109 153104 109 153479 110 153854 111 154229 112 154605 112 154980 113 155356 113 155731 114 156107 114 156482 115 156858 115 157233 116 157609 116 157985 115 158361 115 158737 115 159112 116 159489 115 159865 115 160241 115 160617 116 160994 116 161371 116 161749 117 162125 122 162504 123 162883 121 163261 120 163641 116 164021 111 164404 104 164803 80 165183 75 165563 70 165943 65 166324 59 166704 54 167088 45 167470 37 167848 34 168225 31 168602 28 168979 25 169356 21 169734 14
american_bulldog_152,556 5 886 15 1218 18 1549 22 1861 6 1880 28 2193 50 2526 52 2860 51 3194 50 3529 49 3863 47 4197 47 4532 44 4866 42 5201 41 5536 39 5870 38 6205 36 6541 34 6875 33 7210 32 7544 32 7878 31 8211 32 8545 32 8878 32 9211 33 9545 33 9878 34 10211 35 10545 35 10878 36 11211 37 11545 37 11879 37 12213 37 12547 37 12881 37 13214 39 13548 39 13882 39 14216 39 14550 14 14570 20 14884 12 14908 15 15217 13 15241 16 15551 13 15575 16 15884 13 15910 15 16218 13 16244 15 16552 13 16578 14 16886 13 16912 14 17219 14 17246 13 17553 14 17580 13 17887 14 17914 11 18221 14 18248 11 18555 13 18582 10 18890 12 18918 1 18920 5 19225 10 19559 9 19894 8 20229 5 20564 4 20899 1 26935 1 26937 4 27267 9 27600 11 27933 12 28267 12 28601 12 28934 13 29268 13 29601 14 29934 15 30268 15 30398 1 30601 16 30731 3 30935 16 31065 4 31268 17 31399 5 31602 17 31733 6 31936 17 32067 6 32270 17 32401 7 32604 16 32735 7 32938 16 33069 8 33168 5 33271 17 33404 8 33500 10 33605 17 33738 8 33833 13 33931 3 33939 17 34072 9 34165 16 34264 26 34406 10 34497 20 34598 25 34740 10 34828 24 34931 26 35075 10 35160 27 35264 27 35409 11 35492 30 35597 28 35744 12 35825 32 35931 28 36078 13 36157 34 36264 29 36413 13 36490 36 36597 30 36747 14 36823 38 36930 31 37082 15 37156 40 37263 32 37416 18 37489 42 37596 32 37750 36 37822 44 37930 32 38083 39 38154 47 38262 33 38417 41 38486 50 38595 33 38751 44 38819 51 38915 3 38929 33 39084 47 39150 55 39247 8 39262 33 39418 52 39480 60 39579 13 39594 34 39751 124 39911 50 40084 126 40244 50 40418 127 40575 51 40752 128 40906 50 41085 132 41239 48 41419 135 41570 49 41753 142 41898 55 42086 200 42420 199 42753 200 43087 199 43421 198 43755 198 44089 198 44423 5 44429 192 44765 189 45100 189 45434 189 45768 191 46102 194 46436 195 46771 196 47105 201 47439 219 47725 8 47773 226 48057 13 48107 230 48389 18 48440 251 48719 25 48773 311 49106 314 49439 316 49772 318 50104 320 50437 322 50770 324 51104 325 51437 327 51771 327 52105 328 52439 329 52773 330 53107 330 53441 331 53775 331 54109 331 54443 331 54777 332 55111 332 55445 332 55779 332 56113 332 56447 333 56781 333 57115 333 57449 333 57783 333 58117 333 58451 333 58785 333 59119 332 59453 332 59787 332 60121 332 60455 332 60789 332 61123 332 61457 332 61791 333 62125 333 62459 333 62793 333 63127 333 63461 333 63795 333 64129 333 64463 333 64797 333 65131 13327 78465 326 78801 323 79136 321 79471 319 79806 318 80141 316 80476 315 80810 315 81145 313 81479 313 81814 312 82148 312 82483 310 82817 310 83151 309 83485 309 83819 309 84153 308 84487 308 84821 308 85155 307 85489 307 85823 306 86157 306 86490 306 86824 305 87158 305 87491 305 87825 304 88158 304 88492 304 88825 304 89158 304 89492 303 89825 304 90158 304 90491 304 90824 24 90849 280 91157 25 91183 279 91491 25 91517 278 91824 25 91851 278 92157 26 92185 277 92490 27 92519 276 92823 28 92853 275 93156 29 93187 273 93489 29 93521 271 93822 30 93855 269 94155 31 94189 267 94489 31 94523 266 94822 32 94857 265 95155 33 95191 264 95488 34 95525 263 95821 35 95859 262 96154 36 96193 262 96487 37 96527 261 96820 38 96861 261 97152 40 97195 260 97485 41 97529 260 97818 43 97863 260 98151 44 98197 260 98484 44 98531 260 98818 45 98865 260 99151 46 99199 260 99484 46 99533 260 99818 47 99867 261 100151 48 100201 261 100485 48 100535 261 100818 49 100869 262 101152 49 101203 262 101486 49 101537 262 101820 49 101871 263 102154 49 102205 264 102487 50 102539 264 102821 50 102873 265 103155 50 103207 265 103489 49 103541 266 103823 49 103875 266 104157 49 104209 266 104491 49 104543 266 104825 49 104877 265 105159 49 105211 265 105493 49 105545 265 105827 49 105879 265 106161 49 106213 265 106495 49 106547 265 106829 49 106881 264 107163 49 107215 264 107497 49 107549 264 107831 49 107883 263 108165 49 108217 263 108499 49 108551 262 108833 49 108885 262 109167 49 109219 261 109501 49 109553 261 109834 50 109887 260 110168 50 110221 260 110502 50 110555 259 110836 50 110889 258 111169 50 111223 258 111503 51 111558 256 111837 50 111892 255 112170 51 112226 254 112504 51 112560 253 112837 52 112894 252 113171 52 113228 251 113504 53 113563 249 113838 53 113897 247 114171 54 114232 245 114505 54 114566 243 114838 56 114900 241 115171 57 115234 240 115505 57 115568 238 115838 58 115902 237 116171 59 116237 235 116505 59 116571 234 116838 60 116905 232 117172 60 117240 230 117506 61 117574 229 117839 62 117909 227 118173 62 118243 226 118506 63 118578 224 118840 63 118912 223 119174 63 119247 221 119507 64 119581 220 119841 64 119916 218 120174 65 120250 217 120507 66 120584 216 120840 67 120919 214 121173 68 121254 211 121506 69 121588 210 121838 71 121923 208 122171 72 122257 206 122503 74 122592 204 122835 76 122926 202 123168 77 123261 199 123501 78 123596 196 123834 79 123930 195 124167 80 124265 191 124500 81 124600 189 124833 82 124935 186 125166 83 125270 182 125499 85 125604 181 125831 87 125939 167 126110 8 126164 88 126274 163 126445 5 126497 89 126609 160 126829 91 126944 158 127163 91 127279 155 127495 93 127614 152 127828 94 127950 149 128161 95 128285 147 128493 97 128620 144 128826 98 128958 139 129158 100 129296 134 129491 101 129632 132 129823 103 129968 130 130155 105 130303 128 130487 107 130639 126 130818 110 130974 125 131150 112 131310 123 131481 115 131647 120 131810 120 131982 119 132140 124 132318 118 132459 139 132653 279 132988 278 133324 276 133659 275 133994 274 134330 272 134664 272 134999 271 135334 270 135669 268 136004 267 136339 266 136674 265 137009 264 137344 263 137679 262 138014 261 138349 259 138684 258 139019 257 139354 256 139691 253 140027 250 140364 14 140398 213 140703 1 140735 210 141070 209 141405 207 141740 205 142075 204 142410 202 142744 201 143078 201 143413 200 143747 199 144082 197 144416 197 144751 196 145085 195 145420 194 145755 192 146090 191 146426 29 146456 1 146458 156 146762 24 146798 150 147099 18 147136 145 147435 15 147479 1 147481 133 147818 129 148154 126 148490 117 148826 113 149162 109 149502 101 149840 95 150176 88 150512 82 150848 77 151183 74 151518 72 151852 70 152188 67 152522 64 152858 60 153192 59 153526 58 153861 56 154196 54 154530 53 154866 50 155200 49 155535 47 155869 46 156204 41 156539 38 156873 37 157208 33 157542 32 157876 32 158211 30 158545 29 158880 27 159214 26 159549 25 159883 24 160218 23 160553 21 160890 16 161227 12 161565 6
miniature_pinscher_178,172 26 397 26 622 26 846 28 1055 2 1071 28 1278 6 1295 29 1502 7 1520 30 1726 8 1744 31 1951 8 1969 31 2175 9 2193 33 2399 10 2417 34 2624 9 2641 35 2849 9 2866 36 3074 9 3090 37 3300 8 3314 38 3525 7 3538 40 3751 6 3762 41 3976 6 3986 42 4202 5 4210 43 4427 5 4434 44 4653 51 4878 51 5103 52 5327 53 5552 54 5776 58 6000 65 6224 70 6449 75 6674 76 6898 78 7122 79 7346 80 7570 81 7795 81 8019 82 8243 82 8466 84 8690 85 8914 85 9138 84 9360 87 9583 89 9804 92 10026 96 10246 101 10436 3 10468 104 10659 10 10689 107 10883 16 10912 109 11107 21 11132 113 11332 137 11557 137 11781 138 12006 137 12231 137 12456 137 12681 137 12906 137 13130 138 13355 138 13580 87 13676 42 13805 84 13904 39 14029 83 14132 36 14253 83 14359 34 14477 84 14588 31 14702 84 14815 29 14926 85 15042 27 15150 86 15269 25 15374 87 15495 25 15598 89 15722 23 15823 89 15948 22 16047 91 16175 20 16272 93 16401 19 16497 95 16627 18 16721 99 16854 16 16946 103 17080 14 17170 108 17306 13 17394 111 17533 11 17619 115 17759 9 17842 119 17985 7 18066 122 18212 4 18290 124 18513 128 18735 132 18957 137 19140 1 19177 143 19362 184 19586 186 19811 187 20036 188 20261 189 20486 190 20711 191 20936 192 21162 192 21387 192 21613 192 21838 193 22064 193 22290 193 22516 193 22742 194 22968 194 23194 193 23420 193 23646 193 23872 193 24099 192 24326 190 24553 189 24780 187 25008 184 25235 182 25462 178 25688 176 25915 173 26141 171 26367 169 26594 167 26825 160 27054 156 27280 155 27506 154 27731 154 27956 153 28181 153 28406 153 28631 153 28856 153 29081 153 29306 153 29531 153 29756 153 29981 153 30206 153 30431 153 30656 153 30881 153 31106 153 31331 153 31556 153 31781 153 32006 152 32231 152 32456 152 32681 151 32906 151 33131 150 33356 150 33581 150 33806 150 34031 149 34256 149 34481 149 34706 149 34931 149 35156 150 35381 150 35606 150 35831 150 36056 151 36280 154 36505 155 36730 157 36955 158 37180 158 37405 158 37629 159 37854 159 38078 160 38303 160 38527 160 38751 161 38974 149 39126 10 39198 144 39354 7 39422 143 39582 1 39647 142 39871 142 40095 142 40319 143 40542 145 40765 147 40988 148 41153 3 41209 152 41377 5 41431 156 41602 6 41655 157 41828 5 41879 158 42054 3 42102 160 42326 162 42549 164 42773 166 42997 154 43161 2 43221 152 43445 150 43669 148 43893 146 44118 141 44342 128 44567 125 44791 124 45015 122 45240 102 45344 14 45464 95 45574 4 45689 90 45913 85 46138 81 46363 79 46588 77 46814 74 47042 70 47279 57 47510 49 47740 37 47971 28 48203 17
wheaten_terrier_38,96310 12 96776 51 97251 77 97746 83 98242 87 98739 91 99212 6 99236 94 99710 12 99733 97 100209 121 100707 123 101206 123 101706 123 102206 122 102706 122 103205 123 103705 123 104204 125 104704 125 105203 126 105703 126 106202 127 106702 128 107201 129 107701 129 108201 129 108700 131 109200 131 109699 133 110199 133 110698 134 111198 134 111698 135 112197 136 112696 137 113196 137 113696 137 114195 138 114695 138 115195 138 115695 138 116195 138 116695 138 117195 138 117695 138 118195 137 118695 137 119195 137 119695 136 120196 134 120696 133 121197 130 121697 126 122197 122 122698 114 123198 89 123289 1 123298 8 123698 83 124199 62 124699 59 125199 57 125700 53 126200 51 126701 49 127201 49 127701 49 128201 48 128702 47 129202 47 129441 11 129702 47 129937 20 130203 46 130433 27 130703 15 130727 22 130930 33 131203 12 131229 21 131428 37 131704 10 131731 19 131926 42 132205 8 132232 17 132424 45 132705 6 132734 14 132923 47 133206 5 133235 12 133421 50 133706 4 133736 9 133920 52 134206 4 134237 5 134419 54 134917 57 135415 59 135913 62 136410 65 136909 67 137407 69 137906 70 138405 71 138905 71 139405 70 139907 67 140413 58 140918 52 141421 47 141924 43 142426 39 142929 33 143431 29 143934 21 144439 9
Egyptian_Mau_170,86 6 457 9 829 10 1200 12 1572 13 1944 14 2316 16 2688 17 3061 17 3433 18 3806 18 4178 19 4550 20 4923 20 5295 21 5668 22 6040 23 6413 23 6786 24 7158 25 7531 26 7903 28 8276 29 8648 31 9021 33 9394 35 9766 39 10139 44 10512 48 10885 52 11257 55 11630 58 12003 60 12376 62 12748 65 13121 67 13494 69 13866 72 14239 75 14612 77 14984 80 15357 82 15730 84 16102 87 16475 89 16848 92 17220 95 17593 97 17966 99 18339 101 18711 103 19084 104 19457 106 19829 109 20202 110 20575 111 20947 114 21320 115 21693 116 22066 118 22438 121 22811 122 23184 125 23557 127 23930 129 24303 133 24676 140 25049 144 25422 151 25794 155 26167 159 26540 165 26913 171 27286 215 27659 221 28031 225 28404 229 28777 232 29150 235 29522 239 29895 242 30268 245 30641 247 31013 250 31386 253 31759 255 32132 257 32505 259 32878 261 33251 263 33624 264 33997 265 34370 267 34743 268 35116 269 35489 271 35862 272 36235 274 36608 276 36980 279 37353 281 37726 283 38099 285 38472 286 38845 287 39219 287 39592 288 39965 288 40338 288 40711 288 41084 288 41457 288 41830 288 42203 207 42421 70 42577 201 42799 65 42950 197 43176 61 43323 195 43550 60 43696 193 43926 57 44068 191 44301 55 44441 189 44676 53 44814 187 45050 51 45187 184 45425 49 45561 180 45799 47 45934 179 46173 45 46307 178 46547 42 46680 176 46921 39 47053 175 47294 36 47427 173 47668 33 47800 172 48042 30 48173 170 48415 28 48546 169 48788 26 48919 168 49162 24 49292 167 49535 23 49665 166 49908 22 50038 164 50282 20 50411 163 50655 19 50784 162 51028 19 51157 160 51401 18 51530 159 51775 17 51903 158 52148 16 52276 158 52522 15 52650 156 52896 14 53023 156 53270 12 53396 155 53644 11 53769 155 54019 8 54143 154 54394 5 54516 154 54889 153 55262 153 55636 152 56009 152 56382 151 56755 151 57128 151 57502 150 57875 150 58248 150 58621 150 58994 150 59368 149 59741 149 60114 149 60487 149 60860 149 61233 150 61606 150 61980 149 62353 149 62726 149 63099 149 63472 150 63845 150 64219 149 64592 149 64965 149 65338 149 65712 149 66085 149 66458 149 66832 148 67205 148 67578 148 67952 147 68325 147 68698 147 69072 146 69445 146 69818 146 70191 146 70565 145 70938 145 71311 146 71685 145 72058 145 72432 145 72805 145 73178 145 73552 144 73925 145 74299 144 74672 144 75046 143 75419 144 75793 143 76166 143 76539 143 76913 142 77286 142 77660 141 78033 142 78406 142 78780 141 79153 141 79527 141 79900 141 80274 140 80647 141 81020 141 81393 141 81766 141 82140 141 82513 141 82886 142 83259 142 83632 143 84005 143 84378 144 84752 144 85125 144 85498 145 85871 146 86244 147 86618 146 86991 147 87364 148 87738 147 88112 147 88485 149 88858 155 89232 164 89605 184 89979 187 90352 206 90726 223 91099 228 91473 234 91846 240 92219 247 92593 251 92966 254 93340 254 93713 255 94086 256 94460 255 94833 256 95206 256 95580 256 95953 256 96327 255 96700 256 97073 161 97237 26 97268 61 97447 157 97673 29 97820 155 98052 23 98193 153 98430 17 98566 151 98805 15 98940 149 99180 13 99313 148 99554 11 99687 147 99929 9 100060 146 100303 7 100434 144 100679 2 100807 144 101180 143 101554 142 101927 141 102300 141 102673 140 103047 139 103420 139 103793 138 104166 138 104539 138 104912 138 105285 138 105658 137 106031 137 106405 136 106778 136 107151 136 107524 136 107897 136 108270 136 108643 136 109016 136 109389 136 109762 136 110136 136 110509 136 110882 136 111255 136 111628 137 112002 136 112375 136 112748 137 113121 137 113495 136 113868 137 114241 137 114614 138 114987 139 115360 140 115733 140 115896 1 116106 140 116266 8 116479 140 116637 13 116852 140 117008 16 117225 140 117379 20 117598 140 117751 25 117971 140 118124 28 118344 140 118496 31 118717 140 118869 35 119090 140 119242 43 119463 139 119615 47 119836 139 119989 52 120209 138 120362 56 120582 137 120735 61 120955 137 121109 63 121328 136 121483 65 121702 135 121860 65 122075 134 122241 58 122448 134 122618 56 122822 133 122994 55 123195 133 123374 49 123569 132 123761 35 123943 131 124145 25 124316 131 124521 23 124690 130 124896 22 125063 130 125271 20 125437 129 125646 19 125811 128 126020 18 126185 127 126395 16 126559 127 126769 15 126933 126 127143 14 127307 126 127517 13 127681 126 127891 12 128056 124 128265 11 128430 124 128638 11 128804 124 129012 9 129178 123 129386 8 129552 123 129759 8 129926 123 130133 7 130300 123 130507 5 130675 121 130881 3 131049 121 131424 120 131798 119 132173 118 132547 117 132921 117 133296 115 133672 112 134047 110 134422 108 134798 105 135173 103 135548 101 135941 81 136317 18 136351 44 136693 11 136727 41 137070 4 137101 40 137475 39 137849 38 138222 38 138596 36 138969 36 139342 36 139715 36 140089 35 140462 35 140835 35 141208 34 141581 34 141955 33 142328 33 142701 33 143075 32 143449 4 143462 18 143836 17 144210 16 144584 15 144958 13 145331 13 145704 13 146077 13 146449 13 146822 12 147195 10 147568 9 147892 1 147940 10 148263 5 148313 9 148635 7 148666 2 148685 9 149006 10 149028 5 149038 4 149058 9 149379 12 149400 15 149431 9 149751 13 149772 15 149804 8 150123 15 150144 17 150177 9 150496 15 150517 17 150549 10 150868 16 150890 17 150922 9 151241 16 151264 17 151294 10 151614 15 151638 16 151667 10 151987 15 152022 6 152039 11 152360 14 152396 5 152411 12 152734 11 152770 4 152783 13 153107 9 153144 4 153155 14 153481 6 153518 3 153524 17 153892 22 154265 22 154637 23 155011 21 155384 21 155758 19 156131 19 156505 17 156879 15 157252 15 157626 13 158001 10 158376 7 158752 1
boxer_137,48 101 423 101 798 101 1174 101 1548 104 1923 106 2297 107 2671 108 3046 108 3421 106 3796 105 4171 105 4546 103 4921 102 5296 102 5671 101 6046 100 6421 100 6796 99 7171 99 7545 100 7655 5 7920 99 8028 8 8295 99 8402 10 8670 99 8776 12 9044 100 9150 14 9419 100 9524 15 9794 99 9899 16 10169 99 10273 17 10544 99 10646 20 10919 123 11294 124 11669 125 12043 126 12418 126 12793 127 13168 127 13543 127 13918 127 14293 128 14668 128 15043 129 15418 129 15793 130 16168 130 16543 131 16918 132 17293 132 17668 133 18043 133 18418 134 18793 135 19168 135 19543 136 19919 136 20294 138 20669 139 21044 140 21419 142 21795 143 22170 145 22545 147 22920 149 23295 151 23671 151 24046 153 24421 154 24796 155 25171 155 25546 156 25921 157 26296 157 26671 158 27047 157 27422 158 27797 158 28172 158 28547 159 28922 159 29297 159 29672 160 30047 160 30422 160 30797 161 31172 161 31546 162 31921 163 32296 163 32671 164 33046 164 33421 165 33796 165 34171 166 34546 167 34921 167 35296 169 35671 170 36046 171 36421 172 36796 174 37171 175 37546 177 37921 179 38296 181 38671 182 39046 183 39421 184 39796 185 40171 186 40545 188 40920 189 41295 190 41670 191 42045 191 42420 192 42795 193 43170 193 43544 195 43919 196 44294 196 44669 197 45043 198 45418 199 45793 199 46168 200 46542 201 46917 202 47292 202 47666 203 48041 204 48416 204 48790 205 49165 206 49539 207 49914 208 50288 209 50663 209 51038 210 51412 211 51787 211 52161 213 52535 214 52910 215 53284 216 53659 217 54033 218 54407 220 54782 220 55156 222 55531 222 55905 224 56279 225 56654 226 57028 227 57403 228 57777 230 58151 231 58526 232 58900 234 59275 234 59650 235 60024 237 60399 238 60774 238 61148 240 61523 241 61898 242 62273 242 62647 244 63022 245 63397 246 63772 247 64147 248 64522 249 64897 250 65272 251 65647 252 66022 252 66397 253 66772 254 67148 253 67523 254 67898 254 68273 255 68648 256 69023 256 69398 257 69774 256 70149 257 70524 257 70899 258 71274 258 71649 258 72024 259 72399 259 72774 259 73150 258 73525 258 73900 258 74275 258 74650 258 75025 258 75400 258 75775 257 76150 257 76525 257 76900 256 77275 256 77650 256 78025 256 78400 255 78775 255 79150 255 79526 253 79901 253 80276 253 80651 253 81026 252 81401 252 81776 252 82151 251 82526 251 82901 251 83276 251 83651 250 84026 250 84401 250 84776 249 85151 248 85526 248 85901 248 86276 248 86651 247 87026 247 87401 247 87776 246 88151 246 88526 246 88901 245 89276 245 89651 245 90026 245 90401 245 90775 245 91150 245 91525 245 91900 244 92275 244 92650 244 93025 243 93399 244 93774 244 94149 243 94524 243 94899 242 95274 242 95649 241 96024 241 96399 241 96774 240 97150 239 97525 238 97900 238 98275 238 98651 236 99026 236 99401 235 99777 234 100152 233 100528 232 100903 232 101279 230 101654 229 102030 228 102405 227 102781 225 103156 225 103532 224 103908 223 104284 222 104659 221 105035 220 105411 219 105787 218 106163 217 106539 216 106915 215 107291 213 107667 212 108043 211 108419 210 108795 208 109172 206 109548 205 109924 204 110300 202 110676 201 111052 200 111428 198 111804 197 112180 196 112556 194 112932 193 113309 190 113685 189 114061 187 114437 186 114814 183 115190 182 115566 181 115943 179 116319 178 116695 177 117072 175 117448 175 117825 174 118201 175 118577 176 118953 176 119329 177 119706 99 119814 68 120082 91 120192 67 120458 82 120570 66 120835 42 120949 64 121211 39 121336 54 121586 37 121715 52 121963 34 122093 49 122339 31 122470 47 122715 28 122850 40 123092 22 123230 32 123469 16 123611 17 123845 7
Siamese_76,23249 44 23741 62 24237 72 24733 80 25230 87 25727 92 26224 98 26721 103 27219 107 27716 112 28214 116 28711 121 29209 124 29707 128 30204 133 30702 137 31200 141 31697 146 32058 19 32193 152 32551 31 32689 157 33043 46 33183 165 33539 58 33677 173 34036 75 34164 189 34534 82 34643 213 35032 90 35137 224 35531 336 36029 345 36412 17 36528 353 36905 26 37027 407 37435 2 37527 411 38026 224 38254 185 38526 223 38755 184 39026 222 39257 182 39526 222 39759 180 40026 223 40261 178 40526 223 40763 175 41026 223 41265 173 41526 223 41766 170 42026 223 42268 165 42526 224 42769 163 43026 224 43270 161 43526 225 43771 160 44026 226 44272 157 44527 227 44772 153 45028 227 45272 151 45528 228 45773 148 46029 228 46273 131 46410 8 46529 230 46773 116 47030 230 47273 112 47531 231 47774 109 48032 232 48277 105 48533 233 48781 100 49034 234 49283 97 49534 235 49787 92 50035 235 50288 90 50536 234 50788 90 51037 234 51289 89 51539 235 51789 89 52040 236 52288 90 52541 237 52788 90 53042 243 53287 92 53543 336 54045 334 54546 334 55047 333 55549 332 56050 331 56551 330 57053 329 57554 328 58056 326 58557 325 59059 323 59560 322 60062 320 60563 319 61065 317 61567 315 61948 2 62068 314 62446 8 62570 312 62945 11 63072 310 63444 13 63573 309 63944 13 64075 307 64443 15 64577 306 64943 15 65078 305 65443 16 65580 303 65943 16 66082 301 66442 18 66584 299 66941 19 67086 297 67441 19 67589 294 67940 21 68091 292 68439 22 68593 290 68938 23 69095 289 69437 24 69596 288 69936 25 70098 286 70434 27 70600 285 70932 29 71101 285 71430 30 71602 285 71928 32 72103 286 72425 34 72604 289 72919 39 73105 352 73606 351 74106 350 74607 348 75108 346 75608 344 76108 343 76609 341 77109 340 77609 339 78110 337 78610 333 79110 331 79610 329 80110 327 80610 324 81110 321 81610 318 82110 316 82610 313 83110 311 83610 310 84109 309 84609 307 85109 305 85609 304 86108 303 86608 301 87108 300 87608 298 88108 297 88608 295 89108 293 89607 293 90107 291 90607 290 91107 288 91607 287 92107 285 92607 284 93107 282 93607 281 94107 280 94607 279 95107 278 95608 276 96108 275 96608 275 97108 274 97608 274 98108 273 98609 272 99109 271 99609 271 100109 271 100609 270 101110 269 101610 269 102110 268 102610 268 103110 267 103610 267 104110 266 104610 266 105109 266 105609 265 106109 265 106609 264 107109 263 107609 262 108108 263 108608 262 109108 261 109608 260 110108 260 110608 259 111107 259 111607 258 112107 257 112607 256 113106 256 113606 255 114106 254 114606 253 115105 252 115605 251 116104 251 116604 249 117104 248 117603 247 118102 246 118602 244 119101 242 119601 153 119771 69 120100 147 120280 57 120599 143 120787 47 121098 141 121292 39 121598 138 121795 33 122097 136 122297 28 122596 134 122799 23 123095 131 123302 17 123594 129 123805 9 124093 127 124592 125 125092 122 125591 120 126090 118 126589 116 127089 112 127588 110 128087 80 128185 9 128587 77 129086 76 129585 74 130085 72 130584 72 131083 71 131583 70 132082 70 132582 69 133081 69 133580 69 134080 67 134579 67 135079 65 135578 65 136078 63 136577 61 137076 60 137576 57 138075 56 138575 54 139074 53 139301 6 139574 51 139800 8 140073 51 140299 10 140573 50 140798 13 141072 50 141297 15 141572 48 141797 17 142071 48 142297 18 142571 47 142797 20 143070 46 143298 21 143570 45 143798 23 144070 43 144299 24 144569 43 144799 26 145068 42 145300 27 145568 40 145801 28 146068 39 146302 30 146567 38 146803 30 147067 36 147303 32 147567 34 147805 32 148067 32 148306 32 148566 31 148807 32 149066 29 149308 31 149566 28 149809 31 150066 26 150310 31 150566 24 150811 30 151066 22 151312 30 151566 21 151813 29 152066 19 152315 28 152566 17 152816 27 153067 14 153318 26 153567 12 153819 25 154068 8 154321 23 154570 2 154823 21 155325 18 155827 15 156330 11 156837 1
Russian_Blue_54,16188 11 16513 27 16838 43 17143 4 17162 55 17463 90 17791 99 18122 103 18453 108 18784 112 19115 116 19446 120 19778 123 20109 127 20441 129 20772 133 21104 135 21436 137 21767 140 22099 142 22431 144 22762 147 23094 149 23425 152 23757 154 24088 156 24419 159 24751 161 25082 163 25413 166 25744 169 26074 172 26405 175 26735 178 27064 183 27392 188 27721 193 28051 196 28381 200 28711 203 29042 206 29373 208 29704 211 30035 213 30367 214 30698 217 31030 218 31361 221 31693 222 32025 223 32357 225 32689 226 33021 227 33353 229 33685 230 34018 230 34350 231 34682 233 35015 233 35347 234 35679 235 36012 236 36344 237 36677 237 37010 237 37342 238 37675 239 38008 239 38340 240 38673 240 39006 240 39339 240 39672 241 40004 242 40337 242 40670 242 41003 242 41336 242 41669 242 42002 243 42335 243 42668 243 43001 243 43334 243 43667 243 44000 243 44333 243 44666 244 44999 244 45332 244 45665 244 45998 244 46332 243 46665 243 46998 243 47331 243 47664 243 47997 243 48330 243 48663 243 48996 243 49330 242 49663 242 49996 242 50329 242 50662 242 50995 242 51329 241 51662 241 51995 241 52329 240 52662 241 52995 241 53329 240 53662 240 53995 240 54329 239 54662 239 54996 238 55329 238 55663 237 55996 237 56330 236 56663 236 56997 235 57330 235 57664 234 57997 234 58331 233 58664 233 58998 232 59331 232 59665 231 59999 230 60332 230 60666 229 60999 229 61333 228 61666 228 62000 227 62334 226 62667 226 63001 225 63335 224 63668 224 64002 223 64336 222 64669 222 65003 221 65336 221 65670 220 66003 220 66337 219 66670 219 67004 218 67337 218 67671 217 68004 217 68337 217 68671 216 69004 215 69337 215 69670 215 70004 214 70337 214 70670 213 71004 212 71337 212 71670 212 72003 212 72336 211 72670 210 73003 210 73336 210 73670 209 74003 209 74336 209 74669 208 75003 207 75336 207 75669 207 76003 206 76336 206 76670 205 77003 205 77336 205 77670 204 78003 203 78336 203 78670 202 79003 202 79337 201 79670 201 80004 200 80337 200 80671 199 81005 198 81338 198 81672 197 82005 197 82339 196 82672 196 83005 196 83339 195 83672 195 84005 195 84339 194 84672 194 85005 194 85338 194 85672 192 86005 192 86338 192 86671 192 87004 192 87337 192 87670 191 88003 191 88336 191 88669 191 89001 192 89334 192 89667 191 89999 192 90332 192 90665 192 90997 193 91330 193 91662 194 91995 194 92327 196 92659 197 92992 197 93324 198 93656 199 93989 200 94321 201 94653 202 94985 203 95318 204 95650 205 95982 206 96315 206 96647 208 96980 208 97312 209 97645 209 97977 210 98309 212 98642 212 98974 213 99307 213 99639 214 99971 215 100304 216 100636 217 100969 217 101301 218 101633 219 101966 219 102298 220 102630 221 102962 222 103295 222 103626 224 103958 225 104290 226 104621 228 104920 11 104952 230 105248 26 105279 236 105579 269 105912 269 106244 270 106577 270 106910 270 107243 270 107577 269 107911 268 108245 267 108579 266 108913 265 109248 262 109582 261 109916 260 110251 258 110585 256 110919 255 111254 252 111588 251 111923 249 112257 247 112592 245 112926 243 113260 241 113595 239 113929 237 114264 234 114598 233 114932 231 115266 229 115601 227 115935 225 116269 223 116603 222 116937 220 117271 219 117606 216 117940 214 118274 213 118608 211 118942 209 119276 207 119611 205 119944 204 120279 201 120612 201 120946 199 121280 197 121613 196 121947 195 122281 193 122614 192 122948 190 123281 189 123615 188 123949 186 124282 185 124616 183 124949 183 125283 181 125617 179 125950 179 126284 177 126618 175 126951 175 127285 173 127618 172 127952 170 128286 169 128619 168 128953 166 129287 164 129620 163 129954 161 130288 159 130622 157 130955 156 131289 153 131623 151 131957 149 132291 146 132625 144 132959 141 133293 138 133627 135 133962 130 134296 125 134631 119 134966 111 135301 98 135637 87 135972 78 136307 69 136642 64 136978 58 137313 52 137648 47 137983 42 138318 37 138652 33 138987 29 139322 25 139657 20 139993 13 140329 6
american_bulldog_74,330 171 830 171 1330 171 1828 173 2327 174 2826 175 3325 176 3824 177 4323 178 4822 179 5322 179 5821 180 6319 182 6818 183 7317 184 7815 186 8314 187 8812 189 9310 191 9809 192 10307 194 10805 196 11303 198 11802 199 12300 201 12799 202 13298 203 13797 204 14295 206 14794 207 15293 208 15792 209 16290 211 16789 212 17288 213 17786 215 18285 216 18784 217 19282 219 19781 220 20280 221 20779 222 21279 222 21778 223 22277 224 22776 225 23275 226 23774 227 24274 227 24675 8 24773 228 25172 17 25272 229 25671 22 25771 230 26170 26 26270 231 26670 30 26768 233 27169 34 27267 234 27669 37 27766 235 28169 39 28265 236 28669 44 28763 238 29169 47 29262 239 29668 51 29760 241 30168 53 30258 243 30668 56 30756 245 31168 60 31253 248 31668 64 31750 251 32168 333 32668 333 33168 333 33668 333 34168 333 34667 334 35167 334 35667 334 36167 334 36666 335 37166 335 37665 336 38165 336 38665 336 39165 336 39664 337 40164 337 40664 337 41164 337 41663 338 42163 338 42663 338 43162 339 43662 339 44161 340 44661 340 45160 341 45660 341 46159 342 46658 343 47158 343 47657 344 48156 345 48656 345 49155 346 49654 347 50153 348 50653 348 51152 349 51652 349 52151 350 52651 170 52828 173 53151 167 53330 171 53650 167 53832 169 54150 166 54333 168 54650 166 54835 166 55149 166 55336 165 55649 166 55837 164 56149 166 56338 163 56649 166 56839 162 57148 167 57340 161 57648 167 57841 160 58148 167 58341 160 58648 167 58842 159 59148 167 59343 158 59648 167 59843 158 60148 168 60344 157 60648 168 60845 156 61147 170 61346 155 61647 170 61846 155 62147 171 62347 154 62647 171 62848 153 63147 171 63349 152 63647 171 63849 152 64147 172 64350 151 64647 172 64851 150 65147 172 65351 150 65647 173 65852 149 66147 173 66353 148 66647 173 66853 148 67147 173 67354 147 67646 174 67855 146 68146 174 68356 145 68646 175 68856 145 69146 175 69357 144 69646 175 69857 144 70146 175 70357 144 70646 176 70857 144 71146 176 71357 144 71646 176 71856 145 72145 178 72356 145 72645 178 72856 145 73145 179 73355 146 73645 179 73854 147 74145 180 74353 148 74644 183 74852 149 75144 184 75351 150 75643 187 75849 152 76143 189 76347 154 76643 193 76842 159 77142 359 77642 359 78141 360 78641 360 79140 361 79640 361 80140 361 80639 362 81139 362 81638 363 82138 363 82638 363 83137 364 83637 364 84137 364 84637 364 85136 365 85636 365 86136 365 86636 365 87135 366 87635 366 88135 366 88635 366 89134 367 89634 367 90134 367 90634 367 91134 367 91634 367 92134 367 92634 367 93134 367 93634 367 94134 367 94634 367 95134 367 95634 367 96134 367 96634 367 97134 367 97634 367 98134 367 98634 367 99134 367 99634 367 100134 367 100634 367 101134 367 101634 367 102134 367 102634 364 103134 361 103635 357 104135 354 104635 352 105135 350 105636 346 106136 344 106637 340 107137 338 107637 228 107873 99 108138 225 108375 95 108638 223 108877 90 109139 221 109380 84 109639 220 109883 78 110139 219 110387 68 110640 217 110891 57 111140 216 111395 48 111640 215 111899 39 112141 213 112404 30 112641 212 112909 20 113141 211 113642 209 114142 208 114643 206 115143 205 115643 204 116144 201 116644 200 117144 199 117644 198 118145 196 118645 195 119145 194 119645 193 120145 192 120645 191 121145 190 121645 188 122145 187 122645 186 123145 184 123645 183 124145 181 124645 179 125145 177 125646 174 126146 171 126646 165 127147 155 127647 150 128148 145 128648 142 129148 140 129649 137 130150 134 130650 133 131151 130 131652 127 132152 125 132653 122 133154 38 133211 62 133655 32 133716 54 134156 29 134220 47 134657 26 134725 39 135158 24 135230 29 135659 22 136160 19 136662 16 137163 14 137666 10 138169 5
pug_161,19169 13 19447 20 19726 26 20004 36 20284 43 20563 48 20843 52 21123 56 21404 59 21684 63 21965 66 22136 1 22245 70 22415 3 22526 72 22694 5 22807 74 22974 6 23088 76 23253 8 23369 78 23533 9 23650 82 23813 10 23931 87 24094 10 24212 90 24374 11 24493 95 24654 12 24774 98 24935 12 25055 100 25215 13 25336 102 25495 14 25617 104 25775 15 25898 105 26055 16 26179 107 26336 15 26460 110 26616 16 26741 112 26896 17 27022 114 27176 17 27304 115 27457 17 27585 117 27737 17 27865 120 28017 18 28146 121 28298 17 28427 122 28578 17 28708 123 28860 15 28989 124 29142 13 29269 126 29423 12 29550 126 29705 10 29831 126 29987 7 30112 126 30270 3 30393 126 30674 126 30955 126 31237 125 31519 124 31801 123 32084 121 32367 119 32649 118 32931 117 33213 116 33494 116 33776 115 34057 115 34339 114 34620 113 34901 114 35182 114 35463 115 35745 115 36026 117 36307 118 36588 119 36869 120 37149 122 37430 122 37711 123 37992 123 38273 124 38554 124 38835 124 39116 125 39397 125 39678 126 39959 126 40240 127 40521 99 40625 23 40802 96 40907 23 41083 95 41190 21 41363 94 41472 20 41644 93 41753 21 41925 93 42035 20 42206 92 42316 20 42487 92 42597 21 42767 92 42878 21 43048 92 43159 21 43329 92 43440 21 43609 92 43720 22 43890 92 44001 22 44171 91 44281 24 44451 91 44561 25 44732 90 44841 26 45013 89 45121 27 45294 88 45401 28 45575 87 45679 31 45856 86 45957 34 46137 85 46236 35 46418 85 46516 36 46700 83 46795 38 46981 82 47075 39 47262 82 47354 41 47544 81 47633 42 47825 84 47910 46 48107 130 48388 129 48670 128 48951 128 49232 128 49514 127 49795 127 50076 127 50356 128 50637 128 50918 128 51199 128 51479 129 51760 129 52041 130 52227 12 52322 130 52505 15 52603 130 52784 18 52884 130 53050 10 53063 20 53165 130 53328 36 53445 131 53605 40 53726 132 53883 42 54007 133 54145 6 54158 48 54288 199 54569 199 54850 199 55131 199 55412 200 55694 199 55975 199 56256 199 56537 199 56818 178 57003 14 57099 165 57290 7 57381 160 57662 156 57943 154 58225 151 58506 149 58788 147 59069 145 59351 142 59632 140 59914 136 60195 117 60316 13 60477 115 60599 10 60759 113 60883 5 61040 113 61322 112 61604 111 61886 110 62167 111 62449 110 62731 110 63013 109 63294 109 63576 109 63858 108 64140 107 64422 106 64704 106 64986 104 65267 104 65549 103 65831 102 66114 100 66396 99 66678 97 66960 96 67242 95 67525 93 67807 91 68090 89 68372 88 68655 86 68937 85 69219 84 69502 82 69786 79 70070 76 70355 72 70639 69 70926 63 71215 6 71228 41 71517 33 71811 20 72094 17 72377 15 72661 11 72945 6
newfoundland_177,10159 13 10655 21 11152 25 11650 27 12145 33 12606 7 12640 38 13103 12 13133 45 13597 20 13627 51 14095 83 14592 86 15090 88 15589 89 16087 92 16586 94 17085 96 17585 96 18084 98 18584 100 19083 102 19307 5 19583 103 19801 44 20082 105 20265 7 20297 58 20582 106 20760 16 20793 79 21081 109 21256 26 21288 93 21581 110 21752 144 22080 112 22247 161 22424 14 22580 114 22739 211 23079 117 23232 225 23578 121 23727 233 24077 125 24222 241 24576 130 24715 251 25075 394 25574 400 26074 405 26573 409 27072 414 27571 418 28070 422 28569 431 29069 432 29568 433 30067 434 30567 434 31066 435 31565 436 32065 436 32564 437 33064 437 33563 438 34062 439 34561 440 35060 441 35559 442 36059 442 36558 443 37058 443 37557 444 38056 445 38556 445 39055 446 39555 446 40054 447 40554 447 41053 448 41553 448 42052 449 42552 449 43051 450 43551 450 44050 451 44550 451 45049 452 45549 452 46048 453 46547 454 47047 454 47546 455 48045 456 48545 456 49044 457 49544 457 50043 458 50543 458 51042 459 51542 459 52041 460 52541 460 53041 460 53540 461 54039 462 54539 462 55039 462 55538 463 56037 464 56537 464 57036 465 57536 465 58035 466 58535 466 59034 467 59534 467 60034 467 60534 467 61033 468 61533 468 62033 468 62532 469 63032 469 63531 470 64031 470 64531 470 65031 470 65530 471 66030 471 66530 471 67029 472 67529 472 68028 473 68528 473 69028 473 69527 474 70027 474 70527 474 71027 474 71526 475 72026 475 72526 475 73026 475 73525 476 74025 476 74525 476 75025 476 75525 476 76025 476 76525 476 77025 476 77526 475 78026 475 78526 475 79026 475 79526 475 80026 475 80526 475 81026 475 81526 475 82026 475 82526 475 83026 475 83526 475 84026 475 84526 475 85026 475 85525 476 86025 476 86525 476 87025 476 87525 476 88025 476 88525 476 89025 476 89525 476 90025 476 90525 476 91025 476 91526 475 92026 475 92526 475 93027 474 93527 474 94028 473 94528 473 95028 473 95529 472 96029 472 96530 471 97030 471 97530 471 98031 470 98531 470 99031 470 99531 470 100031 470 100531 470 101031 470 101531 470 102031 470 102532 469 103032 469 103533 468 104033 468 104534 467 105034 467 105535 466 106035 466 106536 465 107037 464 107537 464 108038 463 108539 462 109040 461 109541 460 110042 459 110543 458 111044 457 111544 457 112044 457 112545 456 113045 456 113546 455 114047 454 114547 454 115048 453 115549 452 116049 452 116550 451 117051 450 117552 449 118053 448 118554 447 119055 446 119556 445 120057 444 120559 442 121061 440 121563 438 122065 436 122567 434 123070 431 123572 429 124074 427 124575 426 125077 424 125578 423 126079 422 126580 421 127082 419 127582 419 128083 418 128584 417 129085 416 129586 415 130087 414 130588 413 131089 412 131590 411 132092 409 132593 408 133095 406 133596 405 134097 404 134598 403 135100 401 135601 400 136102 399 136603 398 137104 397 137605 396 138106 395 138606 395 139107 394 139608 393 140109 392 140609 392 141110 391 141612 389 142114 387 142616 385 143118 383 143620 91 143717 284 144123 85 144222 279 144625 81 144725 276 145127 77 145228 273 145629 74 145731 270 146131 71 146234 267 146632 68 146736 265 147133 66 147238 263 147634 64 147740 261 148135 62 148243 258 148636 60 148745 256 149137 58 149247 254 149638 56 149750 251 150140 53 150255 246 150641 51 150758 243 151143 49 151261 240 151644 46 151764 237 152146 43 152268 233 152648 39 152773 228 153149 37 153281 220 153651 33 153785 216 154152 30 154289 212 154655 24 154792 209 155157 19 155295 206 155660 12 155798 203 156301 200 156804 197 157305 196 157807 194 158309 192 158812 189 159314 187 159818 183 160321 179 160826 173 161329 168 161832 163 162336 157 162841 149 163345 142 163849 134 164352 117 164855 102 165358 92 165859 86 166361 76
Ragdoll_176,9127 17 9430 23 9733 29 10038 33 10343 37 10649 40 10955 43 11261 45 11567 48 11873 50 12179 52 12485 55 12792 56 13098 58 13404 60 13711 61 14017 63 14323 64 14630 65 14936 66 15243 66 15549 68 15855 69 16162 69 16468 70 16775 70 17081 71 17388 33 17436 23 17694 32 17747 19 18001 31 18057 16 18307 31 18368 12 18614 30 18676 11 18920 30 18985 8 19227 29 19294 5 19533 29 19840 29 20147 28 20453 29 20760 29 21066 29 21373 29 21680 28 21986 29 22293 29 22600 28 22906 29 23213 28 23520 28 23826 28 24133 28 24440 28 24747 27 25053 28 25360 27 25667 27 25974 26 26280 27 26587 27 26893 27 27200 27 27507 26 27813 27 28120 27 28427 26 28733 27 29040 27 29346 27 29653 27 29960 27 30266 27 30573 27 30879 28 31186 27 31492 28 31799 28 32105 29 32412 28 32718 29 33025 29 33331 29 33638 29 33944 30 34251 30 34557 31 34864 30 35170 31 35476 32 35783 32 36089 33 36395 34 36702 34 37008 35 37314 36 37620 37 37926 38 38233 38 38538 40 38845 40 39151 41 39457 42 39763 43 40069 45 40375 46 40681 47 40987 49 41293 50 41599 51 41905 52 42211 54 42517 55 42823 56 43129 58 43435 59 43741 61 44047 62 44353 63 44658 66 44964 67 45270 68 45576 70 45882 71 46187 73 46493 74 46798 77 47104 78 47410 79 47716 80 48021 82 48327 83 48633 85 48939 86 49245 87 49551 88 49857 89 50163 90 50469 91 50775 92 51081 93 51388 93 51694 94 52000 95 52306 96 52613 96 52919 97 53225 97 53532 97 53838 98 54145 98 54451 99 54757 100 55064 100 55370 101 55676 101 55983 101 56289 102 56595 103 56902 103 57208 104 57515 103 57821 104 58127 105 58434 105 58740 106 59047 106 59353 107 59659 108 59966 108 60272 109 60578 110 60884 111 61191 111 61497 112 61803 113 62109 114 62415 115 62722 115 63028 116 63334 117 63641 118 63948 118 64254 119 64561 119 64868 119 65175 119 65482 119 65789 119 66096 119 66403 119 66710 119 67017 119 67324 119 67632 119 67939 119 68247 118 68554 118 68861 118 69169 117 69476 117 69784 116 70091 116 70399 115 70706 115 71014 113 71321 113 71628 113 71936 112 72243 112 72550 112 72857 112 73165 110 73472 110 73779 110 74086 110 74394 109 74701 109 75008 108 75315 108 75622 108 75929 108 76236 108 76544 107 76851 106 77158 106 77465 106 77772 106 78079 106 78386 105 78693 105 79000 105 79307 105 79614 105 79922 104 80229 103 80536 103 80843 103 81150 103 81457 103 81764 103 82071 102 82379 101 82686 101 82993 101 83300 100 83607 100 83914 100 84221 100 84529 99 84836 98 85143 98 85450 98 85757 98 86064 98 86372 97 86679 97 86986 97 87293 97 87601 96 87908 96 88215 97 88522 97 88830 96 89137 96 89445 95 89752 95 90060 95 90367 95 90675 94 90982 94 91290 93 91597 93 91905 92 92212 92 92519 92 92827 92 93134 92 93441 92 93749 91 94056 91 94363 91 94670 91 94977 91 95284 91 95591 91 95898 91 96205 91 96512 91 96818 92 97125 92 97432 92 97739 92 98045 93 98352 93 98658 94 98965 94 99271 96 99578 96 99884 97 100190 98 100496 99 100802 100 101107 102 101411 105 101713 110 102007 123 102313 124 102620 124 102927 124 103234 124 103541 124 103849 123 104157 122 104465 121 104772 121 105080 120 105387 120 105695 119 106002 118 106310 117 106617 117 106925 116 107232 116 107539 115 107846 115 108153 115 108460 114 108768 113 109075 113 109382 112 109689 112 109996 112 110303 111 110610 111 110917 111 111224 110 111531 110 111838 110 112145 109 112453 108 112760 108 113067 107 113374 107 113681 107 113988 106 114295 106 114602 106 114908 107 115215 106 115522 106 115829 106 116136 105 116443 105 116749 106 117056 105 117363 105 117669 106 117976 105 118283 105 118589 105 118896 105 119202 105 119509 105 119815 106 120122 105 120428 106 120734 106 121040 107 121347 106 121653 107 121960 106 122267 21 122293 80 122575 14 122602 77 122883 3 122911 75 123220 72 123529 69 123838 66 124146 65 124454 63 124763 11 124780 43 125091 38 125400 35 125707 34 126015 32 126322 31 126630 28 126937 27 127244 26 127551 25 127858 25 128165 24 128473 22 128780 21 129087 21 129394 20 129701 20 130008 19 130316 18 130623 17 130930 17 131237 17 131544 16 131851 16 132158 16 132465 16 132772 15 133079 15 133387 14 133694 14 134001 14 134308 14 134615 14 134922 14 135229 14 135537 13 135844 13 136151 13 136458 13 136765 13 137072 13 137380 12 137687 12 137994 12 138301 12 138608 13 138915 13 139222 13 139529 13 139836 13 140143 13 140450 13 140758 12 141065 12 141372 13 141679 12 141986 12 142293 12 142600 12 142907 12 143214 12 143521 12 143829 11 144136 11 144443 11 144750 11 145057 11 145365 9 145672 9 145980 7 146287 7 146594 6 146902 4 147210 2
Siamese_35,344 93 844 93 1344 93 1844 93 2344 93 2844 93 3344 93 3843 94 4343 94 4843 94 5343 94 5843 94 6342 95 6842 95 7341 96 7841 96 8340 97 8840 96 9340 96 9839 97 10339 97 10839 97 11338 98 11838 98 12338 98 12837 99 13337 99 13837 99 14337 99 14836 100 15336 100 15836 100 16336 100 16835 101 17335 101 17835 101 18144 4 18335 101 18643 7 18834 102 19143 9 19334 103 19643 11 19834 103 20143 12 20334 103 20643 14 20833 104 21143 15 21333 104 21643 17 21833 104 22143 19 22332 105 22644 19 22832 105 23144 21 23331 106 23645 22 23831 106 24145 24 24331 106 24645 25 24830 107 25146 26 25330 107 25646 28 25830 108 26147 29 26330 108 26647 31 26829 109 27148 32 27329 109 27648 34 27829 109 28149 35 28329 109 28650 36 28829 109 29150 38 29329 109 29651 39 29829 109 30151 41 30328 111 30652 42 30828 111 31153 44 31328 111 31653 47 31827 112 32154 49 32327 112 32654 53 32826 113 33155 56 33326 113 33656 60 33824 115 34156 68 34288 11 34324 115 34657 72 34782 25 34823 117 35158 75 35277 163 35658 77 35774 166 36159 78 36271 169 36660 80 36768 172 37160 82 37265 176 37661 83 37763 178 38162 86 38259 182 38662 279 39163 279 39664 278 40164 278 40665 277 41166 276 41666 277 42167 276 42667 276 43168 275 43669 274 44169 275 44670 274 45171 274 45671 274 46172 273 46672 274 47173 273 47673 274 48174 273 48675 272 49175 273 49676 272 50176 272 50677 272 51177 272 51678 271 52178 272 52679 271 53179 272 53680 271 54180 271 54681 271 55181 271 55682 270 56182 271 56682 271 57183 270 57683 271 58183 271 58684 270 59184 270 59684 271 60184 271 60685 270 61185 270 61685 271 62185 271 62686 270 63186 270 63686 271 64186 271 64686 271 65186 272 65687 271 66187 271 66687 271 67187 272 67687 272 68187 272 68687 272 69187 272 69687 272 70187 273 70687 273 71187 273 71687 273 72188 273 72688 273 73188 273 73688 273 74188 273 74687 274 75187 274 75687 274 76187 274 76687 274 77187 274 77687 274 78187 274 78687 274 79186 275 79686 274 80186 274 80686 274 81186 274 81686 274 82185 274 82685 274 83186 273 83686 273 84186 273 84686 273 85186 273 85686 273 86187 272 86687 271 87187 271 87687 270 88187 270 88687 269 89186 270 89686 270 90186 269 90686 269 91185 270 91685 270 92185 269 92685 269 93184 270 93684 270 94183 271 94683 270 95182 271 95682 271 96181 271 96681 271 97180 272 97679 273 98179 273 98678 274 99178 274 99677 275 100177 275 100676 276 101175 277 101674 278 102173 279 102672 280 103171 281 103670 282 104168 283 104667 284 105165 286 105664 287 106162 289 106660 290 107158 292 107656 294 108154 296 108652 298 109150 300 109648 302 110146 304 110644 305 111142 308 111639 311 112137 313 112635 316 113133 319 113631 322 114130 325 114628 328 115126 331 115625 333 116123 335 116622 337 117121 338 117620 339 118119 341 118618 342 119117 343 119616 344 120115 345 120615 345 121114 346 121614 347 122113 348 122613 348 123112 350 123612 350 124112 351 124612 351 125111 352 125611 353 126111 353 126611 355 127111 355 127611 356 128112 356 128612 357 129112 357 129612 357 130113 357 130613 357 131114 356 131614 356 132115 355 132616 354 133117 353 133618 350 134119 348 134620 344 135121 342 135623 338 136124 336 136626 333 137128 330 137629 327 138131 323 138633 320 139135 317 139637 314 140139 311 140641 307 141143 304 141645 301 142147 298 142649 295 143152 290 143655 286 144158 282 144663 276 145168 269 145673 264 146178 257 146683 83 146777 157 147194 65 147285 148 147701 49 147790 142 148208 27 148295 136 148717 6 148801 129 149306 123 149812 116 150316 111 150822 104 151332 93 151839 85 152345 79 152854 68 153364 58 153872 49 154378 43 154883 36 155387 31 155893 24 156398 17 156905 5
american_bulldog_91,67691 5 68023 7 68355 9 68687 11 69020 12 69353 14 69686 17 70019 20 70051 7 70352 45 70685 49 71019 52 71352 60 71685 69 72019 84 72352 86 72685 88 73018 91 73351 94 73684 95 74017 70 74096 25 74350 68 74430 29 74683 67 74764 33 75016 65 75098 34 75349 64 75432 38 75682 64 75765 49 76015 63 76099 50 76348 63 76432 55 76680 64 76765 60 77013 64 77098 24 77135 24 77346 65 77431 22 77470 27 77679 65 77765 20 77805 27 78012 65 78098 20 78140 27 78345 65 78431 19 78476 25 78678 66 78764 19 78825 10 79011 66 79097 19 79165 3 79344 66 79430 19 79677 67 79762 20 80011 66 80095 20 80344 67 80428 20 80677 67 80761 20 81010 67 81094 20 81343 68 81427 20 81518 4 81541 7 81676 68 81759 22 81872 10 82009 69 82091 23 82205 10 82342 70 82423 24 82539 9 82675 70 82754 26 82874 6 83008 106 83341 106 83674 106 84007 107 84340 107 84673 107 85006 107 85339 108 85672 108 86005 108 86338 108 86671 109 87004 109 87337 109 87670 109 88003 109 88188 10 88336 109 88495 10 88513 20 88669 109 88824 45 89002 109 89154 48 89335 109 89485 22 89515 20 89668 109 89816 23 89852 16 90001 109 90148 22 90193 6 90333 110 90478 23 90666 110 90810 22 90999 111 91141 22 91332 111 91469 25 91665 112 91792 32 91998 113 92121 34 92331 114 92450 36 92665 152 92998 151 93331 149 93665 146 93998 143 94332 142 94666 139 95000 137 95334 135 95668 132 96002 129 96336 126 96670 122 97004 119 97338 116 97671 114 98006 110 98340 107 98674 103 99008 101 99343 98 99678 95 100014 91 100350 86 100686 82 101022 78 101357 73 101693 66 102030 43 102366 34 102703 21
great_pyrenees_173,36905 26 37260 31 37613 38 37967 46 38322 52 38675 63 39022 78 39247 3 39371 91 39603 4 39698 126 39959 5 40052 133 40314 7 40407 138 40670 7 40762 143 41026 7 41117 148 41381 8 41472 153 41734 11 41827 161 42087 14 42183 172 42440 17 42539 203 42791 21 42895 217 43142 26 43251 222 43493 31 43607 272 43963 271 44320 269 44676 264 45032 258 45388 255 45745 240 46101 237 46457 213 46814 209 47170 209 47527 208 47884 208 48240 208 48597 207 48954 207 49311 207 49667 208 50024 207 50381 207 50738 207 51095 207 51452 206 51809 206 52166 206 52523 206 52880 206 53237 206 53594 206 53951 206 54308 206 54665 206 55023 205 55380 205 55737 205 56094 205 56452 205 56809 205 57166 205 57524 204 57881 205 58239 204 58596 204 58954 204 59312 203 59670 203 60027 203 60385 203 60744 202 61102 201 61460 201 61818 201 62176 201 62535 200 62893 200 63251 201 63609 203 63968 205 64326 221 64685 221 65043 221 65402 219 65761 216 66119 213 66478 198 66837 195 67195 193 67554 190 67912 189 68271 186 68630 184 68988 183 69347 181 69706 179 70064 178 70423 176 70781 175 71139 175 71498 173 71856 173 72214 173 72572 173 72930 173 73289 172 73648 171 74006 172 74365 172 74724 172 75083 172 75442 172 75801 172 76161 171 76520 171 76879 172 77238 171 77596 171 77954 171 78313 170 78672 169 79030 169 79389 167 79748 166 80106 165 80465 164 80824 162 81182 162 81541 160 81899 160 82257 159 82615 158 82973 158 83331 157 83689 156 84046 157 84404 156 84762 156 85119 156 85477 155 85835 155 86192 155 86550 155 86907 155 87265 155 87622 156 87980 155 88337 155 88695 155 89052 155 89410 155 89768 154 90125 155 90483 154 90841 154 91200 152 91559 150 91917 149 92279 3 92291 133 92652 129 93010 128 93370 124 93728 123 94087 121 94446 119 94804 118 95163 115 95522 113 95880 112 96239 110 96598 108 96957 106 97316 104 97675 102 98033 100 98392 98 98751 96 99109 95 99467 94 99826 92 100184 90 100542 89 100900 87 101258 86 101616 84 101974 82 102332 79 102690 76 103048 72 103406 66 103764 62 104123 57 104482 54 104840 52 105199 49 105559 45 105918 43 106280 37 106642 31 107002 28 107363 23 107723 20 108084 14 116314 4 116670 6 117025 9 117381 11 117736 14 118090 17 118445 20 118800 23 119156 24 119512 25 119869 26 120226 26 120583 26 120940 26 121297 26 121654 26 122011 26 122369 25 122726 25 123083 25 123441 24 123798 24 124155 23 124513 22 124871 21 125228 20 125586 19 125944 18 126302 17 126661 14 127019 13 127378 11 127736 10 128094 9 128452 7 128810 6 129168 5 129527 2
japanese_chin_126,42827 17 43171 37 43515 53 43873 59 44231 62 44591 62 44950 64 45309 64 45667 66 46024 69 46341 6 46382 70 46696 11 46739 72 47052 14 47097 74 47409 16 47454 76 47766 18 47811 78 48122 21 48167 81 48479 23 48522 85 48832 29 48876 90 49188 32 49231 93 49539 40 49586 96 49893 148 50250 149 50607 150 50964 151 51321 152 51678 153 52035 155 52392 156 52749 157 53106 158 53463 159 53819 162 54157 5 54175 164 54513 12 54528 170 54869 187 55226 188 55583 188 55940 188 56297 186 56654 184 57011 180 57369 177 57727 175 58084 175 58442 175 58800 174 59158 174 59516 173 59875 172 60233 171 60592 170 60951 169 61311 166 61670 165 62029 163 62388 161 62746 161 63104 161 63462 162 63820 162 64178 163 64536 163 64893 165 65251 165 65609 166 65967 166 66324 168 66682 169 67040 169 67398 169 67756 169 68114 168 68473 167 68831 166 69189 166 69548 164 69906 163 70265 161 70623 161 70981 160 71339 159 71698 158 72056 157 72414 156 72772 156 73130 155 73488 154 73845 155 74202 155 74560 154 74918 153 75276 152 75634 151 75992 150 76350 149 76709 148 77067 147 77425 147 77784 145 78143 144 78502 142 78861 140 79221 138 79581 135 79941 133 80302 129 80663 125 81023 122 81382 120 81743 115 82103 112 82463 106 82824 99 83184 94 83546 87 83908 80 84270 74 84632 66 84993 59 85354 50 85714 44 86074 40 86434 35 86793 33 87152 30 87511 28 87870 27 88229 25 88588 23 88947 20 89307 15
japanese_chin_82,229 22 561 22 893 21 1225 21 1557 22 1889 22 2220 24 2551 26 2882 28 3214 29 3545 31 3877 32 4209 32 4294 9 4541 32 4619 17 4872 33 4941 28 5204 33 5269 33 5536 33 5598 37 5867 33 5927 40 6199 33 6257 43 6531 33 6586 46 6862 33 6916 49 7194 32 7246 52 7526 29 7575 57 7858 28 7905 59 8190 25 8236 61 8522 24 8564 65 8854 22 8892 69 9186 20 9222 72 9518 18 9552 74 9850 17 9882 76 10182 16 10213 77 10514 14 10543 79 10846 13 10874 80 11178 11 11206 80 11510 10 11536 82 11842 9 11867 83 12174 9 12198 84 12506 8 12529 85 12838 7 12859 88 13171 6 13190 89 13503 5 13521 90 13836 3 13851 92 14182 94 14513 95 14843 97 15172 101 15501 104 15832 105 16164 105 16495 106 16827 106 17158 107 17490 107 17822 107 18153 108 18485 108 18816 109 19148 109 19479 110 19811 110 20142 111 20474 111 20806 111 21137 112 21469 112 21800 113 22132 113 22463 114 22795 114 23126 115 23457 116 23789 116 24120 117 24452 117 24783 118 25114 119 25446 119 25777 120 26109 120 26440 121 26772 121 27103 122 27435 122 27766 123 28098 123 28429 124 28760 125 29092 125 29424 125 29755 126 30087 126 30418 127 30750 127 31081 128 31413 128 31744 129 32076 129 32407 130 32739 130 33071 130 33402 131 33734 131 34065 132 34397 132 34729 132 35060 133 35392 133 35724 133 36055 134 36387 134 36719 134 37050 135 37382 135 37714 135 38045 136 38377 136 38709 136 39041 136 39372 137 39704 137 40036 137 40368 137 40699 138 41031 138 41363 138 41695 138 42026 139 42358 139 42690 139 43022 139 43354 139 43686 139 44017 140 44349 140 44681 140 45013 140 45344 141 45676 141 46007 142 46338 143 46669 144 47000 145 47330 147 47661 148 47990 151 48320 153 48649 156 48979 158 49308 161 49638 163 49968 165 50297 168 50627 170 50957 172 51287 174 51617 176 51946 179 52276 181 52606 183 52936 185 53267 186 53597 188 53927 190 54258 191 54588 193 54919 194 55250 195 55580 52 55635 142 55911 51 55968 141 56242 51 56301 140 56572 53 56634 139 56903 53 56967 138 57233 55 57299 138 57563 56 57631 138 57894 57 57964 137 58224 59 58296 137 58555 59 58628 137 58886 60 58961 136 59218 60 59293 136 59550 60 59625 136 59881 60 59957 136 60214 59 60289 133 60546 59 60621 107 60732 13 60878 59 60953 102 61210 59 61286 99 61542 59 61618 97 61874 59 61950 96 62206 58 62282 94 62539 57 62614 92 62871 57 62947 90 63203 56 63279 87 63535 56 63611 85 63868 54 63943 83 64200 54 64275 80 64532 53 64607 79 64864 53 64938 78 65196 53 65270 77 65528 54 65602 76 65860 54 65934 75 66192 54 66266 74 66525 54 66597 74 66857 54 66929 73 67189 54 67261 72 67521 54 67593 71 67852 56 67925 70 68184 56 68256 70 68516 57 68588 70 68848 57 68920 69 69180 57 69252 69 69512 57 69583 69 69844 57 69915 69 70175 59 70247 68 70507 59 70579 67 70839 59 70910 68 71171 59 71242 67 71502 60 71574 66 71834 60 71905 66 72166 59 72237 65 72497 60 72568 64 72829 60 72900 61 73160 61 73231 58 73492 61 73563 37 73823 61 73894 36 74155 61 74225 35 74486 62 74557 34 74818 63 74889 33 75149 64 75220 33 75481 65 75552 32 75813 67 75883 32 76145 101 76477 100 76810 97 77142 96 77475 93 77808 90 78141 87 78473 84 78806 81 79139 78 79471 75 79804 72 80136 70 80469 66 80801 62 81134 57 81466 54 81799 50 82131 48 82464 46 82797 43 83129 41 83462 38 83795 35 84127 33 84460 30 84793 28 85125 27 85458 25 85791 23 86124 20 86458 17 86792 13 87129 2
miniature_pinscher_86,81403 6 81734 9 82065 12 82397 14 82728 17 83060 20 83392 25 83724 30 84057 31 84388 35 84721 36 85053 39 85384 42 85716 43 86048 45 86380 47 86696 9 86712 48 87026 13 87043 51 87356 71 87687 74 88018 76 88350 77 88682 78 88772 12 89013 81 89104 21 89345 82 89435 25 89667 5 89676 84 89767 27 89997 96 90099 29 90328 98 90431 30 90660 99 90764 31 90992 100 91097 31 91324 102 91429 31 91656 103 91762 30 91988 104 92095 28 92318 108 92427 26 92648 130 92977 131 93308 131 93641 130 93973 130 94162 11 94306 129 94474 33 94639 129 94804 36 94971 129 95137 36 95304 129 95470 36 95637 129 95803 36 95970 129 96137 35 96303 129 96470 35 96636 129 96804 34 96970 128 97137 35 97303 129 97471 34 97636 129 97804 34 97970 129 98137 35 98303 129 98470 35 98636 130 98804 34 98970 130 99137 34 99303 131 99470 34 99637 130 99803 34 99971 130 100136 33 100305 6 100313 122 100469 33 100646 122 100803 32 100979 123 101136 32 101312 124 101470 30 101646 123 101804 29 101979 124 102140 25 102313 124 102475 23 102646 128 102777 6 102810 20 102979 138 103146 16 103312 139 103481 13 103645 139 103816 10 103978 139 104152 6 104311 139 104487 3 104644 138 104977 138 105309 139 105642 139 105975 139 106308 138 106641 138 106974 138 107308 137 107641 137 107975 136 108309 135 108642 134 108976 133 109309 133 109643 132 109976 132 110150 2 110310 130 110483 2 110643 130 110815 3 110977 129 111148 3 111285 8 111310 129 111481 3 111616 11 111644 128 111813 4 111948 13 111977 128 112146 4 112281 14 112310 128 112479 4 112613 16 112643 127 112812 4 112946 16 112976 127 113144 5 113279 17 113309 127 113477 5 113612 18 113642 127 113810 5 113945 19 113975 126 114143 5 114278 19 114308 126 114476 6 114611 20 114641 125 114809 6 114944 20 114973 126 115141 7 115277 21 115306 125 115474 8 115611 21 115639 125 115807 8 115944 23 115971 125 116139 9 116277 24 116303 126 116472 9 116610 24 116635 126 116804 11 116943 150 117137 11 117276 150 117469 13 117609 149 117802 13 117942 149 118134 14 118275 36 118316 107 118466 16 118609 34 118658 97 118799 16 118942 32 118995 92 119131 18 119275 16 119292 14 119332 87 119463 19 119609 11 119628 9 119667 84 119795 21 119942 8 119963 4 120001 82 120128 22 120276 5 120336 80 120460 24 120671 77 120791 27 121005 75 121123 29 121339 74 121455 31 121674 71 121787 33 122008 70 122119 35 122343 68 122450 38 122678 65 122782 39 123013 63 123114 40 123348 60 123446 41 123684 57 123778 42 124022 52 124111 42 124359 47 124443 43 124696 43 124775 43 125031 40 125107 44 125366 38 125439 45 125702 34 125771 46 126040 29 126103 46 126377 24 126435 47 126714 20 126767 48 127054 12 127099 50 127393 3 127431 51 127763 52 128095 53 128427 54 128759 55 129091 56 129422 58 129754 59 130087 59 130420 59 130754 58 131088 57 131423 55 131760 50 132096 47 132438 38 132777 31 133113 27 133450 21 133790 7
chihuahua_13,45613 4 45618 1 46080 48 46573 64 47070 69 47152 16 47567 74 47644 4 47650 24 47705 4 48064 112 48198 15 48563 116 48693 22 49061 156 49559 159 50058 162 50557 164 51056 166 51555 168 52054 170 52553 172 53053 173 53552 175 54052 176 54552 177 55052 178 55551 180 56051 181 56551 182 57052 183 57552 185 58052 187 58553 189 59053 193 59554 196 60055 201 60556 211 61057 230 61559 234 62060 236 62562 236 63065 234 63567 234 64069 233 64573 231 65076 230 65579 228 66085 224 66590 220 67097 214 67603 209 68106 207 68609 205 69111 203 69613 202 70114 201 70615 200 71115 200 71616 199 72116 199 72617 198 73117 198 73618 197 74118 196 74619 195 75119 195 75619 195 76120 194 76620 194 77120 193 77621 192 78121 191 78621 191 79121 190 79622 189 80122 188 80622 188 81122 187 81623 185 82123 185 82623 184 83123 184 83343 5 83624 182 83842 9 84124 181 84341 15 84624 181 84841 31 85125 179 85340 47 85491 5 85625 179 85840 52 85988 9 86125 178 86340 55 86487 11 86625 177 86840 57 86985 14 87126 176 87339 60 87484 15 87626 175 87839 62 87983 17 88126 175 88339 64 88482 18 88626 174 88838 67 88981 19 89127 173 89338 68 89479 21 89627 172 89837 71 89978 22 90127 172 90337 73 90477 23 90628 170 90836 76 90975 25 91128 169 91335 79 91474 26 91628 168 91835 81 91972 28 92129 167 92334 84 92470 30 92629 166 92833 87 92968 32 93129 165 93332 91 93465 34 93629 164 93832 94 93963 36 94130 162 94331 97 94460 38 94630 161 94830 102 94958 39 95130 160 95329 106 95455 42 95631 158 95828 112 95950 45 96131 157 96327 166 96632 155 96826 163 97132 154 97326 158 97632 153 97825 155 98133 151 98324 153 98633 150 98823 151 99133 149 99322 91 99426 43 99633 148 99821 89 99932 33 100134 146 100320 88 100436 25 100634 146 100819 88 100945 3 101134 145 101319 87 101635 143 101818 87 102135 142 102317 88 102635 141 102816 89 103135 140 103315 90 103635 139 103814 91 104134 139 104313 92 104634 138 104812 93 105134 136 105311 94 105634 134 105809 96 106133 134 106308 97 106633 132 106807 98 107133 130 107306 99 107633 129 107804 102 108133 128 108303 103 108632 128 108801 105 109132 127 109300 107 109632 126 109797 110 110132 125 110295 112 110631 125 110793 115 111131 125 111289 119 111631 125 111786 123 112130 127 112284 125 112629 129 112780 130 113129 130 113277 133 113629 131 113773 137 114128 283 114628 284 115127 285 115626 286 116126 287 116625 289 117125 289 117624 291 118124 291 118623 293 119122 295 119622 296 120121 298 120620 300 121119 301 121619 302 122118 305 122617 307 123116 309 123616 311 124115 313 124614 316 125114 319 125613 322 126112 327 126612 331 127111 336 127611 372 128110 377 128609 384 129109 67 129185 311 129608 64 129687 314 130108 61 130189 312 130607 60 130689 312 131107 58 131190 311 131607 56 131690 311 132106 56 132190 311 132606 54 132690 311 133105 54 133190 308 133605 52 133690 190 133888 108 134105 50 134190 185 134394 99 134604 50 134690 182 134897 94 135104 48 135190 179 135400 87 135604 46 135689 179 135902 78 136104 44 136189 177 136404 67 136604 42 136689 176 136906 58 137104 40 137189 175 137407 54 137604 38 137689 173 137909 49 138104 34 138189 172 138411 43 138604 32 138689 171 138913 38 139104 29 139189 171 139414 34 139605 25 139689 170 139917 25 140105 23 140189 169 140421 14 140606 19 140689 168 141107 13 141188 168 141609 7 141688 168 142188 167 142688 166 143188 166 143688 165 144188 164 144688 163 145187 164 145687 163 146187 162 146687 162 147187 161 147687 160 148187 159 148686 160 149186 159 149686 158 150185 158 150685 158 151185 157 151685 156 152184 156 152684 156 153184 155 153683 155 154183 154 154682 155 155182 154 155682 153 156181 153 156681 152 157180 152 157679 153 158179 152 158678 152 159178 151 159677 151 160176 151 160675 151 161175 150 161674 150 162173 150 162672 150 163172 149 163671 149 164170 149 164669 149 165169 148 165668 148 166167 148 166666 147 167165 147 167665 146 168164 146 168663 146 169162 146 169661 145 170159 146 170658 146 171157 146 171656 146 172155 146 172654 146 173153 146 173652 146 174150 146 174649 146 175149 145 175648 145 176147 145 176646 146 177145 145 177644 146 178143 146 178643 145 179141 146 179640 147 180139 147 180638 148 181137 148 181636 149 182135 149 182634 150 183132 151 183631 151 184129 152 184627 154 185125 156 185622 158 186081 21 186119 160 186577 31 186615 164 187074 205 187572 207 188071 209 188570 211 188825 6 189068 214 189323 13 189567 216 189823 16 190067 217 190323 18 190566 219 190825 17 191065 222 191326 17 191565 224 191828 16 192066 225 192331 13 192576 218 192834 9 193082 215 193585 218 194088 219 194591 9 194607 203 195109 203 195611 203 196113 202 196613 204 197115 203 197616 203 198118 203 198620 202 199122 202 199623 203 199862 6 200125 202 200358 15 200626 203 200856 20 201127 205 201353 25 201628 205 201850 29 202130 204 202347 34 202631 207 202844 38 203094 4 203132 251 203593 6 203633 250 204092 8 204134 249 204593 7 204634 248 205095 4 205135 247 205596 2 205636 246 206137 244 206638 242 207139 240 207640 169 207829 49 208141 157 208347 30 208642 150 208854 21 209143 146 209359 14 209644 143 210145 138 210646 134 211147 130 211649 122 212150 114 212651 102 213152 92 213653 87 214154 82 214656 76 215157 73 215658 69 216159 63 216661 57 217163 51 217666 42 218169 33 218674 16
Bombay_168,25041 39 25413 48 25786 56 26160 63 26534 68 26908 71 27282 75 27656 79 28030 82 28404 86 28778 89 29153 91 29527 93 29901 95 30276 95 30650 97 31024 98 31398 100 31772 101 32146 103 32519 106 32893 107 33267 108 33641 110 34015 111 34389 112 34763 113 35136 115 35510 116 35884 117 36258 118 36632 119 37006 120 37380 121 37753 123 38127 124 38501 125 38875 126 39249 127 39623 128 39997 129 40371 130 40745 131 41119 132 41493 133 41867 134 42241 135 42616 135 42990 136 43364 137 43738 138 44112 139 44486 140 44860 141 45234 142 45608 143 45982 144 46356 145 46730 146 47104 147 47479 147 47853 148 48228 148 48603 148 48977 149 49352 149 49726 150 50101 150 50476 150 50851 150 51225 151 51600 151 51975 151 52349 152 52724 152 53098 153 53473 153 53848 153 54222 154 54597 154 54971 155 55346 155 55720 156 56095 156 56469 157 56844 157 57219 157 57593 158 57968 158 58342 159 58717 159 59092 159 59466 160 59841 160 60216 160 60590 161 60965 161 61339 162 61714 162 62089 162 62463 163 62838 163 63212 164 63587 164 63961 165 64335 166 64709 167 65084 167 65458 168 65833 168 66207 169 66582 169 66956 170 67331 170 67705 171 68080 171 68455 171 68829 172 69204 172 69578 173 69952 174 70327 174 70701 175 71075 176 71449 177 71823 178 72197 179 72570 181 72944 182 73318 183 73691 185 74065 186 74438 187 74812 188 75185 190 75559 191 75933 191 76307 192 76681 193 77054 195 77428 196 77803 196 78177 197 78551 199 78925 200 79299 201 79674 201 80048 202 80422 202 80797 202 81171 203 81546 203 81920 204 82295 203 82670 203 83044 204 83419 204 83793 205 84168 205 84543 205 84917 206 85292 206 85667 206 86041 208 86416 208 86791 208 87166 208 87540 209 87915 209 88290 209 88665 209 89040 210 89415 210 89789 211 90164 211 90539 211 90914 211 91289 211 91664 211 92039 211 92414 211 92789 211 93164 211 93538 213 93913 212 94288 212 94663 212 95038 212 95413 212 95787 213 96162 213 96537 213 96911 214 97286 214 97661 214 98035 214 98410 214 98785 213 99159 213 99534 211 99909 210 100283 210 100658 208 101033 207 101407 207 101782 205 102156 205 102531 204 102906 202 103281 201 103655 201 104030 200 104404 201 104779 200 105154 199 105529 21 105566 162 105903 19 105944 158 106278 16 106323 154 106653 14 106701 150 107028 12 107078 18 107102 124 107403 10 107456 11 107482 119 107779 6 107877 98 108255 95 108633 92 109012 88 109389 86 109766 83 110142 82 110519 80 110895 79 111271 78 111647 77 112023 76 112399 75 112774 75 113150 74 113525 74 113901 73 114276 47 114331 19 114652 45 114708 17 115027 43 115084 16 115402 43 115460 15 115777 42 115836 14 116153 40 116213 12 116528 40 116589 11 116903 39 116965 9 117278 39 117341 8 117653 38 117717 7 118028 38 118094 4 118403 37 118778 37 119153 36 119528 36 119903 35 120278 34 120652 35 121027 34 121402 34 121777 33 122152 32 122527 32 122902 31 123277 31 123652 30 124026 31 124401 30 124776 30 125151 29 125526 28 125900 29 126275 28 126650 28 127025 27 127400 27 127774 27 128149 27 128524 26 128899 26 129274 26 129648 26 130023 26 130398 25 130773 25 131148 25 131522 25 131897 24 132272 24 132646 24 133021 23 133396 22 133770 22 134145 21 134519 21 134894 19 135269 17 135643 16 136018 14 136392 14 136767 13 137141 13 137515 13 137890 12 138264 12 138638 12 139013 12 139387 12 139762 12 140136 12 140510 12 140885 12 141259 12 141634 11 142009 11 142383 11 142758 10 143133 9 143507 8 143882 6 144257 5 144631 5 145006 4 145381 3 145757 1
leonberger_165,10775 2 11014 4 11253 5 11492 6 11732 6 11971 7 12210 8 12450 8 12690 8 12929 8 13169 8 13408 9 13648 9 13888 9 14127 9 14367 9 14606 10 14846 10 15085 11 15325 10 15564 11 15804 11 16043 12 16283 11 16522 12 16761 13 17001 12 17240 13 17479 14 17719 13 17958 14 18197 14 18437 14 18676 15 18915 15 19155 15 19394 16 19634 16 19873 16 20112 17 20352 17 20591 18 20831 17 21071 17 21310 18 21550 18 21789 19 22029 18 22268 19 22508 19 22747 20 22987 20 23226 21 23465 21 23705 21 23944 22 24183 23 24422 24 24660 25 24899 26 25137 28 25376 28 25615 29 25854 30 26093 31 26333 30 26572 31 26811 32 27050 33 27289 34 27527 36 27766 36 28004 38 28241 41 28479 43 28716 46 28954 48 29192 50 29429 53 29665 57 29902 60 30138 64 30376 66 30539 3 30613 69 30776 10 30849 72 31012 16 31084 77 31249 22 31316 85 31488 27 31553 88 31727 30 31792 89 31965 39 32029 92 32204 56 32264 97 32442 159 32680 160 32919 161 33157 163 33395 164 33634 165 33873 166 34111 167 34351 167 34590 167 34829 168 35069 167 35308 168 35548 167 35787 168 36027 168 36266 168 36506 168 36745 169 36985 169 37225 168 37464 169 37704 169 37943 170 38183 170 38423 170 38662 171 38902 171 39142 171 39381 172 39621 172 39861 172 40100 173 40340 173 40580 173 40820 173 41060 173 41299 174 41539 174 41739 6 41779 174 41978 8 42019 174 42217 10 42259 175 42456 12 42499 175 42695 13 42739 175 42934 14 42978 176 43173 16 43218 176 43412 17 43458 176 43652 16 43698 176 43891 17 43938 177 44130 18 44178 178 44369 18 44418 179 44607 19 44658 181 44846 18 44898 204 45138 203 45378 201 45618 199 45858 198 46098 197 46338 196 46579 194 46819 193 47059 193 47299 192 47539 192 47779 192 48020 190 48260 190 48500 190 48740 189 48980 189 49221 187 49461 187 49701 186 49942 185 50182 185 50423 184 50663 183 50904 182 51144 182 51385 181 51625 180 51866 179 52107 178 52347 178 52588 177 52828 177 53069 175 53310 174 53551 173 53792 172 54034 170 54275 169 54516 168 54757 167 54998 166 55240 163 55481 162 55723 45 55774 109 55964 42 56015 108 56206 38 56256 107 56448 35 56497 106 56690 32 56738 105 56932 28 56978 105 57174 25 57219 104 57416 21 57459 103 57658 18 57699 103 57901 13 57940 102 58180 102 58420 102 58660 101 58900 101 59141 100 59381 100 59621 100 59861 99 60101 99 60341 99 60580 100 60820 99 61060 99 61300 99 61540 99 61780 98 62020 98 62260 98 62499 99 62739 99 62979 99 63219 98 63459 98 63699 98 63939 98 64179 98 64419 98 64659 98 64899 98 65139 98 65379 99 65619 99 65859 99 66099 99 66339 100 66579 100 66819 100 67059 100 67299 100 67539 100 67779 100 68019 101 68259 101 68499 101 68739 101 68979 101 69219 101 69459 101 69699 101 69939 102 70179 102 70419 102 70659 102 70899 102 71139 102 71378 103 71618 103 71858 104 72098 104 72338 104 72578 104 72818 104 73058 104 73298 104 73538 104 73778 104 74018 104 74258 104 74498 104 74737 105 74977 105 75217 105 75457 105 75697 105 75937 105 76177 105 76416 107 76656 107 76896 107 77136 107 77376 107 77616 107 77855 109 78095 109 78335 109 78575 109 78815 109 79054 110 79294 110 79534 111 79774 111 80013 112 80253 112 80493 112 80733 112 80973 112 81213 112 81453 112 81692 113 81932 113 82172 113 82412 113 82652 113 82892 112 83132 112 83372 112 83612 112 83852 112 84092 112 84332 112 84572 112 84812 112 85052 112 85292 112 85532 112 85772 112 86012 112 86252 112 86492 112 86733 111 86973 111 87213 111 87453 111 87693 111 87933 110 88173 110 88413 110 88654 109 88894 109 89134 109 89374 109 89614 109 89854 109 90095 108 90335 108 90575 109 90815 108 91056 107 91296 107 91536 107 91777 106 92017 106 92257 106 92498 105 92738 105 92979 104 93219 104 93460 103 93700 103 93941 102 94182 101 94422 101 94663 100 94904 99 95145 98 95385 98 95626 97 95867 96 96108 95 96348 96 96589 95 96830 94 97071 93 97312 92 97553 92 97794 91 98034 91 98275 90 98516 89 98756 89 98997 89 99237 89 99478 88 99719 87 99959 87 100200 86 100440 86 100681 85 100922 84 101162 84 101403 83 101643 83 101884 82 102125 81 102365 81 102606 80 102846 80 103087 79 103328 78 103568 78 103809 77 104050 76 104291 75 104531 75 104773 73 105014 72 105255 71 105496 70 105737 69 105978 68 106219 67 106460 66 106701 65 106941 65 107182 64 107423 63 107663 63 107904 62 108145 61 108386 59 108627 58 108869 56 109110 55 109352 53 109595 21 109630 15 109837 15 109871 13 110113 11 110355 9 110596 7 110838 4
Bengal_31,131 162 464 163 797 173 1131 172 1464 173 1796 176 2128 180 2461 181 2793 183 3126 184 3459 184 3792 186 4125 188 4458 190 4791 192 5124 193 5457 195 5790 196 6123 198 6455 203 6788 206 7121 206 7454 206 7787 206 8120 206 8453 206 8786 206 9118 207 9451 207 9784 207 10117 207 10450 207 10783 207 11116 207 11449 207 11781 208 12114 208 12447 208 12780 208 13113 208 13445 209 13778 209 14111 209 14444 209 14776 210 15109 210 15442 210 15775 210 16107 211 16440 211 16773 211 17106 211 17438 212 17771 212 18104 212 18437 212 18770 212 19102 213 19435 213 19768 213 20101 213 20434 213 20766 214 21099 214 21432 214 21764 215 22097 215 22430 215 22763 215 23095 216 23428 216 23761 216 24094 216 24427 216 24759 217 25092 217 25425 217 25758 217 26091 217 26424 217 26757 217 27089 218 27422 218 27755 51 27810 163 28088 48 28147 159 28421 46 28482 157 28754 45 28816 156 29087 44 29150 155 29420 43 29483 155 29753 42 29817 154 30086 42 30150 154 30419 41 30484 153 30752 40 30817 153 31085 39 31150 153 31419 37 31483 153 31752 37 31815 154 32085 36 32148 154 32418 35 32481 154 32752 33 32813 155 33085 32 33145 156 33418 31 33477 157 33752 29 33809 144 33960 7 34085 29 34141 144 34418 28 34472 144 34752 27 34803 145 35085 26 35134 146 35418 26 35462 151 35751 25 35793 152 36084 25 36123 155 36418 25 36454 157 36751 25 36786 158 37084 26 37117 159 37417 26 37449 160 37750 27 37779 163 38083 192 38416 192 38750 191 39083 191 39416 191 39749 191 40082 191 40415 191 40748 191 41081 191 41414 190 41747 190 42080 189 42413 189 42746 189 43079 188 43412 188 43745 188 44078 188 44411 188 44744 188 45077 189 45410 189 45743 189 46076 189 46409 189 46742 189 47075 189 47408 189 47741 189 48074 189 48407 189 48740 189 49073 189 49406 189 49739 189 50072 189 50405 189 50738 189 51071 189 51404 190 51737 190 52070 190 52403 190 52736 191 53069 192 53402 192 53735 193 54068 195 54401 196 54734 197 55067 199 55400 201 55733 204 56066 208 56399 212 56732 212 57065 212 57398 212 57731 212 58064 212 58397 212 58729 213 59062 213 59395 213 59728 211 60061 13 60079 193 60394 10 60417 187 60727 9 60752 184 61060 8 61087 181 61392 8 61422 178 61725 8 61756 177 62058 8 62092 173 62390 8 62427 170 62722 9 62763 167 63055 9 63099 163 63387 10 63434 161 63719 11 63768 159 64051 12 64103 157 64384 13 64437 155 64715 15 64772 153 65047 16 65106 152 65379 18 65440 150 65711 19 65774 149 66043 20 66108 148 66375 22 66442 147 66707 24 66776 145 67039 25 67110 144 67371 27 67443 144 67702 30 67777 143 68034 32 68111 142 68365 35 68444 141 68695 39 68778 140 68980 14 69024 44 69112 139 69308 95 69445 139 69639 99 69779 137 69970 103 70112 137 70301 106 70445 137 70633 109 70779 135 70965 112 71112 135 71296 116 71446 133 71628 118 71779 133 71961 120 72112 132 72293 123 72446 131 72626 124 72779 130 72959 126 73112 129 73292 128 73446 128 73625 129 73779 127 73959 130 74112 127 74293 130 74445 126 74626 132 74779 124 74960 133 75112 124 75294 133 75445 123 75629 133 75778 122 75963 134 76111 122 76297 134 76444 121 76632 133 76777 120 76966 133 77110 119 77300 133 77443 118 77634 133 77776 117 77968 134 78109 116 78302 134 78441 116 78636 253 78970 251 79305 248 79638 247 79972 245 80306 243 80640 240 80973 239 81307 236 81641 233 81974 232 82308 228 82641 226 82975 223 83309 219 83642 216 83975 214 84309 210 84642 207 84976 204 85309 200 85642 198 85975 195 86309 192 86642 189 86975 185 87308 181 87641 177 87975 174 88308 171 88641 168 88974 166 89307 163 89640 160 89973 157 90306 151 90640 145 90973 139 91306 135 91639 131 91972 129 92305 127 92638 125 92971 123 93304 121 93637 120 93970 119 94303 118 94636 118 94970 116 95303 116 95636 115 95969 115 96302 114 96634 115 96967 114 97300 114 97633 114 97966 113 98299 113 98632 113 98965 112 99297 113 99630 113 99963 112 100296 112 100628 112 100961 111 101294 111 101626 111 101959 110 102291 111 102624 110 102956 109 103289 108 103621 108 103953 108 104286 107 104618 107 104950 105 105282 105 105614 104 105947 102 106279 102 106611 101 106943 101 107275 100 107607 98 107939 97 108271 96 108603 95 108935 94 109267 93 109599 53 109658 33 109931 48 109995 23 110263 46 110332 17 110595 44 110927 40 111259 36 111591 34 111923 31 112255 30 112587 27 112920 24 113252 22 113584 20 113917 16 114250 14 114584 8
keeshond_162,48132 19 48261 7 48626 43 48755 19 49122 55 49252 29 49618 66 49750 42 50113 76 50248 75 50609 83 50746 81 51105 89 51244 87 51603 94 51742 92 52100 99 52241 97 52597 104 52739 104 53095 108 53237 109 53593 112 53735 115 54089 119 54233 121 54587 123 54730 129 55085 129 55225 140 55580 291 56076 299 56571 308 57066 316 57562 323 58059 328 58557 332 59056 335 59555 338 60054 340 60554 342 61054 343 61554 344 62053 346 62553 347 63053 348 63552 350 64052 351 64552 353 65052 354 65552 357 65937 7 66052 360 66432 12 66552 365 66926 19 67052 392 67552 392 68052 391 68552 390 69051 389 69551 387 70051 384 70551 380 71051 376 71551 372 72051 369 72551 367 73051 364 73551 362 74051 360 74551 358 75051 356 75551 355 76050 120 76178 226 76550 118 76681 221 77050 117 77182 218 77550 117 77683 216 78050 116 78184 213 78550 116 78684 212 79050 116 79185 209 79550 116 79685 208 80050 116 80185 206 80550 116 80686 203 81050 115 81186 202 81550 115 81687 200 82050 115 82187 198 82549 115 82688 195 83049 115 83188 194 83549 115 83688 193 84049 114 84187 193 84549 114 84687 192 85049 114 85187 191 85549 114 85686 191 86049 113 86186 190 86549 113 86686 189 87049 113 87185 189 87549 113 87685 188 88048 114 88185 187 88548 114 88685 187 89048 114 89185 187 89548 115 89685 186 90047 116 90185 186 90547 117 90686 185 91047 117 91186 185 91547 118 91686 185 92047 119 92186 185 92547 120 92686 186 93047 122 93186 186 93547 123 93686 187 94047 125 94187 186 94547 127 94687 187 95047 130 95187 188 95547 132 95687 189 96047 134 96187 190 96547 331 97048 331 97548 332 98048 333 98549 334 99049 335 99550 335 100050 336 100551 336 101051 338 101552 338 102052 339 102553 339 103054 340 103554 341 104055 342 104556 342 105056 344 105557 345 106058 345 106558 348 107059 349 107560 352 108060 356 108561 360 109062 363 109563 364 110064 364 110564 365 111065 365 111566 364 112067 363 112567 362 113068 360 113569 336 114070 330 114571 327 115072 324 115573 321 116074 319 116575 316 117076 313 117577 311 118078 309 118580 305 119081 302 119582 300 120084 295 120587 289 121089 284 121594 274 122097 266 122601 257 123105 249 123609 241 124113 234 124617 226 125120 219 125623 213 126125 208 126627 203 127129 199 127631 101 127740 86 128132 98 128242 82 128634 94 128742 79 129135 83 129243 76 129637 76 129743 73 130139 74 130243 71 130640 73 130743 69 131142 71 131242 67 131644 70 131741 66 132146 68 132240 65 132648 66 132739 65 133151 63 133238 64 133654 59 133738 63 134157 55 134239 61 134663 48 134740 59 135173 37 135243 55 135678 32 135744 54 136182 26 136245 52 136688 16 136745 51 137246 49 137747 47 138249 44 138750 42 139251 40 139752 38 140253 35 140755 31 141256 28 141758 23 142261 16
japanese_chin_47,10634 16 11131 31 11629 44 12127 52 12625 58 13124 63 13623 67 14121 72 14620 75 15119 77 15619 79 16118 81 16617 84 17116 86 17616 87 18115 90 18614 92 19114 93 19613 96 20113 97 20613 99 21112 102 21612 105 22112 108 22612 112 23111 116 23611 119 24111 121 24611 123 25110 126 25610 127 26110 129 26610 130 27110 131 27609 133 28109 134 28609 134 29109 135 29609 136 30108 138 30608 138 31108 139 31607 140 32107 141 32607 142 33107 143 33606 146 34106 147 34606 147 35106 148 35605 150 36105 152 36604 155 37104 159 37603 164 38103 171 38603 192 39102 204 39602 207 40102 209 40601 212 41101 213 41601 215 42100 218 42600 220 43100 222 43600 224 44099 228 44599 232 45099 238 45352 19 45599 274 46099 275 46599 275 47099 276 47599 276 48100 276 48600 276 49101 275 49602 275 50103 274 50605 272 51105 273 51606 272 52103 275 52597 282 53095 284 53594 285 54093 287 54591 289 55090 291 55589 292 56089 293 56588 294 57087 296 57587 296 58087 297 58587 298 59086 299 59586 300 60086 301 60586 301 61085 303 61585 304 62085 305 62585 305 63085 306 63585 307 64085 308 64586 308 65086 309 65586 310 66087 309 66587 310 67087 311 67587 312 68087 313 68588 313 69088 313 69588 314 70088 315 70589 315 71089 315 71589 40 71634 271 72089 38 72137 269 72589 36 72638 268 73089 35 73139 268 73589 35 73641 266 74089 36 74141 266 74590 35 74641 267 75090 36 75141 267 75590 36 75640 268 76091 36 76140 269 76591 36 76640 269 77092 35 77141 268 77593 34 77642 268 78094 32 78143 267 78595 31 78644 267 79097 29 79145 9 79158 253 79600 25 79647 2 79660 252 80102 23 80162 250 80605 20 80664 248 81109 16 81165 247 81615 8 81667 246 82120 1 82169 244 82670 243 83171 242 83672 241 84173 240 84674 239 85175 238 85676 236 86178 234 86680 232 87182 229 87684 227 88186 225 88688 223 89189 222 89691 219 90192 218 90693 217 91193 216 91694 215 92194 215 92694 215 93194 214 93694 214 94194 214 94694 213 95194 213 95694 213 96194 213 96694 213 97193 214 97693 214 98193 213 98693 213 99193 213 99693 213 100193 213 100693 212 101193 212 101693 212 102193 212 102693 211 103193 211 103693 211 104194 210 104694 210 105195 208 105695 208 106195 207 106696 206 107196 205 107697 204 108198 202 108698 202 109198 201 109699 199 110200 197 110701 195 111201 194 111702 192 112203 190 112704 188 113204 188 113706 185 114207 183 114708 182 115209 180 115710 178 116211 177 116713 174 117214 172 117715 171 118216 169 118717 167 119219 42 119262 121 119720 35 119765 117 120221 29 120267 114 120722 23 120770 109 121224 16 121272 106 121727 8 121774 103 122276 100 122778 97 123282 92 123785 88 124288 34 124333 39 124791 25 124838 33 125294 18 125341 29 125803 1 125845 24 126348 20 126852 15 127355 10
Siamese_119,56083 3 56416 6 56750 8 57085 8 57419 9 57754 9 58088 10 58423 10 58757 11 59092 11 59427 11 59762 11 60097 10 60432 10 60766 11 61101 11 61436 10 61771 10 62106 10 62441 9 62776 9 63110 10 63445 10 63779 11 64114 12 64448 13 64782 14 65117 15 65451 17 65785 18 66120 19 66407 7 66454 21 66741 10 66788 23 67076 12 67122 25 67411 14 67456 27 67746 17 67790 29 68081 20 68123 33 68417 21 68457 37 68752 23 68790 42 69088 25 69123 46 69424 27 69455 54 69761 91 70097 94 70433 97 70769 99 71105 101 71441 104 71778 106 72114 110 72450 113 72786 114 73122 117 73458 119 73793 124 74129 128 74464 134 74799 149 75134 152 75469 155 75805 155 76140 156 76475 157 76810 157 77145 156 77480 156 77815 156 78150 156 78485 156 78820 156 79155 157 79490 158 79825 159 80160 162 80495 165 80830 166 81165 167 81500 167 81835 166 82169 167 82504 167 82839 167 83173 168 83508 168 83842 169 84176 170 84510 171 84844 172 85178 174 85511 177 85845 178 86178 181 86511 184 86845 185 87179 186 87512 188 87846 189 88180 190 88515 29 88550 155 88849 27 88887 153 89184 25 89224 151 89520 22 89562 148 89856 18 89899 146 90193 14 90237 143 90574 142 90909 142 91245 142 91580 142 91916 142 92251 143 92586 144 92921 144 93255 146 93590 146 93925 146 94259 147 94594 147 94928 148 95262 149 95596 150 95930 151 96263 153 96594 158 96928 159 97262 160 97596 161 97931 161 98267 160 98602 160 98937 160 99273 159 99608 37 99652 114 99944 33 99989 13 100010 90 100280 30 100329 2 100347 87 100616 27 100684 83 100954 21 101021 79 101291 17 101357 75 101630 8 101694 69 102030 58 102367 49 102705 38 103043 29
japanese_chin_159,33402 4 33754 9 34107 13 34461 16 34814 20 35167 23 35520 26 35874 28 36227 31 36581 33 36934 35 37287 38 37641 41 37994 43 38347 46 38701 48 39054 50 39407 53 39761 55 40114 58 40467 61 40820 64 41174 66 41527 69 41880 72 42233 76 42587 78 42940 81 43293 85 43646 88 43999 93 44352 97 44706 101 45059 106 45412 110 45765 117 46118 122 46471 126 46824 131 47178 133 47531 138 47884 152 48237 156 48590 160 48944 161 49297 162 49650 163 50003 164 50357 165 50710 166 51063 167 51416 168 51770 168 52123 169 52477 169 52830 169 53184 169 53537 170 53891 170 54244 171 54598 171 54951 172 55305 172 55658 173 56012 174 56365 175 56719 175 57072 176 57426 177 57780 177 58133 178 58487 179 58840 180 59194 180 59547 182 59901 182 60254 183 60608 183 60961 185 61314 186 61668 186 62022 186 62375 188 62729 188 63082 189 63436 190 63790 190 64143 192 64497 192 64851 193 65204 195 65558 196 65912 197 66266 203 66620 205 66973 207 67327 207 67681 208 68035 208 68389 208 68743 208 69097 208 69451 208 69805 208 70159 208 70513 208 70867 208 71221 208 71575 208 71929 208 72283 208 72636 209 72990 209 73344 208 73698 208 74052 208 74406 208 74760 208 75114 208 75468 208 75821 208 76175 208 76529 208 76883 208 77237 208 77591 208 77945 208 78299 208 78653 208 79006 208 79360 208 79714 208 80068 208 80422 208 80776 208 81130 208 81484 208 81837 209 82191 209 82545 208 82899 208 83253 208 83607 208 83961 208 84315 208 84669 208 85023 208 85377 208 85731 208 86085 208 86439 208 86793 208 87147 208 87501 207 87855 207 88209 207 88563 207 88917 208 89271 208 89625 208 89979 208 90333 208 90687 209 91041 209 91395 209 91749 209 92103 209 92457 210 92811 210 93166 209 93520 210 93874 210 94228 211 94582 211 94937 210 95291 211 95645 211 96000 211 96354 211 96708 212 97062 212 97417 212 97771 212 98125 213 98480 212 98834 212 99188 213 99543 212 99897 213 100251 213 100606 213 100960 213 101314 214 101669 213 102023 214 102377 214 102732 214 103086 214 103440 215 103795 214 104149 214 104503 215 104858 214 105212 214 105566 214 105921 214 106275 214 106629 214 106984 213 107338 213 107692 214 108047 213 108401 213 108756 212 109110 212 109465 212 109819 212 110174 211 110529 210 110883 210 111238 210 111593 209 111948 208 112302 208 112657 208 113012 207 113367 206 113721 206 114076 206 114431 205 114785 205 115140 204 115495 203 115849 204 116204 203 116559 202 116913 202 117268 201 117622 201 117977 200 118331 200 118686 199 119041 198 119395 198 119750 197 120104 197 120458 197 120812 197 121166 197 121520 197 121874 197 122228 196 122582 196 122936 196 123290 196 123644 196 123998 196 124352 196 124706 196 125060 196 125414 196 125768 196 126122 196 126477 195 126831 194 127185 194 127539 194 127894 193 128249 191 128604 189 128959 188 129314 186 129670 184 130025 182 130381 179 130738 175 131094 172 131450 168 131806 165 132162 160 132518 156 132874 152 133231 147 133587 144 133943 140 134299 137 134655 133 135011 129 135366 125 135722 119 136078 113 136433 111 136789 108 137144 106 137500 103 137855 101 138210 98 138565 97 138920 95 139276 92 139631 91 139986 89 140342 86 140697 84 141052 82 141407 80 141763 77 142119 74 142474 73 142830 70 143185 68 143540 66 143896 63 144252 60 144608 57 144964 54 145320 51 145676 48 146032 44 146389 40 146745 37 147101 34 147458 30 147814 27 148170 23 148527 19 148885 14 149242 9
British_Shorthair_83,27123 19 27448 32 27778 38 28108 43 28437 49 28766 55 29096 60 29426 65 29755 71 30085 76 30417 79 30747 85 31079 88 31410 94 31741 99 32072 104 32201 10 32404 110 32523 24 32735 146 33067 149 33398 152 33730 154 34062 155 34394 157 34726 159 35058 160 35391 161 35723 162 36056 163 36388 164 36720 165 37053 166 37385 167 37718 167 38050 168 38383 169 38715 170 39048 170 39380 171 39713 172 40046 172 40378 173 40711 174 41044 174 41377 174 41709 176 42042 176 42375 176 42708 176 43041 176 43374 177 43707 177 44039 178 44372 178 44705 179 45038 179 45371 179 45704 179 46037 180 46370 180 46702 181 47035 182 47368 182 47701 183 48034 184 48366 185 48699 186 49032 187 49364 188 49697 189 50030 190 50362 192 50695 193 51028 195 51360 197 51693 199 52025 201 52358 203 52690 205 53023 206 53355 208 53688 209 54020 210 54352 212 54685 212 55017 214 55349 215 55682 215 55991 1 56014 217 56323 5 56346 218 56656 6 56678 219 56989 7 57010 221 57322 9 57342 222 57656 10 57673 224 57989 242 58322 242 58656 241 58989 241 59322 242 59656 241 59989 241 60323 240 60656 240 60989 240 61323 239 61656 240 61989 240 62323 239 62656 239 62989 239 63323 238 63656 238 63989 238 64323 237 64656 237 64989 237 65323 236 65656 236 65989 236 66322 236 66656 235 66989 235 67322 235 67655 235 67988 235 68321 234 68654 234 68987 234 69321 233 69654 233 69987 233 70320 233 70653 232 70987 231 71320 231 71653 231 71986 231 72319 231 72652 230 72985 230 73318 230 73651 230 73984 230 74317 230 74650 229 74983 229 75316 229 75649 229 75982 229 76315 229 76648 229 76981 229 77314 229 77647 229 77980 229 78314 228 78647 228 78980 228 79313 228 79646 228 79979 228 80312 228 80645 228 80979 227 81312 227 81645 227 81978 227 82311 227 82644 227 82977 227 83310 227 83644 226 83977 226 84310 227 84643 227 84976 227 85309 227 85643 226 85976 226 86309 226 86642 226 86975 226 87308 226 87641 226 87974 226 88307 226 88640 226 88973 226 89307 225 89640 225 89973 225 90306 225 90639 225 90972 225 91305 225 91638 225 91971 225 92304 225 92637 225 92970 225 93304 224 93637 224 93970 224 94303 224 94636 223 94969 223 95302 223 95635 223 95967 224 96300 224 96633 224 96966 224 97299 224 97632 224 97965 223 98298 223 98631 223 98964 223 99297 223 99629 224 99962 224 100295 224 100627 225 100960 225 101292 226 101625 226 101957 227 102290 227 102622 228 102955 228 103287 229 103620 229 103952 230 104284 231 104617 230 104949 231 105282 231 105614 232 105947 232 106279 232 106611 233 106944 233 107276 40 107329 12 107344 165 107609 31 107681 161 107941 29 108017 158 108274 25 108353 154 108606 24 108689 151 108939 22 109024 149 109272 19 109361 144 109605 16 109695 143 109938 13 110031 140 110272 8 110367 136 110703 133 111039 129 111375 126 111710 124 112045 121 112379 120 112714 117 113050 114 113386 110 113722 107 114059 102 114395 99 114732 94 115071 87 115408 82 115748 75 116093 62 116433 54 116771 48 117107 44 117442 41 117780 34 118116 30 118455 22 118794 11
boxer_196,33254 3 33616 4 33977 7 34339 8 34701 10 35063 11 35425 12 35787 13 36149 15 36511 16 36873 18 37235 19 37597 21 37959 24 38321 26 38683 28 39045 30 39407 32 39769 34 40132 34 40494 36 40856 37 41218 39 41580 40 41942 41 42305 42 42667 43 43029 44 43391 46 43753 47 44115 49 44477 50 44839 52 45201 53 45563 55 45925 56 46288 57 46649 60 47011 62 47373 63 47735 65 48097 67 48459 69 48821 71 49183 73 49545 75 49907 77 50269 79 50630 30 50665 47 50992 29 51030 46 51354 29 51395 45 51716 28 51760 44 52078 28 52125 43 52439 30 52490 43 52801 30 52855 42 53163 30 53219 42 53524 32 53583 43 53885 33 53948 42 54247 34 54312 42 54608 35 54676 43 54970 36 55040 43 55332 37 55404 44 55693 38 55769 44 56054 40 56133 45 56246 2 56416 41 56497 48 56605 8 56777 43 56861 55 56965 11 57138 45 57226 58 57325 14 57499 47 57590 60 57683 19 57860 48 57954 61 58041 25 58222 49 58318 62 58401 28 58583 51 58683 62 58760 32 58945 52 59047 64 59119 36 59306 54 59411 107 59668 55 59775 107 60030 56 60139 107 60392 56 60503 107 60753 58 60867 106 61115 59 61230 107 61477 60 61594 107 61839 61 61958 107 62201 61 62322 107 62562 63 62685 107 62923 65 63049 106 63284 67 63413 105 63645 69 63778 104 64005 72 64142 103 64365 74 64506 102 64724 78 64870 100 65084 81 65246 87 65446 82 65613 83 65807 84 65980 78 66169 85 66348 73 66531 87 66733 50 66893 89 67107 38 67255 91 67475 31 67617 93 67847 19 67979 109 68126 1 68341 126 68487 5 68703 133 68849 7 69065 135 69212 7 69427 136 69574 8 69789 138 69937 8 70151 141 70293 2 70299 10 70514 144 70661 11 70876 146 71024 12 71238 161 71600 164 71962 165 72325 166 72687 168 73049 169 73411 171 73774 171 74136 174 74499 175 74861 178 75224 180 75586 183 75949 184 76312 186 76675 187 77037 189 77400 190 77763 191 78126 192 78489 192 78852 193 79215 193 79578 194 79941 194 80304 194 80667 195 81030 195 81393 195 81755 197 82118 197 82481 180 82663 15 82844 178 83029 12 83207 177 83393 12 83570 176 83757 11 83933 175 84121 10 84296 175 84484 10 84658 175 84848 9 85021 175 85212 8 85384 174 85576 6 85747 174 85940 5 86110 174 86473 174 86836 174 87199 174 87562 173 87925 173 88289 172 88652 172 89015 172 89378 172 89741 172 90104 172 90468 171 90831 171 91194 171 91557 170 91921 169 92106 4 92284 169 92467 7 92647 169 92829 9 93010 168 93191 12 93374 167 93553 14 93737 165 93915 17 94100 150 94277 21 94464 147 94640 26 94827 145 95003 27 95190 142 95366 28 95553 140 95728 29 95917 137 96091 29 96280 135 96454 30 96643 134 96817 30 97006 133 97181 30 97369 132 97544 30 97733 130 97907 30 98096 129 98269 32 98459 128 98632 32 98822 127 98995 32 99185 126 99358 33 99548 125 99721 33 99912 113 100032 2 100084 34 100275 110 100447 34 100638 107 100809 35 101001 105 101172 36 101364 103 101535 36 101727 101 101898 36 102091 99 102261 36 102454 98 102625 36 102817 96 102988 36 103180 95 103351 36 103544 92 103714 36 103907 90 104078 35 104270 89 104441 36 104633 86 104805 36 104996 84 105168 13 105188 16 105359 82 105531 13 105552 16 105722 80 105894 12 105915 16 106086 78 106258 11 106278 17 106449 77 106621 10 106642 16 106812 75 106984 10 107005 16 107175 74 107347 10 107368 17 107538 73 107710 10 107730 18 107901 73 108073 10 108093 18 108264 72 108436 10 108456 19 108627 72 108799 10 108819 19 108990 72 109162 11 109182 19 109353 72 109525 11 109545 20 109716 72 109888 11 109908 20 110079 72 110188 2 110252 10 110270 21 110442 73 110551 3 110615 10 110632 22 110806 72 110914 4 110978 11 110995 23 111169 73 111277 4 111341 10 111357 24 111532 73 111640 5 111704 10 111720 24 111895 73 112003 5 112067 10 112083 25 112258 74 112366 5 112431 9 112446 25 112621 74 112729 5 112794 9 112808 26 112985 73 113092 6 113157 9 113171 26 113348 73 113455 7 113521 7 113534 26 113711 74 113818 6 113884 7 113897 26 114075 73 114182 5 114248 5 114259 27 114438 73 114545 5 114611 5 114622 27 114802 72 114909 4 114975 4 114985 27 115166 71 115272 4 115338 3 115347 28 115530 71 115636 3 115710 29 115894 70 116000 2 116073 30 116259 69 116364 1 116436 30 116624 67 116798 32 116990 64 117161 32 117355 62 117524 33 117721 60 117886 34 118087 58 118249 34 118452 56 118612 35 118818 54 118975 35 119183 52 119338 35 119549 50 119700 37 119914 48 120063 37 120280 46 120427 36 120645 45 120790 37 121010 43 121153 37 121375 42 121515 38 121740 40 121878 39 122104 40 122241 39 122468 40 122604 39 122833 39 122967 40 123198 37 123330 40 123563 36 123693 41 123928 35 124056 41 124292 35 124419 41 124656 35 124782 42 125019 36 125145 42 125383 36 125508 42 125747 35 125871 43 126111 35 126235 42 126475 35 126598 42 126839 34 126961 42 127203 34 127325 42 127568 33 127688 42 127932 33 128051 42 128297 32 128414 42 128662 30 128777 43 129026 30 129140 43 129391 29 129503 43 129755 29 129867 42 130120 27 130230 43 130484 27 130593 43 130849 26 130956 43 131213 26 131319 43 131577 27 131682 44 131941 27 132045 44 132306 27 132408 44 132670 27 132771 45 133034 28 133134 45 133398 27 133497 45 133762 28 133860 45 134126 28 134223 45 134490 28 134586 44 134854 28 134949 44 135219 27 135313 42 135583 28 135676 43 135947 29 136039 43 136311 29 136402 43 136675 29 136765 43 137039 29 137128 43 137403 29 137491 43 137767 30 137853 44 138131 30 138216 44 138495 30 138580 44 138858 31 138943 46 139222 31 139306 49 139586 31 139669 50 139950 31 140032 51 140314 31 140395 52 140678 32 140759 51 141042 32 141122 51 141406 32 141485 52 141770 32 141848 52 142135 32 142211 52 142498 32 142574 52 142862 32 142938 51 143227 31 143302 3 143307 46 143591 31 143665 2 143670 46 143955 31 144028 3 144034 45 144319 31 144392 2 144398 44 144683 31 144756 1 144761 45 145047 31 145125 44 145411 31 145488 45 145775 32 145851 45 146139 32 146214 45 146502 34 146577 46 146867 33 146940 46 147231 33 147303 46 147595 34 147666 47 147959 34 148028 48 148323 33 148390 49 148687 33 148753 50 149051 33 149116 50 149414 34 149479 50 149778 34 149842 51 150142 35 150205 51 150505 37 150568 51 150869 42 150931 52 151233 43 151294 52 151596 44 151657 52 151960 43 152020 53 152324 43 152383 53 152687 43 152746 53 153051 43 153109 53 153414 43 153472 54 153778 44 153835 54 154142 44 154197 55 154505 45 154558 57 154869 46 154919 59 155233 108 155596 108 155960 107 156323 107 156687 106 157050 107 157414 106 157777 106 158141 105 158504 106 158868 105 159162 2 159231 105 159524 5 159595 105 159887 5 159958 105 160249 7 160321 105 160612 8 160685 103 160975 8 161048 102 161337 10 161412 99 161700 10 161775 96 162063 10 162139 93 162425 12 162502 90 162788 12 162866 86 163151 12 163229 83 163514 12 163593 77 163876 14 163957 70 164239 14 164320 68 164602 14 164684 61 164965 15 165048 48 165100 5 165328 15 165412 47 165690 17 165777 43 166053 17 166142 37 166416 19 166506 34 166779 19 166871 31 167142 20 167236 27 167504 22 167603 22 167867 23 167970 16 168230 24 168337 8 168593 25 168956 25 169319 26 169682 26 170045 27 170408 27 170771 27 171134 28 171497 28 171860 29 172223 29 172586 29 172950 28 173313 28 173676 28 174039 28 174402 29 174766 28 175129 28 175492 28 175855 28 176218 28 176582 28 176945 28 177308 28 177671 29 178035 28 178398 28 178761 28 179125 27 179490 25 179854 24 180217 24 180581 22 180944 22 181308 21
Russian_Blue_242,16524 5 16823 12 16902 5 17122 17 17195 16 17422 24 17484 30 17723 32 17771 46 18023 97 18324 98 18624 103 18925 113 19225 130 19526 146 19827 150 20128 152 20428 154 20729 156 21030 158 21330 160 21631 162 21932 163 22116 6 22232 165 22415 10 22533 166 22714 13 22834 168 23014 14 23134 171 23314 16 23435 173 23614 17 23735 198 24036 198 24336 199 24637 199 24937 200 25237 201 25537 202 25837 203 26136 205 26436 207 26736 208 27035 210 27335 212 27635 213 27935 215 28235 217 28535 220 28835 222 29135 224 29434 226 29734 227 30034 227 30334 227 30634 227 30934 227 31235 226 31534 227 31834 227 32134 226 32434 226 32734 226 33035 224 33335 223 33635 222 33935 221 34235 220 34535 219 34835 218 35135 217 35435 216 35735 215 36035 215 36335 214 36634 215 36934 214 37233 215 37532 216 37832 216 38131 217 38430 218 38729 219 39028 220 39327 220 39627 220 39926 221 40225 222 40525 221 40824 27 40864 182 41124 24 41166 179 41423 23 41469 175 41723 20 41771 173 42023 18 42073 169 42323 15 42375 166 42624 11 42677 163 42926 3 42978 161 43279 158 43581 155 43882 153 44183 151 44483 150 44784 148 45085 147 45386 145 45687 143 45988 142 46289 140 46590 139 46891 137 47192 136 47493 135 47794 133 48095 132 48397 130 48698 129 48999 127 49301 125 49602 124 49904 122 50206 120 50507 119 50809 117 51110 115 51412 113 51715 109 52019 104 52322 100 52626 93 52930 86 53236 76 53552 57 53858 48 54166 37 54472 27 54784 9
newfoundland_37,28697 8 29058 34 29428 45 29800 51 30171 59 30539 70 30909 77 31280 85 31653 107 32027 134 32400 139 32774 141 33148 144 33521 147 33895 149 34269 151 34642 154 35016 156 35388 161 35761 164 36133 168 36504 173 36876 178 37249 181 37623 183 37997 185 38370 188 38744 190 39118 192 39492 194 39866 196 40240 198 40614 200 40988 202 41362 203 41736 205 42110 207 42484 209 42858 212 43232 213 43606 216 43981 217 44355 219 44729 221 45103 222 45478 223 45852 225 46226 226 46601 227 46976 227 47350 229 47725 229 48099 230 48474 231 48849 231 49223 233 49598 233 49972 235 50347 235 50722 236 51096 237 51471 238 51846 238 52220 240 52595 240 52970 241 53344 243 53719 244 54094 245 54468 247 54843 248 55218 249 55593 251 55967 254 56342 259 56616 1 56717 281 57092 284 57467 284 57841 285 58216 285 58591 285 58966 285 59341 285 59716 285 60091 285 60465 286 60840 286 61215 286 61590 286 61965 286 62340 286 62715 286 63090 286 63465 286 63839 287 64214 287 64589 287 64964 287 65338 288 65713 288 66088 288 66462 289 66837 289 67212 289 67586 290 67961 290 68335 291 68709 292 69082 294 69455 296 69827 299 70200 301 70574 302 70948 303 71323 303 71697 304 72071 305 72446 305 72820 306 73195 306 73569 307 73944 307 74318 308 74693 308 75067 309 75442 309 75817 309 76191 310 76566 310 76941 310 77315 311 77690 311 78065 311 78439 312 78814 312 79189 312 79563 313 79938 313 80313 313 80687 314 81062 314 81436 315 81811 315 82186 315 82560 316 82935 316 83309 317 83684 317 84059 317 84433 318 84808 318 85182 319 85557 319 85931 320 86306 320 86681 320 87055 321 87430 321 87805 321 88179 322 88554 322 88929 322 89304 322 89678 323 90053 323 90428 323 90803 323 91178 323 91552 324 91927 324 92302 324 92677 324 93052 324 93427 324 93802 324 94177 324 94552 324 94927 324 95301 325 95676 325 96051 325 96426 325 96801 325 97176 325 97551 325 97927 324 98302 324 98677 324 99052 324 99427 324 99802 324 100177 324 100552 324 100927 324 101302 324 101677 324 102052 324 102427 324 102802 324 103177 324 103552 324 103927 324 104302 324 104677 324 105052 324 105427 324 105803 323 106178 323 106553 323 106928 323 107303 323 107678 323 108053 323 108428 323 108804 322 109179 322 109554 322 109929 322 110304 322 110680 321 111055 321 111430 321 111805 321 112181 320 112556 320 112931 320 113307 319 113682 319 114057 319 114433 318 114808 318 115184 317 115559 317 115935 316 116310 316 116686 315 117061 315 117437 314 117812 314 118188 313 118563 313 118939 312 119314 312 119690 311 120065 311 120441 310 120816 310 121191 310 121567 309 121942 309 122317 309 122693 308 123068 308 123444 306 123819 306 124195 305 124570 305 124946 304 125322 303 125697 303 126073 302 126449 301 126825 300 127200 300 127576 299 127951 299 128327 298 128702 298 129078 297 129454 296 129829 296 130205 295 130580 295 130956 294 131331 294 131707 293 132083 292 132459 291 132834 291 133210 290 133586 289 133961 289 134337 288 134713 288 135089 287 135465 286 135841 285 136217 284 136593 283 136969 282 137346 280 137722 279 138099 277 138475 276 138852 274 139228 273 139605 271 139982 75 140060 191 140359 70 140437 189 140736 66 140813 188 141113 62 141189 187 141489 60 141565 186 141866 56 141941 185 142242 54 142317 184 142618 52 142693 183 142995 49 143069 182 143371 47 143444 182 143747 45 143820 181 144123 43 144196 180 144499 41 144571 180 144875 39 144947 179 145252 35 145322 179 145628 33 145698 178 146005 30 146074 177 146381 28 146450 176 146758 24 146825 176 147134 22 147201 175 147511 18 147577 174 147888 14 147953 173 148266 9 148328 51 148389 112 148704 48 148767 109 149080 45 149145 106 149456 43 149522 104 149832 41 149899 102 150208 39 150276 100 150585 36 150653 98 150961 34 151030 96 151337 32 151407 94 151714 30 151785 91 152091 27 152163 88 152467 26 152542 84 152844 23 152919 82 153220 22 153297 79 153597 20 153674 77 153973 18 154051 75 154350 16 154429 72 154726 14 154807 69 155103 10 155185 66 155480 7 155563 63 155857 3 155940 61 156317 59 156695 56 157071 55 157448 53 157825 51 158202 49 158578 48 158955 46 159331 45 159707 44 160083 43 160459 42 160834 42 161210 41 161585 41 161961 40 162337 39 162712 39 163087 39 163463 38 163838 38 164214 37 164589 37 164965 36 165340 36 165716 35 166091 35 166466 35 166842 34 167217 34 167592 34 167968 33 168343 33 168719 32 169094 32 169469 32 169845 31 170220 31 170596 30 170971 30 171346 30 171722 29 172097 29 172472 29 172848 28 173223 28 173599 27 173974 27 174349 27 174725 26 175100 26 175475 26 175851 25 176226 25 176601 25 176977 23 177352 23 177727 23 178103 22 178478 22 178853 22 179228 22 179603 22 179979 20 180354 20 180729 19 181104 19 181480 17 181855 17 182230 17 182606 15 182981 15 183357 13 183733 10 184109 8 184487 2
Birman_6,39193 2 39525 5 39859 5 40192 6 40525 7 40859 7 41192 8 41525 9 41859 9 42192 10 42269 5 42525 11 42602 7 42859 11 42934 9 43192 12 43267 10 43525 14 43600 11 43858 15 43934 11 44191 16 44267 12 44523 18 44600 12 44854 22 44933 13 45182 28 45267 13 45507 38 45600 13 45839 40 45933 14 46169 45 46267 13 46501 48 46600 14 46833 51 46933 15 47165 54 47267 14 47498 56 47600 15 47830 58 47933 15 48163 61 48266 16 48496 62 48600 15 48829 64 48933 16 49161 67 49266 17 49494 69 49600 16 49828 70 49933 17 50161 71 50267 17 50494 73 50600 17 50827 75 50934 17 51160 76 51267 18 51493 78 51600 18 51827 78 51934 18 52159 81 52267 19 52493 81 52601 18 52826 83 52934 19 53159 84 53268 19 53492 86 53601 19 53824 88 53935 19 54157 90 54268 20 54490 91 54602 19 54822 94 54935 20 55153 98 55268 21 55484 102 55602 20 55817 104 55935 21 56151 105 56268 22 56485 107 56601 22 56820 108 56933 24 57154 137 57352 2 57489 136 57685 4 57823 135 58018 6 58158 134 58352 6 58492 133 58685 8 58827 132 59019 8 59161 132 59352 9 59496 130 59686 10 59830 130 60020 10 60165 129 60353 11 60499 128 60687 11 60833 128 61021 11 61168 127 61354 13 61502 126 61688 13 61836 126 62022 13 62170 126 62355 14 62505 124 62689 14 62839 124 63022 15 63173 123 63356 15 63507 123 63690 15 63841 123 64023 16 64175 122 64357 16 64509 122 64690 17 64844 121 65024 17 65178 120 65357 18 65512 120 65691 18 65846 120 66024 19 66180 120 66357 20 66514 120 66691 20 66848 119 67024 21 67182 119 67358 21 67516 119 67691 22 67850 119 68024 23 68184 119 68358 23 68518 119 68691 24 68852 119 69024 25 69186 119 69358 25 69520 119 69691 26 69737 1 69854 120 70024 27 70071 1 70188 120 70358 28 70404 2 70522 121 70691 29 70737 3 70856 121 71024 30 71071 3 71189 123 71357 31 71404 4 71523 124 71689 34 71737 5 71857 125 72021 36 72070 6 72191 127 72352 40 72403 7 72525 129 72680 50 72733 10 72858 133 73012 65 73192 138 73340 71 73526 219 73860 218 74193 219 74527 219 74861 219 75195 218 75529 218 75863 218 76197 217 76531 217 76865 217 77200 215 77534 215 77868 215 78202 215 78536 215 78870 214 79203 215 79537 215 79871 215 80205 214 80539 214 80873 213 81207 213 81541 212 81875 211 82209 210 82543 209 82878 207 83212 206 83546 204 83880 201 84214 199 84549 196 84883 195 85217 193 85551 192 85886 190 86220 189 86554 188 86889 187 87223 186 87557 185 87892 184 88226 183 88561 182 88895 182 89229 181 89564 180 89898 180 90232 180 90567 178 90901 178 91236 177 91570 177 91904 177 92239 176 92573 176 92908 174 93242 174 93576 174 93911 173 94245 173 94580 172 94914 172 95249 170 95583 170 95917 170 96252 169 96586 169 96921 168 97255 167 97590 166 97924 166 98258 165 98593 164 98927 164 99262 163 99596 162 99931 161 100265 160 100600 159 100934 158 101269 157 101604 155 101938 155 102273 153 102608 151 102942 151 103277 149 103612 147 103947 145 104281 144 104616 143 104951 141 105286 140 105621 138 105956 137 106291 135 106626 134 106961 132 107296 131 107631 130 107966 129 108301 127 108637 125 108972 124 109308 122 109644 120 109979 119 110314 117 110651 114 110986 113 111322 111 111658 108 111993 107 112329 105 112665 103 113001 101 113338 98 113674 96 114011 93 114348 90 114684 88 115022 84 115359 82 115696 79 116033 76 116370 74 116705 73 117042 71 117377 71 117712 70 118048 69 118384 68 118719 68 119055 67 119390 67 119726 67 120061 67 120396 67 120731 67 121067 66 121402 66 121737 66 122072 65 122407 65 122742 65 123077 65 123412 65 123748 63 124083 63 124418 63 124754 62 125089 62 125424 62 125760 61 126095 61 126431 60 126766 59 127102 58 127438 57 127774 56 128109 56 128445 55 128780 54 129115 54 129450 54 129785 54 130121 52 130456 52 130791 52 131126 52 131461 51 131796 51 132131 51 132466 51 132801 51 133136 51 133470 51 133546 9 133805 51 133874 21 134140 52 134205 26 134475 53 134538 29 134809 56 134869 34 135144 94 135479 93 135813 94 136148 93 136483 92 136817 92 137152 90 137486 90 137821 89 138156 87 138491 86 138825 85 139160 84 139495 82 139830 80 140165 79 140499 78 140834 76 141169 74 141503 73 141838 71 142173 69 142508 67 142843 66 143177 65 143512 63 143847 61 144182 60 144517 58 144852 56 145186 56 145521 54 145856 52 146191 51 146526 49 146861 47 147196 46 147531 44 147866 42 148201 40 148537 37 148872 35 149207 32 149543 28 149878 25 150213 22 150549 17 150885 13 151221 8
keeshond_166,222 246 722 247 1221 249 1721 250 2220 252 2719 254 3218 256 3718 256 4217 258 4716 259 5215 260 5714 261 6213 263 6712 264 7210 266 7708 269 8207 270 8705 272 9203 274 9701 276 10199 278 10697 280 11195 282 11693 284 12191 285 12688 288 13186 290 13683 292 14181 294 14680 295 15178 296 15676 298 16175 299 16674 300 17173 301 17672 302 18171 303 18670 304 19169 305 19668 306 20167 308 20667 308 21166 309 21665 311 22165 311 22664 312 23163 313 23663 313 24162 314 24661 315 25160 317 25660 317 26159 318 26658 319 27157 320 27656 321 28155 322 28653 324 29152 325 29650 327 30148 328 30646 330 31144 331 31641 334 32139 335 32636 338 33133 340 33631 341 34128 343 34627 344 35125 345 35624 345 36122 346 36621 347 37120 347 37619 347 38118 347 38616 348 39115 349 39614 349 40112 351 40611 351 41110 352 41609 352 42107 353 42605 354 43104 355 43602 356 44100 357 44598 359 45096 360 45594 361 46092 362 46590 363 47087 366 47585 367 48083 368 48581 369 49078 371 49576 372 50075 372 50573 373 51071 374 51570 374 52068 375 52567 375 53065 376 53564 376 54062 376 54561 376 55060 375 55558 375 56057 373 56555 373 57053 372 57551 370 58049 367 58547 364 59045 364 59541 366 60038 368 60536 368 61033 371 61531 372 62028 374 62526 375 63025 375 63524 375 64023 375 64522 375 65021 374 65521 372 66021 369 66521 365 67022 358 67523 344 68025 320 68528 313 69032 307 69536 302 70042 295 70549 287 71061 275 71576 259 72082 253 72585 250 73088 247 73590 244 73894 2 74091 243 74394 2 74592 242 75093 241 75593 241 76094 240 76594 239 77094 239 77594 239 78094 239 78593 239 79093 239 79592 240 80091 240 80590 240 81089 240 81588 240 82087 240 82586 240 83084 241 83583 240 84081 241 84579 241 85077 241 85575 239 86074 236 86572 234 87070 229 87568 226 88066 225 88564 225 89063 225 89562 225 90060 226 90559 42 90610 176 91059 37 91114 171 91559 31 91617 168 92060 26 92118 166 92564 16 92620 164 93121 163 93622 162 94123 161 94624 160 95125 159 95626 158 96127 157 96628 156 97128 156 97629 155 98130 155 98631 154 99132 153 99632 153 100133 152 100634 152 101135 151 101635 151 102136 151 102637 150 103138 149 103639 149 104140 148 104641 148 105142 147 105643 146 106145 144 106646 144 107147 143 107648 142 108149 142 108650 141 109151 141 109653 139 110154 139 110655 138 111156 137 111657 137 112158 136 112660 134 113161 133 113663 131 114165 130 114668 127 115170 125 115672 122 116174 120 116676 118 117178 116 117679 115 118180 113 118681 112 119182 111 119683 110 120184 108 120685 107 121186 105 121686 105 122187 104 122688 103 123189 102 123689 101 124190 100 124691 98 125191 98 125692 95 126192 92 126693 90 127193 90 127694 89 128194 88 128695 87 129195 86 129696 85 130196 85 130697 84 131197 83 131698 82 132198 79 132699 73 133199 71 133700 68 134200 65 134701 62 135201 62 135701 61 136202 59 136702 59 137202 58 137703 57 138203 57 138704 55 139204 55 139704 55 140205 53 140705 53 141206 52 141706 52 142206 51 142707 50 143207 50 143707 50 144208 48 144708 48 145209 47 145709 46 146210 45 146710 44 147211 43 147711 43 148212 41 148713 40 149213 39 149714 37 150215 36 150715 35 151216 34 151717 32 152217 31 152718 29 153218 28 153719 27 154220 25 154720 24 155221 23 155721 22 156222 20 156723 18 157223 17 157724 15 158224 14 158725 12 159226 10 159726 9 160228 5
Birman_64,7430 6 7802 13 8158 36 8530 44 8903 50 9276 55 9344 14 9648 88 10012 107 10382 115 10755 118 11128 121 11501 125 11874 127 12247 129 12620 131 12993 133 13366 135 13739 137 14112 139 14486 140 14860 141 15234 142 15607 144 15981 145 16354 147 16727 149 17099 152 17472 154 17844 157 18218 158 18591 160 18965 161 19340 161 19714 162 20089 162 20464 162 20839 162 21213 163 21588 163 21962 164 22337 164 22711 165 23086 165 23460 166 23834 167 24207 169 24581 170 24954 172 25328 173 25702 174 26076 175 26450 176 26824 177 27199 177 27573 178 27947 179 28321 180 28695 181 29070 181 29444 182 29818 183 30192 184 30566 185 30940 186 31315 186 31689 187 32063 188 32438 188 32812 189 33187 189 33561 190 33936 190 34310 191 34685 191 35059 192 35434 192 35808 193 36183 193 36558 193 36933 193 37307 194 37682 194 38057 194 38431 195 38806 195 39180 196 39555 196 39930 196 40304 197 40678 198 41053 198 41427 199 41802 199 42176 200 42550 201 42924 202 43299 202 43673 203 44047 204 44421 205 44795 206 45169 207 45543 208 45918 208 46292 209 46666 210 47040 211 47414 212 47788 213 48162 214 48536 215 48910 216 49284 217 49658 218 50032 219 50406 220 50780 221 51154 222 51527 224 51901 225 52275 226 52648 228 53022 229 53395 231 53768 233 54141 235 54515 236 54888 238 55261 240 55634 242 56007 244 56379 247 56752 249 57125 251 57497 254 57870 256 58243 258 58615 261 58987 264 59360 266 59733 268 60106 270 60479 272 60852 274 61225 276 61598 278 61971 280 62343 283 62716 285 63087 289 63459 292 63830 296 64202 299 64572 304 64938 313 65303 323 65673 328 66044 332 66416 335 66787 339 67158 343 67530 346 67902 349 68275 351 68647 354 69020 356 69393 358 69765 361 70137 364 70511 365 70884 367 71258 368 71632 369 72005 371 72379 372 72753 373 73127 9374 82502 374 82877 374 83253 373 83629 372 84006 370 84382 369 84758 368 85134 367 85511 365 85887 364 86264 362 86641 360 87019 357 87397 354 87774 352 88151 350 88529 347 88906 345 89283 343 89660 341 90037 339 90414 337 90792 334 91169 332 91546 330 91923 328 92300 326 92677 324 93054 322 93431 320 93808 318 94184 317 94560 316 94936 315 95312 314 95688 313 96063 313 96439 312 96815 311 97190 311 97566 310 97941 310 98316 310 98692 309 99067 309 99443 308 99818 308 100193 308 100569 307 100944 307 101319 307 101695 306 102070 306 102445 306 102820 306 103196 305 103571 305 103946 305 104321 305 104697 304 105072 304 105448 303 105823 303 106198 303 106574 302 106949 302 107325 301 107700 301 108075 301 108451 300 108826 300 109202 299 109577 299 109953 298 110328 298 110703 298 111079 297 111454 297 111830 296 112205 296 112580 296 112956 295 113331 295 113706 295 114082 294 114457 294 114832 294 115208 293 115583 293 115959 292 116334 292 116710 291 117085 291 117460 291 117836 290 118211 290 118587 289 118962 289 119338 288 119713 288 120088 288 120464 287 120839 287 121215 286 121590 286 121965 286 122340 286 122716 285 123091 285 123466 285 123842 284 124217 262 124489 12 124593 259 124968 257 125343 255 125719 252 126094 249 126470 245 126845 241 127221 237 127596 235 127972 232 128347 231 128723 228 129098 226 129474 224 129849 223 130225 220 130600 219 130976 217 131351 215 131727 212 132102 211 132478 208 132853 206 133229 203 133605 199 133980 197 134356 194 134731 193 135107 191 135482 190 135857 188 136233 186 136608 185 136983 184 137359 182 137734 181 138109 180 138484 178 138860 176 139235 174 139610 172 139985 170 140360 167 140736 164 141111 160 141486 157 141861 153 142236 150 142612 147 142987 145 143362 143 143737 141 144112 139 144487 16 144508 116 144862 10 144888 107 145237 9 145266 101 145613 6 145651 87 145988 6 146030 79 146363 5 146409 72 146738 5 146789 63 147113 4 147168 54 147488 4 147549 42 147862 4 147943 13 148237 4 148612 4 148987 4 149362 4 149736 5 150111 4 150485 5 150860 5 151235 4 151609 5 151984 5 152359 4 152733 5 153108 4 153483 4 153858 3 154233 3
Persian_267,21001 6 21378 10 21756 11 22134 13 22512 15 22890 17 23268 19 23646 20 24024 22 24402 24 24780 25 25158 27 25536 28 25914 30 26292 31 26670 33 27048 34 27426 35 27804 37 28182 38 28560 39 28938 41 29316 42 29694 43 30072 45 30450 47 30828 48 30915 4 31205 51 31291 10 31583 53 31667 15 31960 56 32045 18 32338 58 32422 21 32715 60 32800 24 33092 64 33177 27 33470 67 33554 30 33847 70 33932 32 34223 76 34309 35 34599 125 34973 132 35347 138 35722 143 36098 147 36474 151 36845 161 37219 167 37596 170 37974 173 38352 176 38731 178 39110 180 39488 182 39867 184 40247 183 40626 184 41005 185 41384 185 41763 185 42142 186 42521 186 42900 187 43280 186 43659 186 44038 187 44417 187 44796 187 45175 188 45555 187 45934 188 46313 189 46692 189 47071 190 47450 191 47830 190 48209 191 48588 192 48967 193 49346 194 49725 195 50105 195 50484 197 50863 198 51242 199 51621 201 52000 202 52379 203 52758 205 53138 205 53517 207 53896 208 54275 210 54654 212 55033 213 55412 214 55791 216 56170 218 56549 219 56928 221 57307 222 57686 224 58065 226 58444 227 58823 230 59087 2 59202 233 59459 13 59581 236 59833 19 59960 272 60339 273 60718 274 61097 275 61476 275 61855 276 62233 278 62612 278 62991 279 63370 279 63749 280 64128 280 64506 282 64885 283 65264 283 65643 284 66021 285 66400 285 66779 286 67158 286 67536 287 67915 287 68294 287 68673 287 69051 288 69430 288 69809 288 70188 288 70567 287 70946 287 71325 286 71704 286 72083 285 72462 284 72841 283 73219 283 73598 282 73977 280 74356 279 74735 277 75115 273 75494 271 75873 267 76254 263 76643 252 77027 245 77408 241 77789 238 78169 235 78550 232 78930 230 79310 228 79690 227 80070 225 80450 224 80830 222 81210 222 81590 222 81970 221 82350 221 82730 221 83109 221 83489 220 83869 220 84249 219 84628 219 85008 218 85388 218 85767 218 86147 217 86527 217 86906 217 87286 216 87665 217 88045 216 88424 216 88803 217 89183 216 89562 216 89941 217 90321 216 90700 216 91079 217 91458 217 91837 217 92217 217 92596 217 92975 218 93354 218 93733 218 94112 219 94491 219 94870 219 95249 220 95628 220 96007 220 96386 221 96765 221 97144 221 97523 221 97902 221 98281 222 98660 222 99039 222 99418 222 99796 223 100175 223 100554 223 100933 223 101312 223 101691 223 102070 223 102449 223 102828 223 103207 223 103586 223 103966 222 104345 222 104725 221 105105 220 105485 219 105865 218 106245 217 106626 215 107006 214 107387 212 107767 211 108147 210 108527 209 108907 207 109287 206 109667 205 110047 204 110427 203 110807 202 111186 201 111566 200 111946 199 112326 197 112705 197 113085 196 113464 195 113844 194 114223 194 114602 193 114982 192 115361 192 115741 190 116120 190 116500 189 116879 189 117259 187 117639 186 118018 186 118398 184 118778 183 119158 182 119538 180 119918 179 120298 178 120679 175 121059 174 121441 171 121822 168 122203 166 122585 162 122967 158 123351 153 123735 147 124118 142 124501 137 124883 134 125267 128 125653 120 126035 116 126419 110 126803 103 127194 90 127595 67 127979 61 128362 55 128745 50 129127 45 129510 38 129894 30 130280 19
staffordshire_bull_terrier_85,249 84 582 85 914 86 1247 86 1580 86 1912 87 2245 87 2577 88 2909 89 3242 89 3574 90 3906 91 4239 91 4571 92 4903 93 5235 94 5568 94 5900 95 6232 96 6564 97 6897 97 7229 98 7561 99 7893 100 8226 100 8558 101 8890 102 9222 103 9554 104 9887 104 10219 105 10551 106 10883 107 11215 108 11547 109 11879 110 12211 111 12544 111 12876 112 13208 113 13540 114 13872 115 14204 116 14536 117 14867 119 15199 120 15531 121 15863 122 16196 122 16528 123 16860 124 17193 124 17525 125 17858 125 18190 126 18523 126 18856 126 19189 126 19388 4 19523 125 19720 6 19857 124 20052 7 20206 108 20385 7 20543 104 20717 9 20880 100 21050 9 21215 98 21382 10 21549 97 21715 10 21884 95 22048 10 22218 94 22380 11 22552 93 22713 11 22886 92 23046 11 23220 91 23379 12 23554 90 23712 12 23888 89 24044 14 24168 12 24222 88 24377 14 24497 19 24556 87 24710 15 24827 24 24890 86 25043 15 25156 29 25224 85 25376 16 25487 33 25558 84 25708 19 25818 36 25892 83 26041 28 26149 39 26226 82 26374 30 26480 42 26560 81 26707 31 26812 44 26894 80 27039 34 27143 46 27228 79 27372 35 27475 48 27562 78 27705 37 27807 50 27896 77 28038 39 28139 51 28230 76 28370 41 28471 53 28563 76 28703 43 28803 55 28897 75 29036 45 29134 58 29231 74 29369 47 29466 59 29565 73 29702 49 29798 61 29898 73 30034 51 30130 63 30232 72 30367 54 30461 66 30566 71 30700 56 30793 68 30899 71 31033 59 31125 71 31233 70 31366 62 31455 77 31567 69 31698 66 31786 81 31901 68 32031 69 32117 84 32234 68 32364 172 32568 67 32697 173 32902 66 33029 175 33236 65 33362 176 33570 64 33695 177 33904 63 34028 178 34238 62 34360 181 34572 59 34693 181 34906 54 35026 183 35241 28 35358 185 35576 20 35691 186 36024 186 36357 187 36690 187 37022 189 37355 189 37688 190 38021 190 38354 191 38687 191 39020 192 39353 192 39687 192 40020 192 40353 193 40686 193 41019 194 41353 193 41686 194 42019 195 42352 195 42686 195 42941 11 43019 196 43269 19 43352 197 43599 24 43686 197 43931 26 44019 199 44262 28 44352 200 44594 29 44686 200 44926 30 45019 201 45258 31 45352 202 45591 31 45686 202 45923 32 46019 203 46256 32 46353 203 46588 33 46686 204 46921 33 47020 204 47253 34 47353 205 47586 34 47687 204 47919 34 48020 205 48252 34 48354 205 48584 35 48687 205 48917 35 49021 205 49250 35 49354 205 49583 35 49688 205 49915 36 50021 205 50248 36 50355 204 50581 36 50688 205 50914 36 51021 205 51247 36 51355 204 51580 36 51688 204 51913 36 52021 204 52245 37 52355 203 52579 36 52688 203 52912 36 53021 203 53245 36 53354 203 53578 36 53688 202 53911 36 54021 202 54244 36 54354 202 54577 36 54687 202 54911 35 55021 201 55244 35 55354 201 55577 35 55687 201 55910 35 56020 201 56242 36 56353 200 56575 36 56687 199 56908 36 57020 198 57241 36 57353 198 57574 36 57686 197 57907 36 58019 197 58240 36 58352 196 58573 36 58685 195 58908 34 59018 194 59242 33 59351 193 59588 20 59684 193 59927 14 60018 191 60265 6 60351 190 60684 189 61017 188 61350 188 61683 187 62016 186 62349 186 62682 185 63016 184 63349 183 63682 183 64015 182 64348 182 64681 182 65014 181 65348 180 65681 180 66014 180 66347 179 66680 179 67013 179 67346 178 67680 177 68013 177 68346 176 68679 176 69012 176 69345 175 69678 175 70012 173 70345 173 70678 172 71011 171 71344 171 71678 169 72011 169 72344 168 72677 167 73011 166 73344 165 73677 165 74010 164 74343 164 74676 163 75009 163 75343 161 75676 161 76009 161 76342 160 76675 160 77008 160 77341 159 77674 159 78007 159 78340 159 78673 158 79006 158 79339 158 79672 158 80005 158 80339 156 80672 156 81005 156 81338 156 81671 155 82004 155 82337 155 82671 153 83004 153 83337 152 83670 151 84004 149 84337 148 84670 147 85004 144 85337 143 85671 141 86004 140 86338 138 86672 136 87006 134 87339 133 87673 61 87737 67 88007 54 88076 60 88341 43 88412 56 88676 35 88748 52 89010 33 89084 47 89344 30 89420 42 89679 26 89757 34 90014 22 90094 26 90349 17 90432 18 90685 13 91020 9 91356 3
Bombay_153,11168 1 11458 2 11747 3 12037 3 12326 4 12616 4 12906 4 13196 4 13486 4 13775 5 14065 4 14355 4 14645 4 14935 4 15224 4 15514 4 15804 4 16094 4 16384 4 16674 4 16963 4 17253 4 17543 4 17833 4 18123 4 18413 4 18703 4 18993 5 19283 5 19573 5 19863 5 20154 5 20444 5 20734 6 21024 6 21314 7 21604 7 21895 7 22185 7 22475 8 22765 8 23056 8 23105 7 23346 9 23393 11 23636 9 23682 14 23927 9 23971 16 24217 10 24260 18 24508 10 24549 19 24798 10 24838 21 25089 10 25128 21 25379 11 25417 23 25670 11 25706 24 25961 10 25995 25 26252 10 26284 27 26543 10 26573 28 26833 11 26863 28 27124 11 27152 29 27415 11 27441 30 27707 10 27729 32 27998 11 28018 33 28289 13 28305 36 28580 51 28870 51 29161 50 29451 51 29741 51 30031 51 30321 51 30611 51 30901 51 31191 51 31480 52 31770 52 32059 53 32348 54 32637 55 32926 57 33215 58 33504 59 33793 60 34082 61 34370 64 34659 65 34948 66 35237 68 35527 68 35816 69 36105 71 36394 72 36683 73 36973 74 37262 75 37552 75 37841 76 38131 76 38420 77 38710 76 38999 77 39289 76 39579 72 39868 70 40158 69 40448 68 40737 68 41027 68 41317 67 41607 67 41896 68 42186 67 42476 67 42765 68 43055 68 43345 68 43634 69 43924 69 44214 68 44504 68 44793 69 45083 69 45373 69 45662 70 45952 70 46242 70 46532 70 46822 70 47111 71 47401 71 47691 71 47981 71 48271 71 48560 72 48850 72 49140 72 49430 72 49720 72 50010 72 50300 72 50589 73 50879 73 51169 73 51459 73 51749 73 52039 74 52329 74 52619 74 52908 75 53198 75 53488 75 53778 75 54068 75 54358 75 54648 75 54938 75 55228 75 55518 75 55808 75 56098 75 56388 75 56678 75 56968 75 57258 75 57547 77 57837 77 58127 77 58417 78 58707 78 58997 78 59287 79 59577 80 59867 81 60157 82 60447 83 60737 84 61027 85 61317 86 61607 86 61897 87 62187 88 62477 89 62767 89 63057 90 63346 91 63636 92 63926 92 64216 93 64506 94 64796 94 65086 95 65376 96 65666 97 65957 96 66247 97 66537 98 66827 99 67118 99 67408 100 67699 100 67989 101 68279 102 68570 102 68860 102 69150 103 69440 103 69730 104 70020 104 70309 105 70599 106 70864 5 70889 106 71131 7 71150 11 71178 107 71421 31 71467 108 71711 33 71756 109 72002 35 72045 111 72292 154 72584 152 72875 151 73165 151 73456 150 73747 149 74038 148 74329 146 74619 146 74910 145 75200 145 75491 143 75781 142 76071 141 76361 140 76652 137 76942 136 77232 135 77522 135 77812 134 78103 133 78393 133 78683 132 78973 132 79263 132 79553 132 79843 132 80134 131 80424 131 80714 131 81004 131 81294 131 81584 131 81874 131 82164 131 82454 131 82744 131 83034 131 83324 131 83614 131 83904 131 84195 130 84485 130 84775 130 85065 130 85355 130 85645 130 85934 131 86224 131 86514 131 86804 131 87094 131 87383 132 87673 133 87963 133 88252 134 88541 135 88831 135 89120 136 89409 137 89698 139 89988 139 90277 140 90567 140 90856 141 91146 142 91436 142 91726 142 92017 35 92058 101 92308 22 92352 97 92600 10 92644 95 92935 95 93226 94 93518 93 93809 92 94100 92 94392 91 94684 89 94976 88 95268 87 95560 86 95853 83 96145 82 96437 81 96731 77 97031 68 97337 52 97638 41 97952 18 98245 15 98536 14 98828 13 99119 12 99409 12 99700 11 99991 10 100281 10 100572 9 100863 8 101153 8 101444 7 101735 6 102026 4
german_shorthaired_63,49110 7 49439 13 49768 18 50100 21 50433 21 50766 22 51100 21 51433 21 51767 21 52101 20 52434 21 52768 21 53102 21 53435 22 53769 23 54103 24 54437 25 54771 26 55105 27 55439 29 55773 30 56108 30 56442 32 56776 34 57111 35 57445 37 57780 37 58114 40 58449 40 58783 43 59118 44 59453 47 59787 56 60122 66 60456 68 60791 68 61126 67 61460 67 61795 53 61856 3 62130 51 62464 51 62799 51 63134 51 63468 52 63803 52 64137 53 64472 53 64807 53 65141 55 65476 56 65810 57 66144 60 66479 62 66813 62 67147 63 67481 63 67814 64 68148 65 68482 65 68814 68 69147 70 69480 71 69812 74 70146 75 70474 82 70804 88 71136 92 71468 97 71802 99 72135 103 72469 110 72803 114 73137 115 73471 115 73805 111 74140 106 74474 98 74808 96 75142 92 75477 88 75811 87 76145 48 76199 30 76480 45 76814 44 77149 42 77484 41 77818 41 78153 40 78488 39 78822 39 79157 38 79492 37 79827 36 80162 35 80497 35 80832 34 81168 32 81503 31 81838 31 82174 29 82509 29 82844 29 83180 27 83515 27 83851 26 84186 26 84521 26 84857 24 85192 24 85527 24 85863 22 86198 21 86533 20 86868 19 87204 18 87539 14 87874 13 88209 12 88545 10 88881 8 89216 7
Birman_158,67811 7 68286 34 68780 41 69277 44 69774 47 70272 50 70770 52 71269 53 71767 55 72266 57 72764 59 73262 61 73760 63 74258 65 74756 68 75253 71 75752 72 76251 73 76751 73 77251 73 77750 74 78250 74 78750 74 79250 75 79750 75 80250 75 80750 75 81250 76 81750 76 82250 76 82750 76 83249 77 83749 77 84249 78 84749 78 85248 79 85748 79 86248 79 86748 79 87248 79 87748 78 88248 78 88748 78 89248 77 89748 77 90248 76 90748 75 91247 74 91747 73 92247 72 92747 71 93247 70 93747 70 94247 69 94748 68 95248 68 95748 67 96248 67 96748 67 97249 66 97749 66 98249 66 98749 66 99248 67 99748 67 100248 67 100749 66 101249 66 101749 66 102250 65 102751 64 103252 64 103754 62 104256 60 104757 59 105259 57 105760 56 106262 54 106764 52 107265 52 107767 50 108268 49 108769 48 109270 47 109771 46 110272 45 110773 44 111274 43 111775 42 112276 41 112776 41 113277 40 113777 40 114278 39 114778 39 115278 39 115778 39 116279 38 116779 38 117279 38 117779 38 118279 38 118779 38 119279 38 119779 38 120279 38 120779 39 121279 39 121779 39 122279 39 122780 38 123280 38 123780 38 124280 38 124781 37 125281 37 125781 37 126281 37 126781 37 127281 37 127781 37 128281 37 128781 37 129282 36 129782 36 130282 36 130782 36 131282 36 131782 36 132282 36 132782 37 133282 37 133782 37 134282 36 134782 36 135282 36 135783 35 136283 34 136783 33 137283 33 137783 32 138283 31 138783 30 139283 29 139784 27 140284 26 140784 24 141284 22 141784 21 142284 19 142785 17 143285 17 143785 16 144285 16 144785 15 145286 14 145786 14 146286 14 146786 14 147287 13 147787 12 148287 12 148787 12 149288 11 149788 11 150288 11 150788 10 151289 9 151789 8 152289 7 152789 7 153290 5 153791 2
Maine_Coon_203,38957 13 39448 26 39941 34 40430 46 40918 59 41401 76 41888 89 42377 100 42866 112 43349 129 43839 139 44327 151 44818 160 45309 169 45799 179 46286 192 46777 201 47268 210 47753 225 48236 243 48724 255 49215 264 49704 275 50194 285 50682 297 51162 317 51652 327 52142 337 52634 345 53124 355 53616 363 54103 376 54584 395 55072 407 55561 418 56057 422 56556 423 57055 424 57554 424 58053 425 58552 426 59051 428 59550 429 60050 429 60549 430 61049 430 61548 431 62048 431 62547 432 63047 432 63547 432 64047 432 64546 433 65047 432 65547 432 66047 432 66547 432 67047 432 67547 432 68048 431 68548 431 69048 431 69548 431 70048 431 70548 431 71049 430 71549 430 72049 430 72549 430 73049 430 73549 430 74049 430 74550 429 75050 429 75550 429 76051 428 76551 428 77051 428 77552 427 78052 427 78553 426 79054 425 79554 425 80055 424 80556 423 81056 423 81557 422 82058 421 82559 420 83059 420 83559 420 84060 419 84560 419 85060 419 85561 418 86061 418 86561 418 87061 418 87561 418 88061 418 88561 418 89061 418 89561 418 90061 418 90562 417 91062 417 91562 417 92062 417 92563 415 93063 415 93563 415 94064 414 94565 413 95066 412 95566 412 96067 411 96567 411 97067 411 97567 411 98067 411 98567 411 99067 411 99567 411 100066 412 100566 412 101066 412 101565 413 102065 414 102564 415 103064 415 103563 416 104063 19 104103 376 104562 16 104607 372 105061 15 105109 369 105561 12 105611 367 106061 10 106113 365 106561 7 106616 362 107061 5 107118 360 107621 357 108124 354 108627 351 109131 347 109635 343 110139 339 110644 334 111149 329 111655 323 112158 191 112355 123 112662 179 112863 115 113164 172 113367 111 113666 165 113870 108 114167 107 114295 32 114373 105 114669 96 114802 21 114876 102 115171 88 115314 1 115380 98 115673 81 115883 95 116176 74 116387 90 116680 65 116891 86 117186 34 117394 83 117693 16 117896 81 118399 78 118901 75 119403 73 119905 71 120406 70 120908 67 121410 65 121912 63 122414 61 122917 58 123419 57 123921 55 124423 53 124925 51 125427 49 125928 48 126430 46 126932 43 127434 40 127936 38 128439 32 128942 21
great_pyrenees_54,19828 4 20157 10 20456 8 20486 16 20786 14 20816 21 21116 21 21145 26 21446 59 21577 8 21680 25 21777 62 21907 17 22011 34 22107 67 22237 21 22342 41 22438 70 22567 24 22674 45 22769 73 22898 27 23007 48 23097 80 23229 29 23340 51 23416 95 23560 31 23672 57 23744 101 23892 30 24005 175 24223 30 24339 175 24554 30 24672 176 24886 28 25005 177 25217 27 25338 178 25549 27 25671 179 25881 25 26004 180 26213 24 26337 182 26545 24 26670 183 26877 23 27003 184 27208 23 27336 185 27540 22 27669 186 27872 21 28002 188 28203 22 28335 190 28533 24 28667 221 28999 221 29331 221 29656 228 29973 8 29985 231 30304 244 30637 244 30970 243 31303 243 31636 242 31969 242 32302 242 32635 242 32968 242 33301 242 33634 242 33967 242 34300 243 34633 243 34966 244 35299 245 35632 246 35965 247 36298 249 36631 250 36964 253 37297 257 37630 260 37963 263 38296 266 38629 270 38962 273 39295 275 39628 277 39961 280 40294 283 40627 286 40960 288 41293 290 41626 293 41959 295 42292 297 42625 300 42958 302 43291 304 43624 305 43957 261 44236 27 44290 256 44574 23 44623 252 44910 21 44956 250 45245 19 45289 247 45582 15 45622 246 45919 11 45955 244 46254 9 46291 240 46589 7 46630 232 46925 4 46967 227 47303 223 47637 220 47972 217 48307 213 48642 210 48986 197 49321 194 49655 191 49990 187 50324 185 50658 182 50993 178 51327 176 51662 172 51996 169 52331 166 52665 163 52999 161 53332 160 53666 158 54000 156 54334 154 54667 153 55001 151 55334 150 55668 149 56001 148 56334 147 56668 146 57001 145 57334 145 57667 144 58001 143 58334 142 58667 142 59000 142 59334 141 59667 140 59911 3 60000 140 60242 6 60333 140 60573 9 60666 140 60905 10 60999 140 61237 11 61333 139 61569 11 61666 140 61901 12 61999 140 62233 13 62332 140 62564 14 62665 141 62896 15 62998 141 63228 16 63331 142 63560 16 63664 142 63892 17 63997 143 64224 17 64330 144 64555 18 64663 145 64886 20 64996 146 65215 23 65329 148 65496 1 65498 1 65500 11 65533 38 65662 192 65859 44 65995 240 66328 239 66661 239 66994 238 67327 237 67660 237 67993 236 68326 235 68659 234 68992 233 69325 232 69658 230 69992 227 70325 222 70658 219 70991 215 71324 212 71657 209 71991 200 72324 191 72657 189 72990 186 73324 183 73657 181 73990 177 74323 175 74656 172 74990 168 75323 166 75656 165 75989 163 76322 163 76656 161 76989 160 77322 160 77655 159 77988 159 78321 158 78655 157 78988 157 79321 156 79654 156 79987 156 80320 156 80653 156 80986 156 81319 156 81652 156 81985 156 82318 156 82651 156 82984 156 83317 156 83650 156 83982 157 84315 157 84648 157 84981 157 85314 157 85647 157 85980 157 86312 158 86645 158 86978 158 87311 158 87643 159 87976 159 88309 159 88642 159 88974 160 89307 160 89640 160 89973 160 90306 160 90638 161 90971 161 91304 161 91637 161 91970 161 92303 161 92636 161 92969 162 93302 162 93635 163 93968 163 94301 164 94634 165 94967 166 95300 168 95633 170 95966 177 96299 185 96632 189 96965 192 97299 192 97632 195 97965 196 98298 198 98631 199 98964 201 99297 202 99630 205 99963 206 100296 209 100629 211 100962 213 101295 214 101628 216 101961 218 102294 220 102627 222 102960 224 103293 226 103626 228 103960 229 104293 231 104626 233 104959 235 105292 237 105625 239 105959 240 106292 242 106625 243 106958 245 107291 247 107625 249 107958 256 108291 259 108624 261 108958 164 109154 67 109291 159 109496 59 109624 157 109843 46 109957 152 110204 20 110290 149 110542 15 110624 147 110877 13 110957 145 111213 9 111290 144 111623 143 111956 142 112290 140 112623 140 112956 139 113289 138 113622 137 113955 136 114288 135 114621 134 114954 133 115288 131 115621 130 115954 128 116287 127 116620 126 116953 125 117286 123 117619 122 117952 121 118285 119 118618 118 118951 118 119284 117 119617 116 119950 116 120283 115 120617 114 120950 113 121283 113 121616 113 121949 112 122282 112 122615 112 122949 111 123282 111 123615 111 123948 110 124281 110 124615 108 124948 108 125281 108 125615 107 125948 106 126282 105 126615 105 126949 104 127283 103 127617 101 127951 100 128285 98 128619 97 128953 95 129287 25 129315 65 129622 19 129652 61 129956 16 129987 58 130294 7 130324 54 130660 50 130996 46 131332 42 131667 39 132002 36 132338 32 132672 30 133007 26 133341 23 133676 16 134011 7
staffordshire_bull_terrier_95,32324 6 32820 11 33317 15 33814 19 34309 24 34803 30 35294 39 35784 50 36279 55 36775 58 37271 62 37767 66 38263 69 38758 74 39254 77 39749 81 40245 83 40740 86 41236 86 41732 86 42227 86 42723 85 43218 84 43713 84 44208 85 44704 86 45199 89 45694 92 46189 95 46685 97 47182 99 47679 101 48177 102 48676 103 49175 103 49577 13 49674 103 50071 23 50175 101 50569 27 50676 100 51068 29 51178 97 51565 34 51680 94 52064 38 52182 92 52562 43 52684 89 53061 48 53134 13 53186 87 53560 90 53688 85 54059 93 54190 83 54558 96 54692 80 55057 99 55194 78 55557 102 55696 76 56056 105 56197 75 56556 107 56699 73 57056 109 57201 71 57556 111 57703 69 58056 113 58205 67 58556 114 58706 66 59056 116 59208 64 59555 118 59710 63 60055 119 60212 61 60555 120 60714 59 61055 122 61216 57 61556 122 61718 55 62056 123 62221 52 62556 125 62726 47 63056 126 63229 45 63556 127 63730 44 64055 128 64232 42 64555 130 64733 41 65054 132 65234 40 65554 133 65734 41 66054 134 66235 40 66554 135 66735 40 67053 137 67236 39 67553 138 67737 38 68052 141 68237 38 68552 142 68737 38 69051 145 69238 37 69551 146 69738 37 70051 148 70239 36 70550 150 70739 36 71050 152 71240 35 71550 153 71740 34 72049 156 72241 33 72549 157 72741 33 73049 158 73242 32 73549 159 73743 31 74048 161 74243 31 74548 163 74744 30 75048 164 75244 30 75547 166 75745 29 76047 166 76245 29 76547 167 76745 29 77047 168 77245 28 77546 170 77746 27 78046 170 78246 27 78546 171 78746 27 79046 171 79246 27 79546 172 79747 25 80046 172 80247 25 80546 172 80747 25 81046 172 81248 24 81546 172 81748 24 82046 172 82248 23 82546 172 82749 22 83046 172 83249 22 83546 172 83749 22 84046 171 84250 20 84546 170 84751 19 85046 169 85253 16 85546 162 85710 4 85755 13 86046 162 86211 1 86258 9 86546 162 86762 3 87046 162 87546 162 88046 163 88546 163 89045 164 89545 165 90045 166 90545 166 91045 166 91545 167 92045 167 92545 168 93045 168 93545 169 94045 169 94545 170 95045 170 95545 170 96045 170 96545 170 97045 169 97545 169 98045 168 98545 168 99045 150 99196 16 99545 148 99699 11 100045 146 100545 146 101045 145 101546 143 102046 143 102546 143 103046 143 103546 142 104046 141 104546 141 105047 139 105547 137 106047 136 106547 136 107048 135 107548 134 108048 134 108549 133 108742 13 109050 131 109233 24 109550 131 109726 33 110051 129 110223 39 110552 127 110720 45 111053 125 111218 51 111555 122 111715 60 112057 119 112213 65 112558 116 112711 69 113060 113 113210 72 113562 110 113708 75 114064 107 114207 78 114566 104 114706 80 115068 101 115206 81 115571 98 115705 83 116073 95 116205 85 116576 92 116705 89 117079 89 117204 93 117581 86 117703 97 118083 84 118202 103 118586 82 118701 108 119089 81 119200 113 119591 82 119676 10 119696 124 119832 8 120094 254 120597 253 121100 251 121603 248 122105 247 122607 245 123109 243 123610 243 124112 241 124613 239 125114 238 125616 236 126117 235 126619 232 127120 231 127622 229 128124 227 128626 224 129128 222 129630 220 130131 219 130633 217 131135 81 131237 113 131636 77 131742 108 132138 72 132246 104 132639 68 132750 99 133141 63 133253 93 133642 58 133757 74 134144 52 134260 63 134645 47 134763 55 135147 42 135266 47 135649 37 135771 36 136150 34 136275 22 136652 30 137154 27 137657 22 138160 16 138664 9
german_shorthaired_26,31140 23 31631 39 32125 54 32620 69 33114 81 33589 7 33605 96 34083 123 34580 139 35077 148 35575 154 36073 158 36571 162 37069 168 37567 173 38066 178 38565 182 39063 188 39562 193 40061 195 40559 197 41059 196 41558 197 42057 197 42556 197 43056 196 43555 196 44054 195 44553 195 45052 195 45552 193 46051 193 46550 193 47049 191 47548 190 48047 188 48546 187 49045 186 49544 185 50042 186 50541 186 51040 187 51539 188 52038 189 52538 189 53037 191 53536 192 54035 193 54534 193 55033 193 55532 194 56031 194 56530 194 57029 194 57529 194 58028 195 58528 195 58752 4 59027 198 59245 12 59527 200 59742 15 60026 203 60240 17 60526 205 60738 20 61026 207 61235 23 61526 234 62025 237 62466 10 62525 239 62962 20 63025 240 63458 40 63525 241 63955 45 64024 243 64451 50 64524 209 64744 23 64947 54 65024 208 65243 25 65444 57 65524 207 65745 22 65941 60 66024 206 66244 23 66438 63 66523 207 66744 23 66936 65 67023 206 67244 22 67434 67 67523 206 67743 24 67932 69 68023 206 68243 25 68277 7 68431 70 68523 206 68741 45 68929 72 69023 206 69242 45 69290 4 69428 73 69523 206 69742 53 69926 75 70023 207 70242 62 70425 76 70523 207 70742 64 70924 77 71023 208 71241 66 71423 78 71522 209 71742 65 71922 79 72022 209 72242 65 72314 2 72421 80 72522 208 72743 64 72813 4 72920 81 73022 208 73242 66 73310 7 73420 81 73522 207 73742 76 73919 82 74022 207 74243 75 74419 82 74522 206 74743 49 74796 11 74809 8 74823 1 74919 82 75022 206 75244 47 75297 8 75310 6 75419 82 75522 205 75745 46 75797 9 75810 7 75822 8 75919 82 76022 205 76245 30 76279 4 76285 2 76297 8 76311 4 76322 10 76420 81 76522 205 76746 11 76760 11 76799 5 76823 9 76921 80 77022 204 77300 4 77323 9 77422 79 77522 204 77824 9 77923 78 78022 204 78324 9 78424 77 78523 203 78824 9 78925 76 79023 201 79324 10 79426 75 79523 200 79824 11 79927 74 80023 199 80324 12 80428 73 80523 198 80824 13 80929 72 81023 197 81324 15 81430 71 81523 195 81823 19 81889 8 81931 70 82023 193 82322 30 82385 15 82432 69 82523 192 82822 41 82880 21 82933 68 83023 191 83322 80 83434 67 83523 190 83822 82 83934 67 84023 190 84322 83 84435 66 84523 189 84823 83 84936 65 85023 188 85322 85 85436 65 85523 187 85801 2 85822 85 85936 65 86023 186 86300 3 86322 85 86436 65 86523 183 86800 3 86822 86 86936 65 87023 182 87299 3 87322 86 87436 65 87523 181 87798 5 87821 87 87936 65 88023 180 88298 5 88321 87 88437 64 88523 180 88798 6 88820 88 88938 63 89023 179 89297 7 89319 89 89439 62 89523 179 89797 7 89819 90 89941 60 90023 179 90296 7 90318 91 90443 58 90523 178 90795 8 90817 92 90944 57 91023 178 91295 8 91315 94 91446 55 91523 178 91794 9 91814 95 91948 53 92023 178 92291 15 92313 96 92450 51 92523 177 92787 16 92804 1 92813 96 92951 50 93023 177 93285 18 93311 98 93454 47 93522 177 93782 21 93811 98 93956 45 94022 177 94275 30 94310 99 94459 42 94522 177 94773 32 94809 100 94962 38 95022 177 95273 31 95309 100 95470 7 95521 178 95771 33 95807 102 96021 178 96270 33 96307 102 96521 178 96768 36 96807 102 97021 178 97267 36 97306 103 97521 178 97766 37 97805 105 98021 178 98265 145 98521 178 98764 146 99021 178 99261 149 99520 179 99759 151 100020 179 100257 154 100520 179 100755 156 101020 180 101254 157 101520 180 101753 43 101801 110 102020 180 102252 44 102301 110 102520 180 102752 46 102800 112 103020 180 103252 159 103520 180 103752 159 104020 180 104252 41 104295 116 104521 179 104752 41 104795 116 105021 180 105252 41 105295 116 105521 180 105752 159 106021 181 106252 159 106521 181 106752 159 107021 181 107252 159 107521 181 107753 158 108022 181 108253 158 108522 182 108753 158 109022 182 109254 157 109465 7 109523 182 109754 157 109962 15 110023 183 110254 157 110460 19 110523 184 110753 158 110958 23 111023 185 111253 159 111457 26 111524 184 111752 160 111956 29 112024 185 112252 25 112279 133 112455 32 112524 187 112751 24 112781 131 112954 35 113025 187 113250 24 113281 131 113454 37 113525 189 113749 22 113785 127 113954 39 114025 190 114246 23 114287 125 114453 43 114526 192 114743 23 114787 124 114953 45 115026 197 115229 36 115287 124 115453 48 115526 238 115787 124 115953 48 116027 237 116287 124 116453 48 116527 236 116786 124 116953 48 117028 234 117285 125 117453 48 117528 234 117784 126 117953 48 118029 232 118283 126 118453 48 118529 232 118782 127 118953 48 119030 230 119281 128 119453 48 119530 222 119780 129 119953 48 120031 220 120278 130 120453 48 120531 218 120777 131 120953 48 121032 216 121274 134 121452 49 121532 217 121770 137 121952 49 122033 374 122452 49 122533 374 122952 49 123034 373 123452 49 123534 372 123951 50 124035 371 124451 50 124536 370 124951 50 125036 369 125451 50 125537 368 125950 51 126037 367 126450 51 126538 366 126949 52 127038 365 127449 52 127539 363 127948 53 128039 363 128448 53 128540 361 128948 53 129040 361 129448 53 129541 359 129947 54 130041 358 130447 54 130542 357 130947 54 131042 356 131447 54 131543 354 131946 55 132043 354 132446 55 132544 352 132945 56 133044 351 133445 56 133545 349 133944 57 134046 348 134443 58 134546 347 134943 58 135047 345 135442 59 135548 344 135942 59 136048 343 136442 59 136549 341 136941 60 137050 340 137441 60 137551 338 137940 61 138051 338 138440 61 138552 336 138939 62 139053 335 139439 62 139554 333 139938 63 140054 332 140438 63 140555 331 140937 64 141056 329 141436 65 141557 327 141936 65 142058 326 142435 66 142558 325 142935 66 143059 323 143434 67 143560 321 143933 68 144061 320 144432 69 144562 318 144932 69 145063 316 145431 70 145563 315 145930 71 146064 313 146429 72 146565 311 146928 73 147065 309 147427 74 147566 307 147926 75 148066 306 148426 75 148567 304 148925 76 149067 303 149425 76 149567 302 149924 77 150067 301 150424 77 150568 299 150923 78 151068 298 151423 78 151568 296 151923 78 152068 295 152422 79 152569 293 152921 80 153069 292 153421 80 153570 289 153920 81 154070 288 154419 82 154571 286 154918 83 155071 285 155417 84 155572 282 155916 85 156073 280 156414 87 156574 277 156913 88 157075 274 157411 90 157577 270 157909 92 158078 268 158408 93 158579 265 158907 94 159081 167 159256 86 159405 96 159582 163 159758 82 159904 97 160083 161 160259 79 160403 98 160585 157 160760 76 160901 100 161086 155 161262 72 161400 101 161588 153 161763 68 161899 102 162089 151 162265 63 162397 104 162590 149 162766 60 162896 105 163091 148 163267 57 163394 107 163593 145 163769 52 163893 108 164094 144 164271 46 164391 110 164595 143 164773 40 164890 111 165096 141 165275 34 165388 113 165598 139 165778 28 165886 115 166099 137 166282 20 166384 117 166600 136 166789 6 166882 119 167101 134 167381 120 167603 132 167879 122 168104 131 168377 124 168605 129 168875 126 169107 127 169373 128 169608 126 169871 130 170110 123 170369 132 170611 122 170866 135 171113 119 171365 136 171614 118 171863 138 172115 116 172360 141 172617 114 172857 144 173118 112 173354 147 173619 110 173851 150 174120 109 174349 152 174622 106 174847 154 175123 104 175344 157 175625 102 175842 159 176126 100 176339 162 176628 97 176837 164 177129 96 177335 166 177631 93 177833 168 178132 91 178328 173 178634 88 178826 175 179136 85 179325 176 179638 82 179824 177 180140 79 180324 177 180642 76 180824 177 181144 73 181324 177 181646 70 181824 177 182149 66 182325 176 182651 63 182825 176 183153 60 183326 175 183655 57 183826 175 184157 54 184327 174 184659 51 184828 173 185160 49 185329 172 185661 47 185829 172 186162 46 186330 171 186662 46 186830 171 187163 45 187330 169
english_setter_194,20958 3 21331 6 21705 8 22079 10 22454 11 22828 12 23202 14 23577 15 23951 16 24325 18 24701 17 25076 17 25452 15 25829 12 26205 9 26580 8 26957 5 44729 4 45104 4 45480 3 45855 3 67492 2 67865 6 68239 8 68420 3 68613 9 68793 5 68859 1 68901 5 68979 18 69167 7 69233 4 69275 6 69353 18 69541 8 69607 6 69649 8 69727 19 69916 7 69982 8 69991 1 69996 3 70024 8 70101 19 70290 8 70356 19 70398 9 70455 1 70476 18 70664 10 70730 22 70772 10 70827 6 70850 19 71039 10 71105 22 71146 11 71202 6 71225 18 71413 11 71479 24 71520 11 71577 5 71600 17 71788 11 71852 26 71895 11 71952 4 71975 12 72163 11 72227 27 72269 12 72327 2 72351 10 72538 11 72602 27 72644 11 72726 9 72912 11 72977 28 73018 12 73101 8 73287 11 73352 28 73392 13 73476 9 73662 12 73728 28 73766 14 73851 9 74037 12 74103 28 74141 14 74227 7 74412 12 74479 27 74515 15 74602 7 74787 12 74854 27 74889 16 74977 7 75162 12 75230 27 75263 17 75352 6 75537 12 75605 28 75638 16 75727 6 75913 11 75981 28 76012 17 76102 6 76287 13 76355 49 76477 5 76663 12 76730 48 76852 5 77038 11 77106 47 77227 4 77413 11 77480 47 77603 2 77789 9 77855 47 78164 4 78230 46 78540 3 78605 45 78916 2 78980 44 79356 43 79493 6 79732 41 79865 11 80111 36 80239 12 80490 24 80613 13 80867 21 80987 14 81244 19 81362 14 81624 12 81736 15 82001 8 82110 16 82378 5 82484 17 82755 2 82821 8 82835 6 82858 18 83193 25 83232 19 83566 30 83606 20 83937 36 83977 24 84299 77 84671 80 85043 83 85416 85 85788 88 86161 90 86535 91 86908 93 87281 95 87650 101 88024 102 88399 102 88773 103 89148 103 89522 104 89896 105 90271 105 90646 105 91020 106 91395 106 91769 107 92144 107 92519 107 92895 106 93269 107 93644 107 93866 1 94019 107 94240 2 94394 107 94615 3 94769 107 94990 4 95144 107 95365 5 95519 107 95741 5 95894 107 96116 6 96138 3 96269 107 96491 6 96512 6 96644 107 96865 8 96886 8 97019 107 97240 8 97260 10 97291 1 97394 107 97615 9 97635 11 97665 4 97769 107 97990 9 98009 12 98039 6 98144 107 98365 9 98384 13 98413 9 98519 107 98739 11 98758 16 98787 12 98894 107 99114 11 99132 18 99162 13 99269 107 99489 12 99507 19 99536 15 99644 107 99863 13 99881 20 99909 18 100019 107 100239 13 100255 23 100284 18 100394 107 100614 64 100769 107 100989 64 101144 107 101364 65 101519 107 101739 65 101894 107 102114 65 102269 107 102489 65 102644 107 102864 64 103019 107 103238 65 103394 107 103613 66 103769 107 103987 67 104144 107 104361 69 104519 107 104734 72 104894 107 105108 74 105268 108 105481 78 105643 108 105854 83 106018 108 106229 85 106392 109 106602 89 106767 109 106975 91 107141 110 107349 92 107516 110 107721 95 107860 5 107866 2 107891 110 108095 96 108233 12 108265 111 108469 96 108605 16 108639 112 108844 96 108973 26 109014 112 109218 97 109346 29 109388 113 109593 97 109721 29 109763 113 109968 97 110095 31 110137 114 110343 96 110469 32 110511 115 110717 97 110844 32 110885 116 111092 96 111218 33 111259 117 111467 96 111593 34 111634 117 111842 96 111967 35 112008 118 112217 95 112342 36 112380 121 112592 95 112716 160 112967 94 113091 160 113342 94 113466 160 113717 93 113840 161 114092 93 114215 161 114467 93 114590 161 114842 92 114964 162 115217 92 115339 162 115592 92 115714 162 115968 91 116088 163 116343 90 116463 163 116718 90 116838 163 117094 66 117161 23 117213 163 117469 63 117538 21 117588 163 117844 62 117914 20 117963 163 118219 61 118291 18 118338 163 118595 59 118667 18 118713 163 118970 59 119043 17 119088 163 119345 58 119418 17 119464 162 119720 57 119793 17 119839 162 120096 56 120168 17 120214 162 120471 56 120543 17 120589 162 120846 55 120917 18 120965 161 121222 54 121292 17 121340 161 121597 54 121666 17 121714 162 121973 53 122041 16 122089 162 122348 53 122414 17 122463 163 122723 54 122787 18 122838 163 123099 56 123157 22 123212 164 123474 16 123500 51 123587 164 123850 11 123887 36 123962 164 124226 7 124272 9 124282 13 124336 165 124710 166 125084 167 125458 168 125832 169 126207 169 126582 169 126956 170 127330 171 127705 171 128080 171 128455 171 128830 171 129205 171 129580 171 129955 171 130330 171 130706 170 131082 169 131457 169 131832 169 132208 168 132583 168 132958 168 133334 167 133709 167 134084 167 134460 166 134835 166 135210 166 135585 166 135960 166 136335 166 136711 165 137086 165 137461 165 137837 164 138212 164 138588 163 138963 163 139338 163 139713 163 140088 163 140463 163 140838 163 141212 164 141587 164 141962 164 142336 165 142711 165 143086 165 143461 165 143836 165 144211 165 144586 165 144961 165 145337 164 145712 164 146087 164 146462 164 146837 164 147212 164 147587 164 147962 164 148336 165 148711 165 149086 165 149461 165 149836 165 150211 165 150586 165 150961 165 151336 165 151712 164 152087 164 152462 164 152837 164 153213 163 153588 163 153963 163 154339 162 154714 162 155090 161 155466 160 155842 159 156217 156 156593 153 156969 148 157346 143 157722 139 158098 136 158474 132 158850 128 159226 126 159602 123 159978 120 160354 118 160731 115 161107 113 161483 111 161860 108 162237 105 162613 103 162990 100 163368 96 163746 71 163830 7 164124 32 164501 23 164879 17 165257 11 165635 5
japanese_chin_86,294 18 630 14 965 13 1298 14 1631 18 1964 23 2296 29 2628 33 2961 36 3295 37 3628 39 3962 39 4296 40 4630 40 4964 40 5298 41 5632 41 5966 41 6299 43 6633 44 6967 44 7301 44 7634 46 7969 45 8303 45 8637 45 8971 45 9306 44 9640 45 9975 44 10309 44 10644 43 10978 43 11312 44 11646 45 11980 45 12313 46 12611 2 12647 46 12941 8 12981 46 13273 11 13315 46 13606 13 13648 47 13938 16 13982 47 14270 18 14315 48 14603 20 14647 50 14936 22 14980 51 15268 24 15311 54 15518 5 15601 25 15643 56 15848 13 15917 3 15934 26 15976 57 16178 19 16243 14 16267 28 16310 57 16506 27 16574 20 16600 29 16643 58 16834 35 16907 24 16932 31 16975 60 17165 39 17239 59 17307 62 17496 44 17570 63 17640 63 17828 47 17900 68 17969 1 17971 66 18159 51 18232 139 18490 56 18564 141 18821 64 18894 145 19153 220 19485 222 19818 223 20150 225 20482 227 20815 228 21147 230 21480 231 21812 233 22145 234 22477 236 22809 238 23142 239 23474 241 23807 242 24139 244 24472 245 24804 247 25137 248 25470 249 25803 250 26135 252 26468 253 26801 254 27134 255 27467 256 27800 257 28133 258 28466 259 28799 260 29132 261 29465 262 29798 263 30131 264 30464 265 30797 266 31130 267 31462 269 31795 270 32128 271 32461 272 32794 273 33127 274 33459 276 33792 277 34125 278 34458 279 34791 280 35124 281 35457 282 35790 283 36123 284 36456 285 36789 286 37122 287 37455 288 37787 290 38120 291 38454 291 38787 292 39120 293 39453 294 39786 295 40119 296 40452 297 40786 297 41119 298 41452 299 41785 300 42119 300 42452 301 42786 301 43119 302 43452 303 43786 303 44119 304 44452 305 44786 305 45119 306 45452 307 45786 307 46119 308 46452 309 46785 310 47118 311 47451 312 47784 313 48117 314 48450 315 48783 316 49117 316 49450 317 49784 317 50118 317 50452 317 50785 318 51119 318 51453 318 51787 318 52121 318 52456 317 52790 317 53124 317 53458 317 53792 317 54126 317 54460 317 54794 317 55128 317 55462 317 55796 317 56130 317 56464 317 56797 318 57131 318 57465 318 57799 318 58133 318 58467 318 58801 318 59135 318 59469 318 59803 318 60137 318 60471 318 60805 318 61139 318 61473 318 61807 318 62141 318 62475 318 62809 318 63143 318 63476 319 63810 319 64144 319 64478 319 64812 319 65145 320 65479 320 65813 320 66146 321 66480 321 66814 321 67147 322 67481 322 67815 322 68148 323 68482 323 68816 323 69149 324 69483 324 69816 325 70150 325 70484 325 70817 326 71151 326 71484 327 71818 327 72151 328 72485 328 72819 328 73152 329 73486 329 73819 330 74153 331 74486 10018 84505 333 84839 333 85173 333 85507 333 85841 333 86176 332 86510 332 86844 332 87178 332 87512 332 87846 331 88180 331 88515 330 88849 330 89183 330 89517 330 89851 330 90185 330 90519 330 90854 329 91188 329 91522 329 91856 329 92191 328 92525 328 92859 328 93193 328 93527 328 93861 328 94195 328 94529 328 94863 328 95198 327 95532 327 95866 327 96200 327 96534 327 96868 327 97202 327 97536 327 97870 327 98204 327 98539 326 98873 326 99207 326 99541 326 99875 326 100210 325 100544 325 100878 325 101212 325 101546 325 101880 325 102215 324 102549 324 102883 324 103217 324 103551 324 103885 324 104219 324 104553 324 104888 323 105222 323 105556 323 105890 323 106224 323 106558 323 106892 323 107226 323 107561 322 107895 322 108229 322 108563 322 108898 321 109232 321 109566 321 109901 320 110235 320 110570 319 110904 319 111238 319 111572 319 111906 319 112239 320 112573 320 112906 321 113239 322 113573 322 113907 322 114241 322 114574 323 114908 323 115242 323 115576 323 115909 324 116243 324 116577 324 116911 324 117245 324 117579 324 117913 324 118247 324 118581 324 118915 324 119249 324 119583 324 119917 324 120251 324 120585 324 120919 324 121253 324 121587 324 121921 324 122256 323 122590 323 122924 323 123258 323 123593 322 123927 322 124261 322 124595 322 124930 321 125264 321 125598 321 125932 321 126267 320 126601 320 126936 319 127271 318 127606 317 127944 313 128278 313 128613 312 128947 312 129282 311 129616 311 129951 310 130285 310 130619 310 130953 310 131288 309 131622 309 131956 309 132291 308 132625 308 132959 308 133293 308 133627 308 133961 308 134295 308 134629 308 134963 308 135297 308 135631 308 135965 308 136299 308 136633 308 136967 308 137301 308 137635 308 137969 308 138303 308 138637 308 138971 308 139305 308 139639 308 139973 308 140307 308 140641 308 140975 308 141309 308 141643 308 141977 308 142311 308 142645 308 142979 308 143314 307 143648 307 143982 307 144316 307 144650 307 144984 307 145318 307 145653 306 145987 306 146321 306 146655 306 146989 306 147324 305 147658 305 147992 305 148327 304 148661 304 148995 304 149330 303 149664 303 149999 302 150333 302 150668 301 151002 301 151336 301 151671 300 152006 299 152341 298 152676 297 153011 296 153346 295 153682 293 154017 292 154353 290 154689 288 155024 287 155359 286 155694 285 156029 284 156364 283 156699 282 157034 281 157368 281 157702 281 158037 280 158371 280 158705 280 159040 279 159374 279 159708 279 160042 279 160377 278 160711 278 161045 278 161379 278 161713 278 162047 278 162381 278 162715 278 163049 278 163383 278 163717 278 164051 278 164386 277 164720 277 165055 276 165389 276 165723 276 166057 276 166390 277 166724 276
Birman_108,28650 9 29041 12 29432 15 29823 17 30215 19 30607 20 30999 21 31392 21 31784 22 32176 23 32569 23 32961 24 33354 24 33746 25 34139 25 34531 26 34924 26 35317 26 35709 27 36102 27 36495 27 36888 27 37280 28 37673 28 38066 28 38459 28 38852 28 39244 29 39637 29 40030 28 40422 29 40815 29 41208 29 41600 30 41993 30 42386 30 42778 31 43171 30 43564 30 43956 31 44349 31 44742 31 45134 32 45527 32 45920 32 46313 32 46706 32 47098 34 47491 33 47884 33 48277 33 48670 33 49062 34 49455 34 49848 34 50241 34 50633 35 51026 35 51419 35 51812 35 52205 35 52598 35 52991 35 53384 35 53777 35 54170 35 54563 35 54956 35 55349 35 55743 34 56136 34 56529 34 56922 34 57315 34 57708 34 58101 34 58494 34 58887 34 59280 35 59673 35 60066 35 60459 35 60852 35 61244 35 61637 35 62029 36 62422 36 62814 37 63206 38 63599 38 63991 39 64383 40 64775 41 65167 42 65560 42 65952 43 66344 44 66737 44 67129 45 67521 46 67914 46 68306 47 68698 48 69090 49 69271 8 69482 50 69644 45 69873 52 70034 65 70265 52 70426 76 70514 16 70532 2 70656 54 70818 139 71047 55 71211 155 71438 57 71604 163 71828 59 71996 184 72218 61 72389 192 72606 65 72782 202 72992 71 73174 281 73567 281 73960 280 74353 279 74745 280 75138 278 75531 275 75924 270 76316 270 76709 270 77102 269 77495 269 77888 269 78281 268 78674 268 79067 268 79460 267 79852 268 80245 268 80638 267 81031 267 81423 268 81816 267 82209 267 82601 268 82994 267 83386 268 83779 268 84171 268 84563 269 84956 268 85348 269 85741 269 86133 269 86525 270 86918 270 87310 270 87703 270 88095 271 88488 271 88880 271 89273 271 89665 272 90057 273 90450 273 90842 274 91235 273 91627 274 92019 275 92411 276 92803 277 93196 276 93588 277 93980 278 94372 279 94764 279 95156 280 95548 281 95940 282 96333 281 96725 282 97117 283 97437 2 97509 284 97828 5 97902 283 98220 6 98294 284 98612 7 98686 285 99005 8 99079 285 99397 9 99471 286 99790 9 99864 286 100182 10 100256 287 100575 10 100648 288 100968 10 101041 287 101360 11 101433 288 101753 11 101826 287 102146 11 102219 287 102539 10 102611 288 102931 11 103004 287 103324 11 103397 287 103717 10 103790 287 104111 8 104183 287 104504 7 104576 286 104897 6 104969 286 105292 2 105362 286 105755 285 106149 284 106543 283 106937 282 107332 279 107727 277 108124 273 108521 268 108927 255 109326 249 109722 246 110119 241 110514 239 110909 237 111303 235 111697 234 112092 232 112486 230 112879 230 113273 229 113667 227 114061 226 114455 224 114848 224 115242 223 115636 222 116029 221 116423 219 116817 218 117210 217 117604 216 117998 214 118392 213 118785 212 119179 211 119573 209 119967 208 120360 207 120754 206 121148 205 121541 204 121935 203 122328 203 122722 201 123116 200 123509 200 123903 198 124297 197 124690 196 125084 195 125478 194 125872 192 126265 192 126659 191 127053 189 127447 188 127841 187 128234 186 128628 185 129022 184 129416 182 129809 182 130203 181 130597 179 130990 179 131384 178 131778 176 132171 176 132565 175 132958 174 133352 173 133745 172 134139 171 134532 171 134926 169 135319 86 135418 70 135713 81 135814 66 136106 78 136209 64 136500 72 136603 63 136893 69 136997 61 137287 65 137391 60 137681 60 137785 58 138075 57 138179 57 138469 53 138573 56 138874 40 138966 55 139271 34 139360 54 139667 29 139753 54 140063 24 140147 52 140458 21 140540 52 140854 16 140934 51 141251 9 141328 49 141721 49 142115 47 142508 47 142902 46 143295 45 143689 44 144083 43 144476 42 144870 41 145263 41 145657 39 146050 39 146444 38 146837 37 146929 1 147231 36 147321 3 147624 36 147714 3 148017 35 148107 3 148411 34 148499 4 148804 34 148892 5 149197 33 149285 5 149591 32 149678 4 149984 32 150070 6 150377 31 150463 6 150771 30 150856 6 151164 29 151249 6 151557 29 151642 6 151950 29 152036 5 152344 27 152429 5 152737 27 152824 3 153130 26 153217 2 153523 26 153916 25 154310 24 154703 23 155096 22 155489 22 155882 22 156275 21 156668 20 157061 20 157454 19 157847 18 158240 18 158633 17 159026 16 159419 15 159505 3 159812 14 159898 3 160204 14 160290 4 160597 14 160682 6 160990 13 161075 6 161383 12 161467 7 161775 12 161860 7 162168 11 162252 8 162561 10 162645 8 162953 10 163037 9 163346 9 163430 9 163739 8 163822 9 164132 6 164215 9 164525 4 164607 10 165000 10 165392 10 165784 11 166177 11 166570 10 166962 11 167355 11 167747 12 168140 12 168533 12 168925 14 169318 14 169711 14 170104 14 170497 15 170889 16 171282 16 171675 17 172068 17 172461 17 172853 19 173246 19 173639 19 174032 19 174425 19 174818 19 175211 19 175604 19 175997 19 176391 18 176784 18 177177 18 177571 17 177964 17 178358 16 178751 16 179144 16 179538 14 179932 13 180325 13 180719 12 181112 12 181506 11 181899 11 182293 10 182687 9 183081 7 183475 6 183869 4
Birman_160,117 208 447 213 776 219 1109 221 1441 224 1772 230 2104 232 2436 235 2769 236 3102 239 3436 239 3769 240 4102 241 4435 242 4768 243 5101 244 5435 244 5768 245 6102 245 6435 246 6768 247 7102 247 7436 247 7769 248 8102 249 8436 249 8769 250 9103 250 9437 250 9770 251 10104 251 10437 252 10771 252 11104 253 11438 253 11771 254 12105 254 12438 255 12772 255 13106 255 13439 256 13773 256 14107 256 14441 256 14775 256 15108 257 15442 257 15776 257 16110 257 16444 257 16778 257 17112 257 17446 257 17779 258 18113 258 18447 258 18781 258 19115 258 19449 258 19783 258 20116 259 20450 259 20784 259 21118 259 21452 259 21786 259 22119 260 22453 260 22787 260 23121 260 23455 260 23789 260 24123 260 24457 260 24790 261 25124 261 25458 261 25792 261 26126 261 26460 261 26794 261 27128 261 27462 261 27796 261 28130 261 28464 261 28797 262 29131 262 29465 262 29799 262 30133 262 30467 262 30800 263 31134 263 31468 263 31802 263 32136 263 32470 263 32804 263 33138 263 33472 263 33806 263 34140 263 34473 264 34807 264 35141 264 35475 264 35809 264 36143 264 36477 264 36810 265 37144 265 37478 265 37812 265 38146 265 38481 264 38815 264 39149 264 39483 264 39817 264 40151 264 40486 263 40820 263 41154 263 41488 263 41822 263 42156 263 42490 263 42824 263 43158 263 43492 263 43825 264 44159 264 44493 264 44827 264 45160 265 45494 265 45827 266 46160 267 46494 267 46827 268 47160 269 47493 270 47826 271 48159 272 48492 273 48824 275 49157 276 49489 278 49822 279 50154 281 50486 283 50819 284 51151 286 51483 288 51815 290 52147 292 52479 294 52812 295 53145 296 53477 298 53810 299 54143 300 54476 301 54808 303 55141 304 55474 305 55806 307 56139 308 56471 310 56804 311 57137 312 57470 313 57803 314 58136 315 58469 316 58802 317 59136 317 59469 318 59802 319 60135 320 60469 320 60803 320 61136 321 61470 321 61804 321 62138 321 62472 321 62807 320 63141 320 63475 320 63810 319 64144 319 64479 318 64813 318 65148 317 65483 316 65817 316 66152 315 66486 315 66821 314 67156 313 67491 312 67825 312 68160 311 68495 310 68830 309 69165 308 69501 306 69836 305 70171 302 70507 299 70842 297 71177 295 71513 291 71848 289 72183 287 72518 285 72854 283 73189 281 73524 279 73859 278 74194 276 74528 275 74863 273 75197 272 75532 270 75866 269 76200 268 76535 266 76869 265 77203 264 77537 263 77871 262 78206 261 78540 260 78874 259 79208 259 79543 257 79877 257 80211 256 80545 256 80879 255 81213 254 81548 253 81882 252 82216 251 82550 250 82884 250 83218 249 83552 248 83886 247 84220 246 84555 244 84889 244 85223 243 85557 241 85891 240 86225 239 86560 237 86894 236 87228 235 87562 234 87897 232 88231 231 88565 230 88899 229 89234 227 89568 226 89902 225 90236 224 90571 222 90905 221 91239 220 91574 218 91908 216 92242 214 92576 213 92911 210 93245 209 93579 208 93914 205 94248 204 94582 203 94917 200 95251 199 95585 198 95920 196 96254 195 96588 194 96923 192 97257 190 97591 189 97925 188 98260 185 98594 184 98928 182 99262 180 99596 178 99930 176 100264 173 100598 171 100932 169 101266 166 101599 165 101933 162 102267 159 102601 157 102934 155 103268 150 103601 148 103935 145 104269 143 104603 141 104936 140 105270 138 105604 136 105938 133 106272 131 106606 128 106940 125 107273 124 107607 122 107941 120 108275 118 108608 117 108942 114 109276 111 109609 107 109943 103 110276 97 110610 67 110944 62 111277 61 111611 59 111945 58 112278 57 112612 56 112945 56 113279 54 113613 53 113946 53 114280 52 114614 50 114948 49 115282 48 115617 46 115953 43 116293 36 116635 27 116975 18 117315 9
american_bulldog_70,24587 12 24960 19 25334 23 25708 27 26083 30 26458 32 26833 35 27207 38 27582 39 27957 41 28332 42 28708 42 29083 43 29458 44 29834 44 30209 44 30584 45 30960 45 31335 46 31711 46 32086 47 32462 47 32838 47 33213 48 33589 48 33965 48 34340 49 34716 49 35092 49 35468 49 35844 49 36219 51 36595 52 36971 53 37347 53 37724 53 38099 54 38475 55 38851 56 39227 57 39603 59 39978 63 40354 66 40433 25 40729 109 41105 111 41481 114 41856 117 42232 118 42608 120 42984 123 43359 125 43735 128 44110 131 44486 133 44861 138 45237 146 45612 153 45987 159 46363 163 46738 179 47114 185 47489 190 47865 194 48240 199 48616 202 48991 205 49366 209 49742 210 50117 213 50493 215 50868 217 51243 220 51618 222 51993 224 52368 226 52744 228 53119 230 53495 231 53870 233 54245 234 54621 235 54996 237 55371 239 55746 241 56120 243 56494 246 56868 249 57242 251 57617 253 57991 255 58366 257 58740 260 59115 261 59490 262 59865 264 60241 264 60616 265 60991 266 61366 268 61741 269 62116 270 62491 271 62865 273 63240 274 63614 275 63982 2 63988 277 64357 284 64732 285 65107 285 65482 286 65857 287 66233 287 66608 288 66984 287 67359 288 67735 288 68110 289 68486 289 68861 290 69237 290 69612 291 69988 290 70363 291 70739 291 71115 291 71490 291 71866 291 72242 291 72617 292 72993 292 73369 291 73744 292 74120 292 74496 292 74856 3 74871 293 75231 5 75247 292 75606 7 75622 293 75981 9 75998 293 76355 12 76370 1 76373 293 76730 312 77105 312 77480 313 77854 315 78229 315 78604 316 78979 317 79355 317 79730 318 80106 317 80482 317 80857 318 81233 318 81609 318 81985 318 82360 319 82736 319 83112 319 83488 319 83864 319 84240 319 84615 320 84991 320 85367 320 85743 320 86119 320 86494 321 86870 321 87246 321 87622 321 87997 322 88373 322 88749 322 89124 323 89500 323 89876 323 90251 324 90627 324 91002 324 91378 324 91753 325 92128 325 92504 325 92879 325 93255 325 93630 325 94005 326 94381 325 94756 326 95131 327 95505 329 95881 328 96257 328 96633 328 97009 328 97385 327 97761 327 98137 327 98513 326 98889 326 99265 326 99641 325 100017 325 100393 324 100769 324 101145 323 101521 323 101897 322 102273 322 102649 321 103025 320 103401 320 103777 319 104153 318 104529 318 104905 317 105281 316 105657 315 106033 314 106409 313 106785 312 107161 311 107537 309 107913 308 108289 307 108665 305 109041 304 109417 301 109793 299 110169 297 110545 295 110921 293 111297 291 111673 289 112049 287 112425 284 112801 281 113177 279 113553 276 113929 273 114305 246 114563 10 114681 239 115057 235 115433 232 115809 229 116185 226 116561 224 116937 221 117313 218 117689 216 118065 213 118441 211 118817 209 119193 207 119569 205 119945 203 120321 201 120697 199 121073 197 121449 194 121825 192 122201 190 122577 188 122953 112 123077 62 123329 108 123453 60 123705 102 123830 58 124081 99 124207 54 124457 97 124583 51 124833 95 124959 48 125209 93 125335 45 125585 85 125711 39 125961 80 126087 36 126338 77 126463 34 126716 74 126839 32 127094 70 127215 31 127471 68 127591 31 127849 65 127967 30 128227 61 128342 31 128605 58 128718 31 128984 53 129094 30 129362 50 129470 30 129741 46 129846 30 130121 40 130222 30 130501 34 130598 30 130881 29 130974 29 131259 25 131350 28 131638 19 131726 27 132016 15 132102 25 132398 1 132478 24 132854 23 133230 22 133606 21 133982 20 134358 20 134734 19 135110 19 135486 18 135862 18 136238 18 136614 17 136991 16 137367 15 137743 14 138120 12 138497 10 138873 7
saint_bernard_33,89410 4 89783 8 90157 11 90532 13 90906 16 91281 17 91656 19 92031 20 92405 23 92440 7 92780 48 93155 51 93530 53 93905 56 94279 60 94654 65 95029 68 95404 72 95779 75 96154 76 96528 78 96903 79 97278 79 97653 80 98027 81 98402 81 98777 81 99151 82 99526 82 99901 82 100275 82 100650 82 101024 82 101398 83 101773 83 102147 84 102521 84 102896 84 103270 85 103644 86 104019 86 104393 86 104767 87 105142 86 105516 86 105891 85 106265 86 106640 84 107014 84 107389 83 107763 83 108137 83 108512 83 108886 83 109261 82 109635 83 110010 82 110384 83 110759 83 111133 83 111508 83 111883 82 112258 82 112632 82 113007 82 113382 81 113757 81 114133 79 114508 78 114883 78 115258 77 115633 77 116008 77 116383 77 116758 77 117133 77 117508 78 117883 78 118258 79 118633 80 119008 82 119383 83 119758 86 120133 87 120508 89 120883 90 121258 91 121634 92 122009 93 122384 94 122759 95 123134 96 123509 97 123884 99 124259 100 124634 67 124709 26 125009 65 125092 19 125385 63 125470 17 125760 62 125847 16 126135 61 126225 15 126510 60 126602 14 126886 58 126979 13 127261 56 127356 13 127636 55 127732 12 128011 53 128109 11 128387 38 128486 10 128762 36 128863 10 129137 33 129241 9 129512 30 129617 9 129887 28 129994 8 130263 24 130371 7 130637 21 130747 6 131012 17 131124 4 131387 15 131501 2 131762 13 132137 12 132513 9 132888 6 133265 2
Birman_189,56291 4 56622 9 56955 11 57287 15 57617 20 57944 29 58270 38 58599 44 58930 48 59261 52 59519 9 59592 55 59853 11 59924 58 60186 15 60255 61 60520 20 60587 64 60855 22 60907 78 61189 29 61234 85 61523 131 61857 131 62192 130 62526 130 62861 130 63195 130 63530 129 63864 129 64198 130 64533 129 64867 129 65202 128 65536 128 65871 128 66205 128 66539 128 66873 128 67207 128 67542 128 67876 128 68210 128 68544 128 68878 128 69211 130 69545 130 69879 130 70213 130 70547 131 70880 132 71214 132 71548 133 71881 134 72215 134 72548 136 72882 136 73215 137 73549 138 73882 139 74216 139 74549 141 74883 141 75075 1 75216 143 75408 3 75550 143 75742 3 75884 144 76075 5 76217 145 76409 5 76551 146 76742 6 76884 147 77076 6 77218 148 77409 7 77551 150 77743 7 77885 150 78076 8 78219 151 78410 8 78552 153 78743 8 78886 154 79076 9 79220 155 79410 9 79553 157 79743 10 79887 157 80076 10 80221 159 80410 10 80555 160 80743 10 80888 162 81077 9 81222 163 81410 8 81556 165 81745 5 81889 168 82223 170 82557 172 82890 174 83224 174 83558 174 83891 176 84225 176 84558 177 84892 178 85226 178 85559 180 85893 181 86227 181 86560 183 86894 184 87228 184 87562 185 87896 186 88229 188 88563 189 88897 190 89129 22 89231 191 89457 39 89565 192 89784 49 89899 193 90114 54 90233 198 90443 60 90567 270 90901 271 91235 272 91569 272 91903 272 92237 273 92572 272 92906 272 93240 272 93574 272 93908 272 94243 271 94577 270 94911 269 95246 268 95580 266 95915 264 96249 263 96584 260 96918 259 97253 256 97587 254 97922 251 98256 249 98591 244 98925 226 99260 220 99594 218 99929 215 100264 211 100598 209 100933 206 101268 203 101603 201 101938 198 102273 194 102608 192 102943 189 103278 186 103613 184 103947 182 104282 180 104617 178 104951 177 105286 176 105620 175 105955 174 106289 173 106624 172 106958 171 107292 171 107626 170 107961 169 108295 169 108629 168 108963 168 109297 168 109632 167 109966 168 110301 167 110636 166 110972 164 111307 163 111643 161 111978 160 112313 159 112648 158 112983 157 113318 156 113653 155 113987 155 114322 154 114657 153 114991 153 115326 152 115660 152 115994 152 116328 152 116663 151 116997 151 117331 151 117665 150 117999 150 118333 150 118667 150 119002 148 119336 148 119670 148 120004 147 120338 147 120672 146 121006 146 121340 145 121674 145 122008 144 122342 144 122676 144 123010 143 123344 143 123678 143 124012 143 124346 142 124680 142 125014 142 125348 142 125682 142 126016 142 126350 142 126684 141 127018 141 127352 141 127686 141 128020 141 128354 141 128688 141 129022 141 129356 141 129690 141 130024 142 130358 142 130692 142 131026 142 131361 141 131695 142 132029 142 132363 142 132697 142 133032 142 133366 142 133700 142 134034 142 134369 141 134703 141 135037 141 135372 140 135706 139 136041 138 136375 137 136710 135 137044 135 137379 133 137714 131 138048 129 138383 123 138718 115 139053 109 139387 106 139722 103 140058 100 140393 97 140729 94 141064 92 141400 90 141737 86 142074 82 142410 80 142746 77 143082 75 143418 72 143753 71 144089 68 144425 66 144761 64 145097 62 145433 60 145768 59 146103 58 146438 57 146773 57 147109 55 147444 55 147779 54 148115 53 148450 52 148786 51 149121 51 149456 50 149791 50 150126 50 150461 49 150796 48 151131 48 151465 48 151800 47 152135 47 152471 45 152806 44 153141 42 153476 41 153811 40 154146 38 154482 36 154817 34 155153 31 155489 28 155825 25 156161 22 156497 19 156834 15 157172 10 157510 4
havanese_136,32752 5 33119 2 33122 13 33492 19 33865 23 34239 25 34613 26 34987 28 35361 30 35736 30 36110 32 36484 33 36858 34 37233 34 37607 36 37981 38 38355 39 38729 41 39103 43 39477 44 39851 46 40225 47 40599 48 40973 50 41347 51 41720 53 42094 54 42468 55 42842 56 43215 58 43589 59 43963 60 44337 61 44711 62 45086 62 45460 63 45835 63 45994 26 46209 64 46365 34 46584 64 46732 45 46959 65 47102 53 47196 9 47333 67 47475 57 47566 18 47620 4 47708 68 47848 62 47938 24 47993 8 48083 69 48221 67 48311 27 48366 10 48458 70 48593 75 48681 34 48738 13 48833 72 48966 126 49111 15 49208 73 49339 162 49583 75 49711 165 49958 76 50083 168 50333 77 50454 172 50708 78 50826 175 51083 79 51194 182 51458 81 51562 189 51833 95 51930 196 52208 293 52583 293 52959 292 53334 292 53709 292 54084 292 54460 291 54835 291 55210 291 55586 290 55961 290 56336 290 56712 289 57087 289 57463 288 57838 288 58214 287 58590 286 58966 285 59341 285 59717 284 60093 283 60469 282 60845 281 61221 280 61597 279 61972 279 62348 278 62723 278 63098 278 63471 280 63844 282 64218 283 64592 284 64966 285 65339 287 65708 293 66081 295 66455 294 66829 294 67204 292 67578 291 67952 290 68327 289 68702 287 69077 286 69452 286 69827 285 70203 283 70578 283 70954 281 71330 279 71706 278 72083 275 72462 271 72840 267 73217 265 73594 263 73971 260 74346 260 74722 259 75098 258 75473 258 75849 257 76224 257 76599 257 76975 256 77350 256 77726 255 78101 255 78477 254 78852 254 79228 253 79603 253 79978 253 80353 253 80729 251 81104 251 81479 251 81854 251 82230 250 82605 250 82980 250 83356 249 83731 249 84106 249 84481 249 84857 248 85232 248 85608 247 85983 247 86358 247 86734 246 87109 246 87485 245 87860 245 88235 245 88611 244 88986 244 89362 243 89737 244 90113 243 90489 242 90864 242 91240 241 91615 241 91991 240 92367 240 92743 239 93118 239 93494 238 93870 238 94246 237 94622 236 94998 236 95374 235 95750 235 96127 234 96503 234 96880 233 97257 231 97633 231 98010 230 98386 231 98762 231 99138 232 99514 232 99890 232 100266 232 100641 233 101017 234 101393 233 101769 232 102144 232 102520 231 102896 230 103271 230 103647 229 104023 228 104399 227 104774 227 105150 226 105526 225 105902 224 106278 223 106653 223 107029 222 107406 220 107782 219 108158 218 108534 217 108910 216 109287 214 109664 212 110040 211 110417 209 110794 207 111170 206 111547 204 111924 202 112300 201 112677 199 113054 197 113431 195 113809 192 114186 190 114563 188 114941 185 115318 183 115696 180 116073 178 116450 176 116827 174 117204 172 117580 171 117957 169 118333 168 118710 166 119087 164 119465 161 119844 157 120222 154 120601 86 120689 62 120980 77 121068 58 121358 71 121445 56 121738 61 121822 54 122121 32 122157 11 122199 52 122576 50 122953 48 123330 45 123707 42 124085 35 124465 24 124846 13
saint_bernard_123,52706 26 53034 35 53363 41 53693 44 54022 47 54352 49 54682 51 55012 53 55342 56 55672 58 56002 62 56332 68 56663 77 56993 80 57323 82 57653 84 57984 86 58314 88 58645 90 58975 94 59306 96 59636 100 59966 103 60297 104 60627 108 60958 110 61288 113 61619 117 61949 121 62279 124 62609 128 62940 130 63270 134 63600 136 63930 138 64260 141 64590 143 64920 144 65249 147 65579 149 65909 151 66238 154 66567 157 66897 158 67227 161 67557 163 67888 164 68219 165 68550 167 68881 168 69213 168 69545 168 69878 167 70211 166 70545 163 70879 161 71213 159 71547 24 71583 121 71881 17 71920 116 72219 5 72255 9 72269 98 72603 96 72936 95 73268 95 73601 94 73934 93 74266 92 74598 92 74930 91 75263 89 75595 88 75927 86 76259 84 76591 78 76922 77 77255 74 77587 72 77919 71 78251 70 78583 69 78915 68 79248 67 79579 67 79911 67 80243 67 80575 68 80907 69 81239 69 81571 69 81904 27 81942 30 82236 16 82276 27 82569 10 82609 26 82903 4 82944 22 83277 21 83612 16 83950 9 84286 1
japanese_chin_49,205 25 577 31 948 37 1321 40 1693 44 2064 49 2434 56 2799 67 3162 81 3531 88 3902 93 4275 96 4649 98 5023 100 5398 100 5772 102 6146 103 6521 103 6895 105 7269 106 7644 106 8018 107 8392 108 8765 111 9138 115 9512 117 9886 119 10261 120 10635 122 11009 123 11383 124 11757 125 12130 127 12503 128 12877 129 13251 129 13624 131 13998 132 14372 132 14746 133 15121 133 15495 134 15869 134 16243 135 16618 135 16992 135 17366 136 17741 136 18115 136 18490 136 18864 137 19239 136 19613 137 19988 137 20363 137 20737 137 21112 137 21487 84 21578 46 21861 77 21956 43 22236 74 22333 40 22611 73 22710 38 22985 73 23088 35 23360 72 23464 33 23735 72 23840 32 24110 72 24216 31 24484 73 24591 30 24859 73 24966 30 25234 73 25342 29 25609 72 25717 29 25984 71 26092 28 26359 69 26467 28 26734 67 26842 28 27109 66 27189 6 27217 27 27484 65 27563 7 27592 27 27859 65 27937 9 27967 27 28234 65 28312 9 28342 26 28609 65 28686 10 28716 27 28983 65 29061 10 29091 27 29358 65 29436 9 29465 28 29733 64 29812 8 29840 27 30108 63 30187 8 30214 28 30483 63 30562 8 30588 29 30858 62 30937 7 30962 30 31233 62 31311 8 31336 30 31608 61 31686 7 31710 31 31983 61 32061 7 32084 32 32358 61 32437 5 32458 33 32732 61 32811 7 32833 32 33107 61 33185 8 33206 34 33482 61 33561 8 33580 35 33856 62 33934 12 33953 37 34232 62 34308 15 34324 40 34606 62 34682 57 34981 62 35055 59 35356 61 35429 60 35730 61 35802 61 36105 60 36175 63 36479 59 36549 64 36852 60 36922 66 37226 60 37295 67 37599 61 37669 68 37973 62 38044 68 38346 64 38418 69 38720 65 38792 69 39093 67 39166 70 39467 68 39540 71 39841 70 39914 72 40215 145 40589 146 40963 147 41337 148 41711 149 42086 148 42460 149 42834 150 43208 151 43583 151 43957 151 44331 152 44705 153 45079 154 45453 155 45827 156 46201 156 46575 157 46950 157 47324 158 47698 159 48072 160 48446 161 48820 162 49194 163 49568 164 49942 165 50316 166 50690 167 51064 168 51438 169 51812 170 52186 172 52560 173 52934 174 53308 175 53683 176 54056 178 54430 179 54804 180 55178 182 55551 184 55925 185 56298 187 56672 189 57046 190 57420 191 57794 192 58168 193 58542 194 58917 194 59291 195 59665 196 60039 197 60414 197 60788 198 61162 199 61537 199 61911 200 62286 199 62660 200 63035 200 63410 200 63784 201 64159 201 64534 201 64908 201 65283 201 65658 201 66033 201 66408 201 66782 202 67157 202 67532 202 67907 202 68282 202 68657 202 69032 202 69407 202 69782 202 70157 202 70532 202 70907 203 71282 203 71657 203 72032 203 72407 203 72782 203 73157 203 73532 204 73907 204 74282 205 74658 204 75033 205 75408 205 75783 206 76158 206 76534 206 76909 206 77284 207 77659 207 78035 207 78410 207 78786 207 79161 207 79537 207 79912 207 80288 207 80664 206 81039 207 81415 207 81791 206 82167 206 82543 206 82919 205 83295 205 83672 204 84048 203 84424 203 84800 202 85176 202 85552 201 85927 202 86303 201 86679 200 87054 200 87430 200 87805 200 88181 199 88556 199 88931 199 89307 198 89682 198 90058 197 90433 197 90809 196 91184 196 91560 195 91935 195 92311 194 92686 194 93062 194 93437 194 93813 193 94188 193 94564 192 94939 193 95314 193 95690 192 96066 168 96239 18 96441 165 96618 13 96817 160 96996 10 97192 157 97374 5 97568 154 97944 151 98320 147 98696 105 98802 38 99073 100 99180 32 99450 96 99558 26 99828 91 99950 4 100207 87 100588 80 100971 71 101349 67 101727 60 102115 40 102502 9
Birman_170,20252 1 20580 5 20909 8 21240 9 21570 11 21901 12 22231 14 22561 16 22891 18 23221 20 23549 24 23877 28 24196 41 24521 48 24846 55 25170 63 25499 66 25827 70 26154 75 26482 79 26810 83 27133 92 27460 97 27788 101 28115 106 28443 110 28770 115 29099 118 29428 121 29757 124 30087 126 30417 128 30747 130 31078 131 31408 133 31738 135 32068 137 32398 139 32728 141 33058 143 33388 145 33718 147 34048 149 34378 151 34708 153 35038 155 35367 158 35697 160 36027 162 36356 165 36687 166 37016 169 37347 170 37678 171 38008 173 38339 174 38670 175 39000 177 39331 178 39662 179 39863 11 39992 181 40193 17 40323 182 40524 22 40653 184 40855 28 40984 185 41187 34 41314 187 41518 48 41645 188 41850 57 41975 190 42182 65 42306 191 42514 70 42636 193 42846 73 42966 195 43178 77 43294 199 43510 102 43618 207 43842 315 44174 315 44506 315 44838 315 45171 314 45503 314 45835 314 46168 313 46500 313 46832 313 47165 312 47497 312 47830 311 48163 310 48495 310 48828 309 49161 308 49494 307 49826 307 50159 306 50492 305 50825 304 51158 303 51491 302 51824 301 52157 300 52490 299 52823 298 53155 298 53488 297 53821 296 54154 295 54487 294 54820 293 55153 292 55486 291 55819 290 56152 289 56485 288 56818 287 57151 286 57483 286 57816 285 58149 284 58482 283 58815 282 59148 281 59481 280 59813 280 60146 279 60479 278 60812 277 61145 276 61478 275 61810 275 62143 274 62476 273 62808 273 63141 272 63474 271 63806 271 64139 270 64471 270 64803 270 65136 269 65468 269 65800 269 66132 269 66465 268 66797 268 67129 268 67461 268 67793 268 68125 268 68457 268 68790 267 69122 267 69454 267 69786 267 70118 267 70450 267 70782 267 71115 266 71447 266 71779 266 72111 266 72443 266 72775 266 73107 266 73439 266 73771 266 74103 266 74435 266 74767 266 75099 266 75432 265 75764 265 76096 265 76428 265 76760 265 77092 265 77424 265 77756 265 78088 265 78421 264 78753 264 79085 264 79417 264 79749 264 80081 264 80413 264 80745 264 81077 264 81409 264 81741 264 82073 264 82405 264 82737 264 83069 264 83401 264 83733 264 84065 264 84397 264 84729 264 85061 264 85393 264 85725 264 86057 264 86389 264 86721 264 87053 264 87385 264 87717 264 88049 264 88380 265 88712 265 89044 265 89376 265 89708 265 90040 265 90372 265 90704 265 91036 265 91368 265 91699 266 92031 266 92363 266 92695 266 93027 266 93359 266 93690 267 94022 267 94354 267 94686 267 95017 268 95349 268 95681 268 96012 269 96344 269 96675 270 97007 270 97338 271 97670 271 98001 272 98332 273 98664 273 98995 274 99326 275 99657 276 99989 276 100320 277 100651 278 100982 279 101314 279 101645 280 101976 281 102307 282 102638 283 102970 283 103301 284 103632 285 103963 286 104294 287 104625 288 104956 289 105287 290 105618 291 105949 292 106280 293 106612 293 106943 294 107274 295 107605 296 107936 297 108267 298 108599 75 108686 211 108930 64 109022 207 109261 61 109355 206 109592 56 109689 204 109923 53 110023 202 110254 51 110357 200 110586 48 110691 198 110917 46 111024 197 111248 44 111358 195 111580 41 111691 194 111911 40 112024 193 112243 38 112357 192 112574 36 112690 191 112906 34 113022 191 113238 32 113355 190 113569 30 113687 190 113901 28 114020 189 114233 26 114353 164 114528 13 114565 23 114685 161 114871 2 114897 21 115018 158 115229 19 115351 154 115561 16 115684 150 115894 13 116017 146 116227 6 116351 140 116685 136 117020 130 117356 123 117690 113 118026 106 118361 101 118695 97 119029 93 119363 89 119697 85 120032 77 120367 66 120703 49 121042 21 121067 11
Ragdoll_84,24272 16 24767 31 25264 49 25760 62 26257 71 26754 79 27251 86 27748 92 28246 97 28744 101 29242 106 29740 109 30239 112 30737 116 31236 118 31735 121 31936 6 32234 123 32433 11 32733 125 32931 15 33232 128 33430 17 33731 130 33928 20 34230 132 34427 21 34729 134 34925 24 35228 136 35424 25 35727 138 35922 28 36226 140 36421 29 36652 20 36724 143 36920 30 37149 28 37223 145 37418 32 37646 35 37721 148 37917 33 38144 41 38219 151 38415 35 38642 48 38716 154 38914 35 39140 58 39209 162 39413 35 39638 233 39912 35 40137 235 40410 36 40635 238 40909 36 41134 239 41408 36 41633 241 41907 35 42132 243 42405 35 42631 244 42904 35 43130 246 43402 35 43629 248 43900 36 44128 250 44398 36 44627 253 44896 36 45126 256 45393 37 45625 303 46124 302 46623 302 47123 301 47622 301 48121 301 48621 300 49120 300 49620 300 50119 300 50619 299 51119 298 51618 299 52118 299 52618 299 53117 300 53617 300 54116 301 54616 302 55115 304 55615 305 56114 307 56614 308 57113 309 57612 311 58112 311 58612 312 59111 313 59610 314 60110 314 60609 316 61109 316 61608 317 62108 316 62607 317 63107 317 63606 318 64106 318 64606 318 65105 318 65605 318 66104 319 66604 319 67103 320 67602 321 68102 321 68601 322 69100 322 69599 323 70098 324 70597 324 71096 324 71594 326 72093 326 72591 328 73089 329 73587 330 74086 330 74583 332 75081 334 75579 335 76077 336 76575 337 77073 339 77572 339 78070 340 78568 341 79067 341 79566 341 80065 341 80564 341 81062 342 81561 342 82061 341 82560 341 83059 341 83558 341 84057 341 84556 341 85056 339 85555 339 86054 339 86553 339 87052 339 87551 339 88050 339 88550 338 89049 338 89548 338 90048 337 90547 337 91046 338 91546 15 91563 320 92045 13 92066 316 92545 12 92567 315 93044 12 93068 313 93543 12 93569 312 94043 11 94069 311 94542 11 94570 310 95042 10 95070 309 95541 11 95570 309 96041 10 96070 308 96540 10 96570 308 97040 10 97070 307 97539 10 97570 307 98039 10 98069 307 98538 10 98569 307 99038 9 99069 307 99538 8 99570 305 100038 8 100070 305 100538 7 100570 305 101038 7 101071 303 101539 5 101571 303 102039 4 102072 302 102540 2 102573 300 103073 300 103573 300 104074 299 104574 298 105074 298 105574 298 106075 297 106575 296 107075 296 107576 295 108076 295 108576 295 109076 295 109576 295 110077 294 110577 294 111078 292 111579 291 112079 291 112580 290 113080 290 113581 288 114082 287 114582 287 115083 286 115584 285 116084 284 116585 283 117086 282 117587 281 118088 280 118589 279 119089 278 119590 277 120091 276 120592 275 121093 273 121595 271 122095 271 122597 268 123098 267 123599 266 124100 264 124602 261 125103 259 125604 257 126106 253 126607 250 127109 245 127610 240 128112 230 128614 220 129115 200 129617 193 130119 187 130621 182 131124 174 131627 164 132131 153 132635 144 133140 135 133647 124 134156 112 134663 102 135171 91 135680 78 136188 65 136699 18 136726 17
american_bulldog_127,26762 5 27093 11 27425 14 27758 16 28091 18 28424 20 28757 23 29090 27 29424 30 29757 32 29823 7 30091 34 30151 16 30424 37 30480 22 30758 39 30810 28 31091 82 31194 9 31425 85 31512 27 31759 114 32092 116 32426 117 32760 119 33094 120 33427 123 33761 125 34095 126 34429 128 34763 129 35097 130 35431 131 35765 132 36099 133 36433 134 36767 135 37101 136 37435 138 37769 140 38103 141 38437 142 38771 143 39105 144 39439 144 39773 146 40107 147 40441 148 40775 150 41109 152 41444 153 41778 156 42112 160 42446 165 42780 176 43115 178 43449 180 43783 182 44118 182 44452 183 44786 185 45121 185 45455 186 45790 186 46125 186 46459 187 46794 187 47128 188 47463 188 47798 187 48133 187 48467 188 48802 165 48975 14 49137 131 49272 25 49311 13 49472 127 49609 20 49646 13 49807 125 49944 17 49982 11 50142 122 50279 16 50316 12 50476 121 50614 13 50651 11 50811 119 50949 12 50986 11 51146 117 51284 10 51321 11 51481 115 51618 9 51656 10 51816 112 51953 8 51991 10 52151 110 52287 7 52325 11 52486 106 52621 7 52660 11 52822 101 52956 6 52995 12 53157 91 53249 1 53251 1 53290 5 53330 12 53492 85 53623 6 53664 13 53828 82 53957 6 53999 14 54163 80 54291 5 54334 15 54498 78 54625 5 54669 15 54834 76 54959 5 55004 16 55169 75 55293 4 55339 17 55505 73 55626 5 55675 16 55840 72 55960 5 56010 17 56175 72 56293 5 56345 17 56511 73 56626 5 56681 16 56846 75 56956 2 56959 6 57016 16 57181 75 57288 10 57351 15 57516 78 57621 11 57686 15 57851 82 57941 24 58021 14 58187 111 58357 12 58522 41 58565 66 58692 10 58857 38 58900 65 59028 7 59192 36 59234 66 59364 4 59526 35 59569 65 59861 34 59903 66 60196 32 60237 66 60530 31 60571 67 60864 30 60904 68 61199 29 61238 68 61533 28 61571 70 61867 27 61905 70 62202 26 62238 72 62536 25 62572 72 62871 24 62905 73 63205 23 63239 74 63540 22 63572 75 63875 21 63906 75 64210 20 64239 76 64545 19 64573 77 64880 18 64906 78 65215 17 65239 80 65551 15 65573 81 65886 15 65906 82 66222 14 66239 84 66557 14 66572 85 66894 98 67229 97 67565 96 67902 94 68238 93 68574 92 68910 90 69245 90 69580 90 69914 91 70249 91 70584 90 70919 90 71254 89 71588 90 71923 89 72258 89 72592 89 72927 89 73262 88 73596 89 73931 89 74266 88 74600 89 74935 88 75269 88 75604 88 75938 88 76273 87 76607 87 76942 86 77277 85 77611 85 77946 84 78281 83 78615 83 78950 82 79285 80 79620 78 79954 77 80289 75 80625 72 80960 70 81295 68 81631 64 81966 62 82302 58 82639 54 82976 10 82993 9 83010 15 83353 1
Persian_54,28785 10 29281 19 29779 25 30277 31 30775 38 31273 44 31771 49 32269 54 32768 57 33266 62 33765 65 34263 69 34762 71 35199 18 35261 74 35686 34 35759 78 36180 43 36258 80 36671 54 36757 83 37164 63 37255 87 37661 68 37753 90 38159 72 38251 93 38658 76 38749 97 39156 81 39244 103 39655 193 40154 195 40653 197 41152 199 41651 201 42150 203 42649 206 43148 208 43647 210 44146 212 44645 214 45144 216 45642 219 46141 221 46640 223 47138 226 47636 229 48134 232 48633 234 49132 236 49631 238 50131 239 50630 241 51130 242 51630 243 52130 244 52629 245 53129 246 53629 246 54129 247 54629 247 55128 248 55628 249 56128 249 56628 250 57127 252 57627 253 58127 254 58626 256 59126 257 59626 258 60126 260 60626 261 61126 263 61626 264 62126 267 62626 269 63126 271 63627 274 64127 279 64627 283 64924 11 64956 12 65127 289 65419 18 65453 17 65628 314 65948 23 66128 343 66628 343 67128 343 67629 342 68129 343 68629 343 69129 343 69630 342 70130 342 70630 342 71131 342 71631 342 72131 342 72631 342 73132 341 73632 341 74132 340 74632 340 75132 340 75632 339 76132 339 76632 338 77132 338 77632 338 78133 336 78633 335 79133 335 79633 334 80133 334 80633 333 81133 333 81633 332 82133 332 82633 331 83133 330 83633 330 84132 330 84633 328 85133 327 85633 327 86133 326 86633 325 87133 324 87633 323 88134 320 88634 319 89134 318 89634 317 90135 314 90635 313 91136 311 91637 309 92138 307 92639 305 93140 303 93642 300 94143 299 94645 297 95147 294 95648 293 96150 291 96652 289 97155 286 97657 284 98159 282 98661 280 99163 278 99664 277 100166 275 100667 274 101168 273 101669 272 102170 271 102671 270 103172 269 103673 268 104175 266 104676 265 105176 265 105677 264 106178 264 106679 263 107180 262 107681 261 108182 260 108683 259 109184 258 109684 258 110185 257 110686 256 111187 255 111687 255 112188 254 112689 253 113190 252 113690 252 114191 251 114692 251 115192 251 115693 250 116194 249 116695 248 117195 248 117696 248 118197 247 118698 246 119200 244 119701 244 120202 243 120703 242 121204 241 121705 240 122206 239 122707 239 123207 239 123708 238 124208 239 124709 238 125209 239 125709 239 126210 238 126710 238 127211 238 127711 238 128212 237 128712 238 129212 238 129713 237 130213 237 130713 237 131214 237 131714 237 132215 236 132715 236 133216 235 133716 236 134217 235 134717 235 135218 234 135718 234 136219 234 136720 233 137220 233 137721 232 138221 232 138722 231 139223 230 139723 230 140224 229 140724 229 141225 228 141726 227 142226 227 142727 226 143227 226 143728 225 144229 224 144729 224 145229 224 145730 223 146230 223 146731 222 147231 222 147731 222 148232 221 148732 221 149233 220 149733 220 150234 219 150734 220 151234 220 151735 219 152235 219 152736 218 153236 218 153737 217 154237 217 154738 216 155238 216 155738 216 156239 215 156739 216 157239 216 157739 216 158239 216 158739 217 159240 216 159740 216 160240 216 160740 216 161240 216 161741 215 162241 215 162741 215 163241 215 163741 215 164242 214 164742 214 165243 213 165744 212 166245 211
Maine_Coon_173,317 182 816 184 1315 186 1815 186 2314 187 2813 188 3312 189 3812 189 4311 190 4810 191 5309 192 5809 192 6308 193 6807 194 7306 195 7805 196 8304 197 8804 197 9303 198 9802 199 10301 200 10800 201 11300 201 11798 203 12297 204 12796 205 13295 206 13794 207 14293 208 14791 210 15290 211 15789 212 16288 213 16787 214 17286 215 17785 216 18284 217 18783 218 19281 220 19780 221 20279 222 20778 223 21276 225 21773 228 22271 230 22770 231 23268 233 23765 236 24263 238 24761 240 25259 242 25756 245 26253 248 26751 250 27249 252 27747 254 28245 256 28744 257 29242 259 29740 261 30238 263 30736 265 31233 268 31729 272 32227 274 32725 276 33223 278 33721 280 34220 281 34718 283 35217 284 35716 285 36214 287 36713 288 37212 289 37711 290 38209 292 38708 293 39207 294 39706 295 40205 296 40704 297 41202 299 41701 300 42200 301 42699 302 43198 303 43697 304 44196 305 44695 306 45194 307 45693 308 46193 308 46692 309 47191 310 47690 311 48189 312 48688 313 49187 314 49685 316 50184 317 50682 319 51181 320 51679 322 52176 325 52674 327 53111 17 53171 330 53609 392 54106 395 54604 397 55102 399 55602 399 56101 400 56601 400 57102 399 57602 399 58103 398 58603 398 59104 397 59604 397 60105 396 60606 395 61106 395 61607 394 62108 393 62609 392 63110 391 63611 390 64112 389 64613 388 65114 387 65615 386 66116 385 66617 384 67118 383 67619 382 68120 381 68621 380 69122 379 69623 378 70123 378 70624 377 71125 376 71625 376 72126 375 72626 375 73127 374 73627 374 74128 373 74628 373 75128 373 75629 372 76129 372 76629 372 77130 371 77630 371 78130 371 78630 371 79130 371 79630 371 80130 371 80630 371 81130 371 81630 371 82130 371 82630 371 83130 371 83630 371 84129 372 84629 372 85129 372 85629 372 86129 372 86629 372 87129 372 87629 372 88129 372 88628 373 89128 373 89628 373 90127 374 90627 374 91126 375 91626 375 92126 375 92626 375 93125 376 93625 376 94125 376 94625 376 95125 376 95626 375 96126 375 96626 375 97126 375 97626 375 98126 375 98627 374 99127 374 99627 374 100127 374 100627 374 101127 374 101627 374 102127 374 102627 374 103127 374 103626 375 104126 375 104626 375 105126 375 105626 375 106126 375 106626 375 107126 375 107626 375 108127 374 108627 374 109127 374 109627 374 110128 373 110628 373 111128 373 111628 373 112128 373 112628 373 113129 372 113629 372 114129 372 114629 372 115129 372 115629 372 116129 372 116629 372 117129 372 117629 372 118129 372 118629 372 119130 371 119630 371 120130 371 120630 371 121130 371 121629 372 122129 372 122629 372 123129 372 123629 372 124129 372 124628 373 125128 373 125627 374 126127 374 126626 375 127126 375 127625 376 128125 376 128624 377 129123 378 129623 378 130122 379 130621 380 131120 381 131619 382 132118 383 132618 383 133117 384 133616 385 134115 386 134614 387 135113 388 135612 389 136112 389 136611 390 137110 391 137609 392 138108 393 138607 394 139106 395 139606 395 140105 396 140604 397 141103 398 141602 399 142102 399 142601 400 143100 401 143600 401 144099 402 144598 403 145098 403 145597 404 146097 404 146596 405 147096 405 147596 405 148096 405 148596 405 149096 405 149596 405 150096 405 150596 73 150673 328 151097 62 151179 322 151598 55 151682 319 152100 47 152185 316 152603 30 152688 313 153190 311 153691 310 154192 309 154693 308 155195 306 155696 305 156197 304 156699 302 157200 301 157701 300 158203 298 158704 297 159205 296 159706 295 160208 293 160709 292 161210 291 161712 289 162213 288 162714 287 163215 286 163717 284 164218 283 164720 281 165222 279 165723 278 166225 276 166728 273 167231 270 167734 267 168237 264 168741 260 169246 255 169753 248 170259 242 170765 236 171271 230 171776 225 172280 221 172785 216 173289 212 173800 201 174304 197 174809 192 175313 188 175816 185 176319 182 176821 180 177323 178 177825 176 178326 175 178828 173 179330 171 179831 170 180333 168 180834 167 181335 166 181836 165 182336 165 182837 164 183338 163 183838 163 184339 162 184840 161 185341 160 185843 155 186343 154 186844 153 187344 153
english_setter_87,45130 21 45457 32 45784 44 46113 55 46443 63 46775 66 47105 71 47435 77 47767 79 48097 84 48429 87 48761 91 49093 95 49425 97 49758 98 50090 100 50423 100 50755 101 51087 102 51420 102 51752 103 52085 102 52417 103 52749 103 53081 103 53413 104 53745 103 54078 102 54410 102 54742 102 55074 102 55407 100 55739 99 56072 98 56404 96 56737 95 57069 94 57402 92 57735 91 58068 89 58400 88 58733 87 59066 86 59398 87 59731 86 60064 86 60397 86 60729 87 61062 86 61395 87 61727 88 62060 88 62393 88 62725 89 63058 90 63391 90 63723 92 64056 93 64388 95 64721 96 65054 99 65386 103 65719 105 66052 109 66384 114 66717 117 67050 120 67382 123 67715 124 68048 125 68381 126 68713 128 69046 128 69379 129 69711 130 70044 130 70377 130 70710 129 71042 130 71375 129 71708 128 72041 127 72373 127 72706 126 73039 125 73372 125 73704 127 74037 128 74370 129 74703 129 75035 131 75368 132 75701 134 76033 137 76366 139 76699 142 77031 146 77364 149 77697 158 78030 162 78362 165 78695 167 79028 169 79361 172 79694 173 80028 173 80362 172 80699 165 81035 159 81370 154 81704 149 82038 147 82372 144 82705 143 83038 142 83371 141 83704 141 84038 139 84371 139 84704 139 85038 137 85371 137 85704 137 86036 138 86369 138 86702 138 87035 138 87368 138 87700 139 88033 139 88366 140 88699 140 89032 140 89364 141 89697 141 90030 141 90363 141 90695 142 91028 140 91361 139 91694 136 92027 130 92360 125 92693 121 93026 119 93359 117 93692 115 94025 113 94358 110 94691 108 95024 106 95357 104 95690 100 96023 97 96357 88 96690 76 97024 72 97357 69 97691 66 98025 64 98359 61 98693 58 99027 54 99361 47 99696 41 100030 37 100365 30 100702 23 101042 15 101381 1
pug_178,11932 4 12163 7 12396 8 12628 9 12861 10 13093 12 13326 13 13558 14 13791 15 14023 17 14255 20 14488 21 14720 45 14952 54 15185 56 15417 59 15650 60 15882 62 16115 63 16348 64 16580 66 16813 67 17046 69 17278 71 17511 73 17744 74 17976 76 18209 78 18442 79 18675 79 18907 81 19140 82 19373 83 19606 84 19839 85 20072 86 20305 86 20538 87 20771 87 21004 88 21237 88 21470 89 21703 89 21935 91 22168 92 22401 92 22634 93 22867 94 23100 95 23333 96 23566 97 23798 100 24031 102 24264 104 24497 106 24729 108 24962 109 25194 112 25427 113 25659 114 25892 115 26124 116 26357 116 26589 117 26822 117 27054 118 27287 118 27520 117 27753 117 27985 118 28218 118 28451 118 28684 118 28917 118 29150 118 29383 118 29616 117 29753 6 29849 117 29983 11 30082 117 30214 14 30315 117 30446 16 30548 117 30678 18 30781 117 30910 20 31014 117 31143 21 31247 116 31375 23 31480 116 31607 25 31714 115 31840 26 31947 115 32072 28 32180 115 32304 30 32413 116 32536 32 32646 117 32767 35 32879 158 33112 159 33345 161 33578 163 33812 164 34045 166 34278 168 34511 170 34744 172 34977 174 35210 177 35443 180 35676 184 35909 187 36142 191 36376 193 36609 196 36842 200 37076 205 37309 205 37542 205 37776 204 38009 204 38243 203 38476 203 38710 202 38943 202 39176 202 39410 201 39643 201 39876 201 40110 200 40343 200 40576 192 40809 184 41042 175 41275 165 41508 161 41741 157 41974 154 42206 152 42439 150 42672 148 42905 147 43138 146 43371 145 43604 144 43838 143 44071 142 44304 142 44537 142 44770 141 45003 141 45237 140 45470 140 45703 140 45937 139 46170 139 46403 139 46637 138 46870 138 47103 138 47337 137 47570 137 47804 136 48037 111 48160 13 48271 108 48394 12 48505 104 48627 12 48739 100 48860 13 48973 96 49093 13 49207 93 49325 14 49441 89 49558 14 49675 85 49790 15 49910 80 50022 16 50144 76 50254 17 50379 71 50487 17 50617 63 50719 18 50853 56 50950 20 51088 50 51182 22 51322 45 51413 24 51557 39 51645 25 51792 34 51876 27 52029 25 52107 29 52338 31 52568 34 52799 36 53030 38 53261 40 53491 43 53722 46 53951 50 54181 53 54411 56 54641 59 54805 1 54870 63 55037 5 55098 68 55269 9 55324 75 55502 13 55545 87 55735 19 55762 103 55968 131 56200 132 56433 132 56666 132 56899 132 57131 133 57364 133 57597 133 57830 133 58063 133 58296 133 58529 133 58762 133 58994 134 59227 134 59460 134 59693 134 59926 134 60159 134 60392 134 60625 134 60858 134 61091 134 61324 134 61557 134 61790 134 62023 133 62256 133 62489 133 62722 133 62955 133 63188 133 63421 133 63654 132 63887 132 64120 132 64353 132 64586 132 64819 131 65052 131 65285 131 65518 131 65751 130 65985 129 66218 129 66451 129 66684 129 66917 129 67150 129 67383 129 67616 128 67849 128 68082 128 68315 128 68548 128 68781 128 69014 128 69248 126 69481 126 69714 125
newfoundland_119,18984 17 19476 25 19969 32 20464 37 20957 44 21450 51 21945 56 22440 61 22936 65 23433 68 23929 72 24426 75 24923 78 25421 80 25919 82 26416 85 26914 87 27412 89 27910 91 28408 93 28906 95 29404 97 29902 99 30400 101 30898 103 31396 105 31894 107 32393 108 32891 110 33390 111 33888 113 34387 114 34885 116 35384 117 35882 119 36380 121 36879 122 37377 124 37875 126 38374 127 38872 129 39370 131 39869 132 40366 135 40862 139 41359 142 41846 155 42342 159 42839 162 43336 165 43834 167 44332 169 44830 171 45328 173 45827 174 46325 176 46824 177 47323 178 47822 179 48320 181 48819 182 49317 184 49816 185 50314 187 50813 188 51311 190 51809 192 52307 194 52806 195 53304 197 53803 198 54301 200 54800 201 55299 202 55797 204 56296 205 56794 207 57293 208 57791 210 58288 213 58786 215 59284 217 59782 219 60280 221 60778 223 61276 225 61774 227 62273 228 62771 230 63270 231 63769 232 64268 233 64766 235 65265 236 65764 237 66263 238 66762 239 67260 241 67759 242 68258 243 68757 244 69257 244 69756 245 70255 246 70754 247 71253 248 71752 249 72251 250 72750 251 73249 252 73748 253 74248 253 74747 254 75246 255 75745 256 76245 256 76745 256 77244 257 77744 257 78243 258 78743 258 79243 258 79743 258 80243 258 80743 258 81242 259 81742 259 82242 259 82742 259 83242 259 83742 259 84242 259 84742 259 85242 259 85742 259 86243 258 86743 258 87243 258 87743 258 88243 258 88743 258 89244 257 89744 257 90244 257 90745 256 91245 256 91745 256 92246 255 92746 255 93246 255 93747 254 94247 254 94748 253 95248 253 95748 253 96249 252 96749 252 97249 252 97750 251 98250 251 98750 251 99250 251 99750 251 100251 250 100751 250 101251 250 101751 250 102251 227 102483 18 102751 225 102984 17 103251 226 103485 16 103751 226 103985 16 104251 226 104485 16 104751 226 104985 16 105251 226 105485 16 105751 226 105984 17 106251 228 106482 19 106752 249 107252 249 107752 249 108252 249 108752 249 109252 249 109752 249 110252 249 110752 249 111252 249 111752 249 112252 249 112752 249 113252 249 113752 249 114252 249 114752 249 115252 249 115753 248 116253 248 116753 248 117253 248 117753 248 118254 247 118754 247 119254 247 119755 246 120255 246 120756 245 121256 245 121757 244 122258 243 122759 242 123260 241 123761 240 124262 239 124763 238 125264 237 125765 236 126266 235 126767 234 127268 233 127769 232 128270 231 128772 229 129273 228 129775 226 130277 224 130779 222 131281 220 131783 218 132286 215 132789 212 133291 210 133794 207 134297 204 134800 201 135303 198 135805 196 136308 193 136810 191 137314 187 137817 184 138321 180 138828 173 139332 169 139836 165 140339 162 140843 158 141345 156 141848 153 142350 151 142852 149 143353 148 143855 146 144356 145 144857 144 145359 142 145860 141 146361 140 146862 139 147362 139 147863 138 148363 138 148864 137 149364 137 149865 136 150365 136 150866 135 151367 134 151868 133 152369 132 152869 132 153370 131 153871 130 154372 129 154873 128 155374 127 155875 126 156376 125 156876 125 157377 124 157878 123 158379 122 158880 121 159380 121 159881 120 160382 119 160882 119 161383 118 161884 117 162385 116 162886 115 163387 114 163887 114 164388 113 164889 112 165391 110 165892 109 166393 108 166894 107 167395 106 167897 104 168398 103 168900 101 169401 100 169903 98 170404 97 170906 95 171408 93 171909 92 172411 90 172913 88 173415 86 173917 82 174419 79 174921 75 175423 70 175925 66 176427 61 176929 57 177431 52 177934 46 178436 41 178939 34 179443 25 179947 15
havanese_56,45282 5 45773 22 46268 30 46764 37 47262 42 47758 48 48255 52 48752 57 49249 62 49747 65 50244 71 50338 11 50741 76 50833 25 51239 81 51326 36 51737 127 52234 133 52731 139 53227 145 53708 166 54205 171 54702 176 55200 180 55698 184 56197 187 56695 191 57194 193 57693 195 58193 196 58692 198 59191 200 59691 201 60191 202 60690 204 61190 205 61690 206 62190 207 62690 208 63190 210 63690 211 64190 212 64690 213 65190 215 65690 216 66190 218 66690 219 67190 220 67690 221 68189 224 68689 225 69189 226 69689 227 70189 228 70688 230 71187 232 71687 232 72186 235 72685 236 73184 238 73683 239 74182 240 74681 242 75180 242 75678 244 76176 245 76675 246 77172 248 77670 250 78168 251 78665 253 79163 255 79660 257 80158 258 80655 260 81151 264 81645 269 82140 274 82638 275 83136 276 83634 277 84132 279 84631 279 85129 281 85628 281 86126 283 86624 284 87123 285 87621 287 88120 288 88618 290 89117 291 89616 292 90115 293 90613 295 91112 296 91612 296 92111 297 92610 299 93109 300 93608 302 94107 303 94607 304 95106 305 95605 306 96104 308 96604 308 97103 309 97602 266 97876 36 98102 262 98380 31 98601 260 98883 27 99101 258 99387 20 99600 259 99891 13 100100 258 100599 258 101099 258 101599 257 102098 259 102598 259 103098 259 103598 260 104098 260 104598 261 105097 263 105597 265 106097 267 106597 269 107097 272 107596 276 108096 280 108596 284 109096 288 109595 292 110095 294 110595 296 111095 298 111595 300 112094 302 112594 303 113094 305 113594 306 114094 307 114594 309 115094 310 115594 312 116094 312 116594 313 117094 314 117594 314 118094 315 118595 315 119095 316 119595 316 120095 317 120596 316 121096 317 121596 317 122096 317 122597 316 123097 316 123598 315 124098 315 124598 315 125099 314 125599 313 126100 312 126600 311 127100 311 127600 310 128101 309 128601 308 129102 306 129602 306 130103 304 130603 303 131104 301 131605 299 132106 297 132606 296 133107 294 133608 291 134109 22 134132 266 134611 14 134638 259 135113 7 135140 255 135643 251 136144 249 136646 245 137147 243 137648 241 138149 238 138650 236 139150 234 139651 232 140151 231 140652 228 141153 226 141653 224 142154 221 142655 134 142797 76 143155 124 143301 70 143656 120 143803 65 144157 116 144310 54 144657 114 144816 44 145158 111 145322 34 145659 109 145826 26 146159 108 146330 19 146660 107 146835 10 147161 105 147662 104 148163 103 148664 102 149165 101 149666 100 150168 98 150669 97 151171 95 151674 93 152176 91 152679 88 153181 87 153684 84 154186 82 154688 80 155191 77 155695 74 156212 57 156720 48 157223 45 157726 42 158229 38 158731 35 159233 32 159736 27 160238 22 160743 13
scottish_terrier_114,37849 2 38344 12 38841 29 39339 36 39836 44 40334 49 40832 54 41330 61 41783 13 41827 69 42280 19 42324 77 42436 1 42777 26 42822 85 42929 13 43274 32 43319 93 43423 23 43771 178 44269 182 44766 186 45264 189 45762 193 46260 196 46758 121 46887 70 47256 119 47390 68 47754 119 47892 67 48252 119 48394 66 48748 122 48895 66 49244 124 49395 66 49738 129 49894 68 50233 134 50392 70 50729 137 50892 71 51224 142 51391 73 51720 146 51890 74 52217 149 52388 77 52714 152 52883 82 53211 156 53380 85 53709 256 54155 17 54207 182 54392 74 54642 33 54705 183 54892 74 55133 46 55202 185 55392 74 55629 55 55698 189 55892 74 56126 261 56392 75 56624 264 56892 75 57121 267 57391 76 57619 269 57891 76 58115 273 58391 77 58612 357 59108 362 59604 367 60100 372 60597 376 61093 381 61591 384 62089 303 62394 82 62586 306 62895 4 62901 76 63084 307 63396 2 63402 76 63582 309 63903 76 64080 311 64403 77 64578 313 64904 76 65076 315 65404 77 65574 317 65904 77 66071 319 66403 78 66569 321 66903 78 67068 322 67403 78 67566 324 67903 78 68064 326 68403 77 68563 327 68892 4 68902 78 69061 336 69401 78 69559 421 70058 423 70556 426 71054 430 71553 434 72051 442 72550 444 73049 447 73547 449 74046 451 74545 452 75044 454 75543 455 76042 457 76542 457 77041 459 77541 459 78041 460 78541 460 79041 460 79541 460 80041 460 80542 459 81042 459 81543 458 82044 457 82545 456 83047 454 83549 452 84053 448 84560 441 85073 428 85587 14 85607 394 86119 382 86627 374 87133 368 87637 364 88140 361 88642 359 89143 358 89645 356 90146 355 90648 353 91149 352 91650 351 92151 350 92651 350 93152 349 93653 348 94153 348 94654 347 95154 347 95654 347 96155 346 96655 346 97155 346 97656 345 98156 345 98656 345 99156 345 99657 344 100157 344 100657 344 101157 344 101657 344 102157 344 102658 343 103158 343 103658 343 104158 343 104659 342 105159 342 105660 341 106160 341 106660 341 107161 340 107661 340 108162 339 108662 339 109162 339 109662 339 110162 339 110663 338 111163 338 111662 339 112162 339 112662 339 113162 339 113661 340 114160 341 114659 342 115159 342 115658 343 116157 344 116656 345 117155 346 117653 348 118152 349 118651 350 119150 351 119649 352 120148 353 120647 354 121146 355 121645 356 122144 357 122643 358 123143 358 123642 359 124141 360 124640 361 125139 362 125639 362 126138 363 126637 364 127136 365 127635 366 128134 367 128634 367 129133 368 129632 369 130131 82 130235 266 130630 77 130738 263 131129 74 131240 261 131628 72 131742 259 132127 69 132243 258 132626 67 132744 257 133126 63 133245 256 133625 60 133746 255 134124 55 134247 254 134623 50 134747 254 135122 47 135248 253 135620 45 135748 253 136120 43 136249 252 136618 44 136749 252 137118 42 137249 252 137617 41 137750 251 138116 40 138250 251 138614 40 138750 251 139113 39 139250 251 139612 38 139750 251 140111 37 140251 250 140609 36 140751 250 141108 35 141251 250 141606 35 141751 250 142105 34 142251 250 142603 33 142751 250 143102 32 143251 250 143601 30 143751 250 144099 30 144251 250 144598 28 144752 249 145097 25 145252 249 145596 22 145752 249 146096 17 146252 249 146597 8 146752 249 147252 249 147752 249 148252 249 148753 248 149253 248 149753 248 150253 248 150753 248 151253 248 151754 247 152254 247 152754 247 153254 247 153754 247 154255 246 154755 246 155255 246 155755 246 156255 246 156756 245 157256 245 157756 245 158256 245 158756 245 159256 245 159757 244 160257 244 160757 244 161257 244 161757 244 162258 243 162758 243 163258 243 163758 243 164259 242 164759 242 165259 242 165759 242 166259 242 166759 242 167260 241 167760 241 168260 241 168760 241 169261 240 169761 240 170261 240 170762 239 171262 239 171763 238 172263 238 172763 238 173264 237 173764 237 174265 236 174765 236 175266 235 175766 235 176267 234 176767 234 177267 234 177768 233 178268 233 178769 232 179269 232 179770 231 180270 231 180771 230 181271 230 181772 229 182273 228 182773 228 183273 228 183774 227 184275 226 184775 226 185276 225 185777 224 186277 224 186778 223 187279 222 187779 222 188280 221 188781 220 189281 220 189782 218 190282 218 190783 216 191284 214 191785 212 192286 210 192787 206 193288 200 193790 194 194290 189 194791 182 195293 91 195405 59
pug_85,1230 95 1559 103 1890 106 2223 106 2555 107 2888 107 3220 108 3553 108 3885 109 4218 109 4551 109 4884 110 5217 110 5550 110 5883 110 6216 110 6549 110 6882 110 7215 110 7548 110 7880 111 8213 111 8546 111 8879 111 9212 111 9545 111 9878 111 10210 112 10543 112 10876 112 11209 112 11542 112 11875 112 12208 112 12540 113 12873 113 13206 113 13539 113 13872 113 14205 113 14538 113 14870 114 15203 114 15536 114 15869 114 16201 115 16534 115 16867 115 17199 116 17532 116 17864 117 18197 117 18530 117 18862 118 19194 119 19527 119 19859 120 20192 120 20524 121 20857 121 21189 122 21522 122 21854 123 22187 123 22519 124 22852 124 23184 125 23516 126 23849 126 24182 126 24514 127 24847 127 25179 128 25512 128 25844 129 26177 129 26509 130 26842 130 27174 131 27507 131 27839 132 28172 132 28505 132 28837 133 29170 133 29502 134 29835 134 30167 135 30500 135 30832 136 31165 136 31497 137 31829 138 32162 138 32494 139 32826 140 33158 141 33490 142 33822 143 34154 144 34486 145 34818 146 35150 147 35482 148 35814 149 36146 150 36478 151 36810 152 37142 153 37434 7 37474 154 37764 12 37806 155 38094 17 38138 156 38426 19 38470 157 38757 23 38802 158 39088 26 39134 159 39420 28 39466 160 39751 31 39797 162 40083 33 40129 163 40415 36 40460 165 40746 40 40792 166 41078 213 41410 214 41742 215 42074 216 42406 217 42738 218 43070 219 43403 219 43735 220 44067 221 44399 222 44732 222 45064 223 45396 224 45729 224 46061 225 46393 226 46726 226 47058 227 47391 227 47723 228 48055 229 48387 230 48720 230 49052 231 49385 231 49717 232 50049 233 50382 233 50714 234 51047 234 51379 235 51711 236 52044 236 52376 237 52709 237 53042 237 53374 238 53707 238 54039 239 54372 239 54704 240 55037 240 55369 241 55702 241 56035 241 56367 242 56700 242 57032 243 57365 243 57697 244 58030 244 58362 245 58695 245 59028 245 59360 246 59693 246 60025 247 60358 247 60690 248 61023 248 61355 249 61688 249 62021 249 62353 250 62686 250 63018 251 63351 251 63684 251 64016 252 64349 252 64682 252 65015 252 65347 253 65680 253 66013 253 66346 253 66678 254 67011 254 67344 254 67677 253 68009 254 68342 254 68675 254 69008 254 69341 254 69673 255 70006 255 70339 255 70672 255 71005 255 71337 256 71670 256 72003 256 72336 256 72669 256 73002 256 73334 257 73667 257 74000 257 74333 257 74666 257 74999 257 75331 258 75664 258 75997 258 76330 258 76663 258 76996 258 77329 258 77661 259 77994 259 78327 259 78660 259 78993 259 79326 259 79659 259 79992 259 80325 259 80658 259 80990 260 81323 260 81656 260 81989 260 82322 260 82655 260 82988 260 83321 260 83654 260 83987 260 84320 260 84653 260 84986 260 85319 260 85652 260 85985 260 86318 260 86651 260 86984 260 87317 260 87651 259 87984 259 88317 235 88558 15 88574 2 88650 230 88881 1 88893 13 88907 2 88983 228 89228 10 89241 1 89317 226 89565 6 89574 1 89650 224 89899 4 89983 204 90189 17 90233 3 90317 199 90531 7 90566 2 90650 197 90866 4 90984 194 91317 192 91651 188 91984 184 92318 175 92652 168 92986 164 93319 161 93653 158 93986 157 94320 154 94653 153 94987 150 95320 149 95654 147 95988 145 96321 145 96655 143 96988 142 97322 140 97656 139 97989 138 98323 136 98657 134 98990 133 99324 132 99658 130 99992 128 100326 126 100660 125 100994 123 101328 121 101662 120 101996 55 102069 45 102330 52 102410 35 102664 49 102767 4 102998 45 103331 44 103666 40 104000 38 104334 36 104667 34 105001 32 105335 30 105669 27 106002 25 106336 23 106671 19 107005 16 107340 11 107675 4
pomeranian_195,11212 1 11418 5 11625 7 11832 9 12039 11 12247 11 12455 11 12662 12 12870 12 13078 12 13286 12 13493 13 13701 13 13909 13 14116 14 14324 14 14531 14 14738 15 14899 2 14946 14 15103 8 15153 15 15309 12 15360 15 15515 15 15567 16 15721 18 15775 16 15927 20 15982 16 16123 33 16189 17 16324 41 16395 19 16527 47 16602 20 16731 52 16808 21 16936 56 17014 23 17142 60 17220 25 17347 65 17425 28 17553 68 17631 30 17758 74 17836 34 17964 114 18170 116 18375 119 18581 122 18787 124 18994 125 19200 127 19407 129 19613 131 19819 133 20025 135 20231 137 20436 141 20641 144 20840 153 21041 160 21247 162 21454 164 21661 165 21869 165 22076 166 22283 168 22490 169 22697 170 22904 171 23111 173 23318 174 23525 176 23731 178 23938 180 24144 183 24350 185 24556 188 24762 190 24968 193 25175 194 25381 196 25587 198 25793 200 26001 200 26209 200 26417 200 26625 200 26833 200 27041 200 27249 200 27457 200 27665 200 27873 199 28081 199 28289 199 28497 199 28705 199 28913 199 29122 198 29331 196 29540 195 29749 194 29957 194 30165 194 30374 193 30582 193 30790 193 30998 193 31206 193 31414 193 31622 192 31831 191 32039 191 32247 191 32455 190 32662 191 32870 191 33078 191 33286 191 33494 191 33701 191 33909 191 34117 191 34324 192 34531 193 34738 194 34945 194 35153 194 35361 194 35569 194 35777 194 35985 193 36193 193 36401 193 36610 191 36820 189 37031 185 37241 183 37451 180 37662 176 37874 171 38084 168 38296 163 38507 159 38717 156 38927 153 39136 152 39354 141 39565 138 39775 135 39986 8 39996 122 40210 116 40421 113 40631 110 40841 108 41050 107 41259 105 41469 103 41678 102 41887 101 42097 98 42306 97 42515 96 42723 96 42932 94 43141 93 43349 93 43558 92 43766 92 43975 90 44183 90 44391 90 44599 89 44807 89 45015 89 45223 88 45431 88 45639 87 45847 87 46055 86 46263 86 46471 85 46679 84 46887 84 47096 82 47305 81 47513 80 47722 79 47931 78 48140 76 48348 76 48557 74 48767 72 48976 70 49186 68 49395 67 49604 65 49813 64 50023 62 50231 62 50440 61 50649 59 50858 58 51067 57 51276 56 51485 55 51694 54 51902 54 52112 52 52321 51 52530 50 52739 48 52948 47 53158 45 53367 44 53576 43 53785 41 53994 40 54203 39 54412 38 54622 35 54831 33 55040 32 55249 30 55458 28 55667 26 55875 25 56085 22 56294 20 56503 18 56712 15 56921 13 57130 9 57340 3
chihuahua_158,21746 10 22013 4 22042 30 22313 7 22339 50 22612 11 22636 55 22912 79 23211 76 23509 73 23807 72 24106 71 24406 69 24706 68 25006 66 25307 64 25607 64 25907 62 26208 59 26509 58 26809 59 27108 61 27407 63 27707 63 28006 65 28304 67 28604 67 28903 68 29204 68 29504 68 29805 67 30106 67 30407 67 30708 66 31008 67 31309 67 31609 68 31910 69 32210 71 32510 75 32810 78 33110 80 33410 82 33710 82 34010 81 34309 80 34609 78 34909 77 35209 76 35509 75 35809 75 36109 76 36193 3 36408 78 36489 10 36708 92 37008 92 37308 93 37608 93 37909 92 38209 93 38509 93 38809 92 39109 88 39409 84 39709 81 40009 78 40309 77 40609 77 40909 76 41209 75 41510 74 41810 73 42110 73 42410 73 42498 3 42711 72 42795 8 43011 71 43094 10 43311 71 43393 11 43611 71 43692 12 43911 24 43944 38 43992 12 44211 22 44246 36 44291 13 44511 20 44548 34 44590 14 44811 19 44849 33 44888 15 45111 19 45151 32 45186 17 45411 18 45452 51 45711 17 45753 50 46011 17 46054 48 46310 17 46356 45 46610 17 46657 43 46910 17 46959 40 47209 17 47261 36 47509 17 47563 30 47808 17 47867 20 48108 16 48170 14 48407 16 48706 16 49006 15 49305 15 49604 15 49904 14 50203 14 50503 13 50802 13 51102 12 51402 11 51702 9 52002 8 52302 6
Sphynx_27,22790 6 23200 34 23619 58 24038 67 24457 77 24558 14 24877 87 24968 28 25297 122 25717 125 26137 128 26558 129 26979 131 27400 133 27821 135 28242 137 28664 137 29085 139 29507 139 29929 139 30350 140 30772 140 31194 140 31616 140 32038 139 32460 139 32883 138 33305 138 33727 138 34150 137 34572 137 34994 137 35417 136 35839 137 36261 137 36683 137 37106 136 37528 136 37950 136 38373 136 38795 136 39217 136 39639 136 40062 135 40484 135 40906 136 41328 137 41750 137 42173 138 42595 140 43017 145 43439 153 43862 155 44284 159 44706 162 45129 165 45551 174 45973 177 46395 180 46818 181 47240 182 47663 181 48085 181 48507 181 48930 180 49352 180 49774 180 50197 180 50620 179 51042 179 51464 179 51887 178 52310 177 52732 177 53155 176 53578 175 54001 173 54424 172 54847 170 55270 169 55693 168 56115 167 56538 165 56960 165 57382 164 57805 163 58227 163 58648 164 59070 164 59492 164 59914 164 60336 163 60757 164 61179 162 61601 161 62022 161 62444 160 62865 159 63287 158 63708 157 64129 157 64551 156 64972 157 65393 157 65815 157 66236 157 66657 158 67078 159 67499 159 67920 160 68341 160 68762 160 69183 161 69604 161 70025 161 70446 161 70867 162 71288 162 71709 163 72130 163 72551 163 72972 163 73393 164 73814 164 74235 166 74656 167 75077 168 75498 168 75920 168 76341 169 76762 170 77183 171 77604 171 78026 171 78447 172 78868 172 79289 173 79711 172 80132 172 80553 172 80974 173 81395 173 81817 172 82238 173 82659 174 83080 175 83501 176 83923 176 84344 177 84765 178 85186 178 85608 178 86029 178 86450 179 86871 179 87292 179 87713 180 88134 180 88556 179 88977 180 89398 180 89819 180 90240 180 90661 181 91082 181 91503 181 91924 181 92345 181 92766 181 93186 182 93607 183 94028 183 94449 183 94870 183 95291 183 95712 184 96133 184 96553 185 96974 185 97395 185 97815 187 98236 187 98656 188 99077 188 99497 189 99918 189 100338 190 100758 191 101179 191 101599 192 102020 192 102440 193 102860 195 103280 196 103700 197 104119 199 104539 200 104958 202 105375 206 105792 158 105959 43 106210 156 106383 40 106629 154 106805 40 107049 151 107228 38 107468 151 107650 37 107888 150 108072 36 108308 149 108493 36 108728 148 108915 35 109147 148 109337 35 109567 146 109758 35 109987 145 110180 34 110405 145 110601 34 110823 124 110956 13 111023 33 111242 123 111381 6 111444 33 111661 122 111865 33 112080 121 112287 32 112500 119 112708 32 112919 119 113129 32 113339 73 113419 38 113550 32 113758 69 113844 32 113971 33 114178 62 114268 28 114393 32 114598 52 114691 24 114814 32 115018 48 115113 22 115235 32 115438 43 115536 18 115656 32 115858 41 115959 14 116078 31 116278 39 116381 11 116499 31 116698 31 116804 7 116920 32 117118 28 117341 32 117538 27 117762 33 117958 26 118183 33 118378 24 118604 33 118798 24 119025 34 119219 22 119446 34 119639 22 119867 34 120059 22 120288 34 120480 21 120709 34 120900 21 121129 35 121321 19 121550 35 121741 18 121971 35 122162 17 122392 35 122583 15 122813 35 123004 12 123234 35 123426 9 123655 35 123848 4 124077 34 124498 34 124919 35 125340 35 125761 35 126182 36 126603 36 127024 36 127445 37 127865 38 128286 38 128707 38 129129 37 129550 36 129972 35 130393 33 130815 31 131236 29 131658 26 132080 24 132501 22 132923 20 133344 19 133765 18 134186 16 134607 13 135027 13 135447 13 135866 15 136286 15 136705 16 137123 19 137542 21 137963 20 138383 22 138804 22 139225 21 139630 9 139640 1 139643 24 140048 40 140468 41 140888 41 141308 41 141729 26 141760 8 142149 27 142184 4 142569 29 142989 30 143409 31 143829 32 144250 32 144669 34 145090 34 145510 35 145931 35 146352 35 146773 34 147193 35 147614 35 148035 35 148455 36 148876 36 149297 36 149718 36 150139 36 150560 36 150980 36 151401 35 151822 35 152243 34 152664 33 153085 33 153506 32 153927 31 154348 30 154769 29 155189 29 155610 28 155701 12 156031 28 156120 17 156451 28 156536 25 156872 28 156956 28 157293 27 157378 28 157713 28 157800 29 158134 27 158221 30 158554 28 158641 32 158975 28 159062 34 159396 27 159483 35 159816 28 159903 37 160237 28 160324 38 160657 28 160744 41 161078 28 161164 43 161498 28 161584 45 161919 28 162003 49 162340 27 162423 51 162760 28 162842 54 163181 28 163262 56 163601 29 163682 58 164022 28 164102 60 164443 29 164522 61 164863 30 164942 63 165284 30 165363 64 165705 31 165784 65 166126 31 166205 65 166547 32 166627 65 166968 33 167049 65 167389 33 167471 64 167810 34 167894 63 168231 34 168316 62 168652 35 168738 62 169073 36 169161 60 169494 36 169584 58 169915 37 170007 57 170337 37 170430 55 170758 37 170854 53 171179 37 171278 50 171600 37 171700 49 172021 38 172122 48 172442 38 172544 47 172863 38 172966 46 173284 38 173388 45 173705 38 173810 44 174126 38 174232 43 174547 38 174653 43 174968 38 175024 1 175026 1 175075 42 175389 38 175443 8 175497 42 175810 38 175863 10 175919 41 176232 36 176284 10 176341 40 176653 36 176704 12 176763 39 177075 35 177125 12 177185 37 177496 35 177546 12 177606 37 177918 33 177967 12 178028 36 178340 32 178388 12 178450 35 178762 30 178809 12 178872 34 179183 30 179230 12 179294 33 179605 30 179651 12 179716 31 180027 29 180072 13 180138 30 180449 28 180493 13 180560 29 180871 28 180914 13 180982 28 181293 27 181334 14 181404 26 181715 26 181755 14 181827 24 182137 26 182176 14 182249 22 182558 28 182596 16 182672 19 182980 29 183017 17 183094 18 183403 28 183438 17 183517 15 183825 29 183859 17 183941 11 184248 30 184279 19 184671 48 185093 49 185144 1 185515 53 185937 52 186359 51 186782 48 187204 47 187626 45 188049 42 188472 38 188895 35 189318 31 189742 27 190165 24 190587 22 191010 20 191432 18 191855 15 192281 7 192705 1
english_cocker_spaniel_33,13274 2 13607 2 13940 2 14273 2 14606 2 14939 2 15271 3 15604 3 15937 3 16270 3 16603 4 16936 4 17269 4 17602 4 17934 5 18267 6 18600 6 18932 7 19265 7 19598 7 19930 9 20263 9 20596 9 20928 10 21261 10 21594 10 21926 11 22259 12 22592 12 22924 13 23257 13 23589 14 23922 14 24254 15 24587 15 24919 16 25251 17 25584 17 25916 18 26248 19 26581 18 26913 19 27245 20 27577 21 27910 21 28242 22 28574 23 28906 24 29238 25 29569 27 29901 29 30232 31 30561 35 30858 71 31184 78 31513 82 31843 85 32175 86 32505 89 32836 91 33168 92 33498 95 33830 96 34161 98 34492 101 34823 103 35155 104 35486 106 35818 107 36150 108 36482 109 36814 110 37146 111 37479 111 37811 112 38143 113 38476 113 38808 114 39141 114 39473 115 39806 115 40138 116 40471 116 40804 116 41137 116 41470 116 41803 116 42136 116 42469 116 42803 115 43136 115 43469 115 43802 115 44136 114 44469 114 44802 114 45135 114 45467 115 45800 115 46133 115 46465 116 46798 116 47130 117 47462 118 47795 118 48127 119 48458 121 48790 122 49121 124 49450 128 49779 132 50105 139 50435 142 50764 145 51089 153 51417 158 51746 162 52073 168 52404 170 52735 172 53066 174 53398 175 53729 177 54060 179 54391 181 54721 184 55052 186 55382 189 55711 193 56042 195 56371 199 56702 201 57033 203 57365 204 57697 205 58029 206 58360 208 58692 210 59024 211 59356 212 59688 213 60020 215 60352 216 60684 217 61015 220 61348 220 61680 221 62012 223 62344 224 62676 225 63008 227 63341 227 63673 228 64005 230 64337 231 64669 232 65002 233 65334 234 65666 235 65998 236 66330 238 66662 239 66994 240 67327 240 67659 241 67991 242 68323 244 68655 244 68988 244 69320 245 69652 246 69984 247 70317 247 70649 248 70982 248 71314 249 71646 249 71979 248 72311 248 72644 247 72976 247 73309 246 73641 246 73973 245 74306 243 74638 241 74971 237 75304 235 75636 234 75969 233 76302 232 76634 232 76967 231 77300 230 77633 230 77966 229 78299 228 78632 228 78965 227 79298 227 79631 226 79964 226 80297 225 80630 224 80963 220 81297 218 81630 217 81964 215 82297 214 82631 213 82964 212 83298 211 83632 210 83965 210 84299 209 84633 208 84967 207 85301 206 85635 206 85970 204 86304 203 86638 203 86972 202 87306 202 87641 200 87975 199 88309 199 88643 198 88978 196 89312 195 89646 195 89981 193 90315 193 90650 191 90984 190 91318 189 91653 187 91987 186 92322 185 92656 184 92990 183 93324 182 93658 181 93992 180 94326 179 94659 179 94993 178 95327 177 95660 177 95994 176 96328 175 96662 174 96996 173 97330 172 97663 172 97998 170 98332 169 98665 169 99000 167 99334 166 99669 163 100007 158 100343 155 100680 151 101017 147 101353 144 101691 139 102028 135 102366 130 102704 125 103042 120 103381 114 103724 104 104064 97 104401 93 104738 89 105077 83 105423 70 105762 64 106098 61 106433 58 106768 56 107102 55 107437 53 107771 52 108105 51 108439 50 108773 49 109107 48 109440 48 109774 47 110107 47 110440 47 110773 47 111107 46 111440 46 111773 46 112107 45 112441 44 112774 44 113108 43 113441 43 113775 42 114108 42 114442 41 114775 41 115109 40 115442 40 115775 39 116109 38 116442 38 116775 38 117109 37 117442 37 117775 37 118108 37 118441 37 118775 36 119108 36 119441 36 119774 36 120107 36 120441 35 120774 35 121107 35 121441 34 121774 35 122108 34 122442 33 122775 33 123109 33 123443 32 123777 32 124110 32 124444 32 124777 32 125111 32 125445 32 125778 33 126111 35 126445 34 126778 36 127111 37 127445 37 127778 38 128111 38 128445 38 128778 39 129111 39 129444 40 129777 40 130111 39 130444 38 130777 38 131110 38 131443 37 131776 37 132109 37 132443 36 132776 37 133109 37 133442 37 133775 37 134108 37 134441 37 134774 37 135107 37 135440 37 135774 36 136107 37 136440 37 136773 37 137107 36 137440 35 137773 35 138107 34 138440 34 138774 32 139107 32 139440 31 139774 29 140107 29 140441 28 140774 27 141108 26 141442 25 141775 24 142109 22 142443 21 142776 20 143110 19 143444 17 143778 15 144112 13 144447 10 144782 5
scottish_terrier_127,289 96 787 100 1286 102 1784 105 2283 106 2782 108 3281 109 3781 109 4280 110 4780 109 5279 110 5779 110 6278 110 6778 110 7277 111 7777 111 8276 112 8776 112 9276 112 9775 113 10275 113 10775 114 11274 115 11774 115 12274 116 12773 117 13273 118 13773 118 14273 119 14772 120 15272 121 15771 123 16270 124 16769 126 17269 126 17768 127 18268 127 18767 129 19266 130 19765 132 20265 132 20764 133 21263 135 21761 138 22259 141 22758 142 23257 143 23756 145 24255 147 24755 148 25255 148 25754 150 26253 151 26751 153 27249 155 27746 159 28244 161 28743 162 29241 164 29739 166 30237 168 30735 170 31221 2 31233 171 31720 184 32218 186 32716 188 33215 189 33713 191 34212 192 34711 192 35210 193 35709 194 36208 194 36707 195 37206 196 37705 196 38204 197 38703 198 39201 199 39700 198 40198 198 40695 200 41193 202 41690 204 42187 205 42683 208 43180 211 43676 214 44173 216 44671 218 45168 220 45666 222 46163 225 46661 226 47125 12 47159 228 47622 19 47648 3 47656 231 48118 269 48612 275 49104 282 49592 294 49928 8 50082 304 50425 13 50579 307 50923 18 51076 311 51422 21 51572 315 51916 30 52070 318 52414 35 52568 320 52912 38 53067 322 53408 43 53565 325 53905 47 54064 328 54402 51 54563 391 55062 393 55562 393 56061 395 56561 396 57061 397 57562 397 58062 397 58563 397 59064 397 59564 398 60065 398 60566 398 61067 397 61567 398 62068 399 62569 399 63070 399 63570 400 64071 400 64572 400 65073 401 65574 402 66074 403 66575 402 67076 402 67577 402 68078 401 68578 402 69079 314 69402 78 69580 311 69903 78 70080 311 70405 77 70581 309 70906 76 71082 308 71407 76 71582 308 71910 73 72083 307 72405 79 72583 307 72903 81 73084 306 73403 80 73584 307 73903 80 74085 307 74404 78 74586 308 74903 79 75087 311 75400 82 75587 395 76087 395 76587 396 77088 395 77588 395 78088 395 78588 395 79089 393 79589 393 80089 392 80589 391 81089 391 81589 389 82089 389 82589 388 83089 387 83589 386 84089 385 84589 385 85089 384 85589 384 86089 383 86589 379 87089 378 87589 373 88089 371 88589 368 89088 367 89588 366 90088 365 90588 364 91088 363 91587 363 92087 362 92587 362 93087 341 93435 12 93587 333 93941 3 94087 331 94587 330 95087 330 95587 330 96088 330 96588 330 97088 330 97589 329 98089 330 98590 329 98923 2 99090 336 99591 335 100091 336 100592 335 101093 333 101593 334 102094 333 102429 1 102594 338 103095 339 103435 2 103595 344 104095 345 104596 344 105096 345 105597 345 106097 346 106597 346 107098 346 107598 347 108098 347 108598 348 109099 347 109599 347 110099 347 110599 348 111099 348 111599 348 112099 349 112599 349 113099 350 113599 350 114099 350 114599 351 115099 351 115599 352 116099 352 116599 352 117099 353 117599 353 118099 353 118599 353 119098 354 119598 354 120098 353 120598 353 121097 354 121597 353 122096 354 122595 354 123095 354 123594 355 124093 355 124593 355 125092 355 125591 356 126090 357 126589 358 127088 359 127587 360 128086 361 128584 362 129083 363 129582 364 130081 365 130580 365 131079 366 131578 366 132077 367 132577 366 133076 366 133575 266 133875 66 134074 263 134379 61 134574 260 134881 58 135073 259 135383 56 135573 258 135884 55 136072 257 136387 51 136572 254 136889 49 137072 250 137392 46 137571 245 137895 43 138071 238 138399 38 138571 236 138906 30 139070 235 139409 26 139570 235 139912 23 140070 234 140415 18 140569 233 140917 16 141069 232 141420 12 141568 232 141922 10 142068 150 142233 67 142424 6 142567 147 142740 60 143067 142 143244 56 143566 140 143747 53 144065 137 144249 51 144564 134 144751 49 145064 130 145254 45 145563 125 145757 42 146062 122 146259 39 146561 118 146763 35 147060 117 147272 24 147559 115 147781 13 148058 111 148557 110 149056 110 149554 111 150053 111 150553 110 151052 66 151131 31 151551 61 151638 24 152050 59 152141 20 152550 56 152644 16 153049 55 153145 14 153549 53 153647 11 154048 52 154148 9 154549 49 154650 5 155049 45 155550 40 156052 34 156554 27 157060 13
scottish_terrier_12,34453 1 34951 7 35449 10 35948 12 36448 12 36947 14 37446 15 37946 16 38445 17 38945 18 39444 19 39944 19 40444 19 40943 20 41443 21 41942 22 42442 22 42941 23 43441 23 43940 25 44439 26 44939 26 45438 27 45938 27 46437 28 46937 28 47436 29 47935 30 48435 30 48934 31 49434 31 49933 32 50433 32 50932 33 51432 33 51931 34 52430 35 52930 35 53429 36 53929 36 54428 37 54927 38 55427 38 55926 39 56426 38 56925 39 57424 40 57924 40 58423 41 58922 42 59422 42 59921 42 60420 43 60920 43 61419 44 61918 44 62417 45 62916 46 63415 47 63914 48 64414 48 64913 48 65412 49 65911 49 66410 50 66908 52 67407 53 67905 55 68403 57 68899 60 69395 64 69892 67 70389 69 70886 72 71383 74 71880 77 72376 80 72872 84 73366 90 73860 95 74355 101 74851 105 75348 108 75846 110 76345 112 76843 115 77341 120 77840 127 78338 134 78837 138 79335 142 79834 144 80332 147 80830 150 81328 153 81827 154 82325 157 82823 159 83321 161 83819 164 84316 167 84813 170 85309 175 85803 181 86299 185 86795 189 87293 191 87790 194 88288 197 88786 200 89284 202 89780 207 90278 210 90776 214 91274 218 91772 224 92270 227 92768 230 93265 236 93763 238 94260 241 94757 244 95255 246 95752 249 96249 252 96746 255 97244 257 97742 259 98239 262 98735 266 99230 271 99724 277 100194 307 100679 322 101160 341 101655 346 102147 354 102640 361 103100 9 103135 366 103595 18 103631 370 104091 27 104126 375 104587 414 105083 418 105581 420 106077 424 106573 428 107071 430 107568 433 108063 438 108560 441 109057 444 109553 448 110051 450 110548 453 111045 456 111542 459 112039 462 112536 465 113033 468 113530 471 114028 473 114525 476 115023 478 115520 481 116018 483 116515 486 117014 487 117512 485 118011 484 118510 483 119010 480 119509 479 120009 478 120509 476 121009 475 121509 474 122009 473 122510 471 123012 469 123513 467 124018 462 124526 453 125030 448 125533 445 126037 440 126544 432 127051 424 127555 419 128060 413 128565 407 129069 402 129571 399 130073 397 130576 393 131077 391 131578 389 132080 386 132581 384 133081 383 133582 381 134083 379 134584 377 135084 376 135585 374 136086 372 136586 372 137087 370 137587 369 138087 368 138588 366 139088 366 139589 364 140089 363 140589 362 141090 361 141590 360 142090 359 142590 358 143090 357 143590 356 144090 356 144591 354 145091 354 145591 353 146090 354 146590 353 147090 353 147590 352 148090 352 148590 351 149090 351 149590 351 150090 351 150590 351 151090 351 151590 351 152090 351 152590 351 153090 351 153590 351 154090 351 154591 350 155091 350 155591 350 156091 350 156592 350 157092 350 157592 350 158093 349 158593 349 159093 349 159593 350 160094 349 160594 349 161095 348 161595 349 162095 349 162596 348 163096 349 163597 348 164097 348 164598 347 165099 347 165599 347 166100 347 166601 346 167101 346 167602 345 168103 344 168604 344 169104 343 169605 343 170106 342 170607 341 171107 341 171608 340 172109 339 172609 339 173110 338 173611 337 174111 337 174612 336 175112 336 175613 335 176113 335 176613 335 177114 334 177614 334 178114 335 178614 335 179114 335 179614 335 180114 335 180614 335 181114 335 181614 336 182113 337 182613 338 183113 338 183613 339 184112 341 184612 341 185112 342 185611 344 186111 344 186610 346 187110 346 187609 348 188109 349 188609 349 189108 99 189225 234 189608 93 189731 228 190107 89 190234 225 190607 83 190737 222 191106 82 191239 221 191606 79 191741 219 192105 78 192242 218 192605 76 192744 216 193104 76 193245 215 193603 74 193746 215 194102 74 194247 214 194601 73 194748 213 195101 72 195249 213 195600 71 195750 212 196099 71 196250 212 196598 71 196751 211 197097 71 197252 210 197596 71 197752 210 198095 71 198253 209 198594 70 198753 209 199093 70 199254 208 199592 70 199755 206 200091 70 200255 205 200591 68 200756 202 201090 67 201257 197 201589 67 201757 192 202088 66 202258 188 202587 66 202759 184 203086 65 203260 180 203586 64 203761 177 204085 63 204261 175 204584 62 204762 172 205083 62 205263 170 205582 61 205764 168 206082 59 206265 165 206581 59 206766 163 207080 58 207267 160 207580 56 207768 158 208079 55 208269 156 208578 54 208771 153 209078 53 209272 151 209577 52 209773 149 210077 50 210275 146 210577 49 210776 144 211076 47 211277 142 211576 46 211779 139 212076 44 212281 135 212575 42 212782 132 213075 40 213284 129 213575 36 213786 125 214076 31 214288 121 214576 25 214790 117 215077 19 215292 113 215578 14 215794 109 216296 106 216798 102 217299 100 217800 98 218302 94 218803 92 219305 88 219806 86 220308 83 220810 80 221312 77 221813 76 222316 72 222818 70 223320 67 223823 64 224326 61 224829 58 225333 54 225837 50 226342 44 226851 35 227356 31 227859 28 228361 26 228862 25 229364 23 229865 23 230366 22 230868 21 231369 20 231870 20 232371 20 232872 19 233372 20 233873 20 234374 20 234875 19 235376 19 235877 18 236378 18 236879 17 237380 17 237881 16 238382 15 238882 16 239383 15 239884 14 240386 12 240887 11 241388 10 241889 9 242390 8 242892 5 243394 2
Siamese_73,36859 26 36951 6 37351 42 37449 10 37845 52 37947 13 38341 59 38446 15 38837 66 38945 17 39334 72 39444 18 39831 79 39943 20 40328 86 40442 21 40825 94 40941 23 41323 100 41439 25 41820 107 41936 28 42317 148 42814 151 43311 154 43808 157 44305 160 44801 164 45297 168 45792 173 46286 179 46780 185 47275 190 47771 194 48268 197 48764 201 49260 205 49756 209 50252 213 50749 216 51246 219 51744 220 52057 5 52243 221 52556 10 52741 210 52956 8 53055 15 53240 210 53457 6 53555 19 53739 211 53960 3 54056 21 54238 212 54556 24 54737 213 55057 26 55235 215 55557 28 55734 216 56058 29 56233 217 56559 30 56731 219 57059 31 57230 220 57560 32 57728 222 58061 33 58226 224 58561 36 58724 225 59062 37 59222 227 59563 38 59719 229 60063 41 60169 9 60214 234 60564 44 60638 9 60666 18 60707 240 61065 47 61130 21 61162 284 61565 380 62066 379 62567 377 63068 375 63568 374 64069 372 64570 370 65070 369 65571 368 66072 366 66572 366 67073 364 67574 363 68074 363 68575 362 69075 361 69576 360 70076 360 70576 360 71077 359 71577 358 72077 358 72578 357 73078 358 73578 358 74078 359 74579 359 75079 360 75579 363 76079 366 76579 370 77079 376 77579 380 78079 382 78579 383 79079 384 79579 384 80079 384 80578 386 81078 386 81578 386 82078 387 82578 387 83078 387 83578 387 84078 387 84578 387 85078 387 85578 387 86078 387 86578 387 87077 388 87577 388 88077 388 88577 387 89078 386 89578 386 90078 386 90578 386 91078 386 91578 386 92077 387 92577 387 93077 387 93576 388 94076 388 94576 388 95076 388 95575 389 96075 389 96574 390 97074 390 97573 391 98073 391 98572 392 99071 393 99571 393 100070 394 100569 395 101069 394 101568 395 102067 395 102566 371 102945 16 103065 365 103454 6 103564 364 104064 362 104563 362 105062 362 105561 363 106060 50 106121 302 106560 42 106632 290 107059 40 107137 284 107558 38 107644 277 108057 36 108150 270 108557 33 108654 265 109056 32 109156 262 109555 31 109658 259 110054 29 110159 257 110554 26 110661 254 111053 23 111162 253 111553 20 111664 250 112052 18 112166 13 112196 217 112552 15 112713 199 113052 12 113223 188 113552 9 113734 176 114054 4 114242 167 114748 160 115252 154 115756 149 116259 144 116762 138 117265 132 117769 125 118274 116 118791 94 119304 76 119809 66 120314 55 120818 45 121321 35 121827 21
beagle_98,54126 15 54566 21 55006 25 55446 31 55887 34 56327 39 56768 43 57209 47 57650 51 58091 55 58532 59 58973 63 59414 66 59855 68 60296 70 60737 72 61178 74 61619 76 62060 77 62501 79 62942 80 63383 82 63824 83 64265 84 64706 86 65147 87 65588 88 66030 89 66471 90 66912 92 67354 92 67795 93 68237 94 68678 95 69119 97 69561 98 70002 101 70443 107 70884 121 71326 147 71767 152 72208 157 72649 164 73090 169 73532 176 73973 183 74414 190 74855 198 75297 202 75738 207 76179 212 76620 216 77061 218 77501 220 77940 224 78380 226 78821 228 79261 230 79700 233 80141 233 80582 234 81023 235 81464 235 81905 235 82346 235 82787 233 83228 233 83669 233 84110 233 84552 232 84993 233 85435 232 85877 231 86319 230 86760 231 87202 231 87644 230 88085 231 88527 230 88969 230 89411 230 89854 229 90296 229 90738 19 90759 208 91181 18 91201 208 91623 18 91643 208 92066 16 92086 208 92508 17 92528 208 92951 16 92970 208 93393 16 93412 209 93835 16 93854 209 94277 17 94295 212 94719 17 94737 213 95161 17 95179 215 95603 17 95622 219 96046 16 96064 225 96488 16 96506 227 96929 17 96949 227 97372 247 97814 249 98256 250 98698 251 99140 253 99582 254 100024 254 100466 255 100908 255 101350 256 101792 256 102234 17 102254 236 102676 16 102698 234 103118 15 103141 233 103560 15 103584 231 104002 15 104026 231 104444 14 104469 229 104886 14 104911 228 105329 12 105353 226 105772 10 105796 224 106214 10 106238 223 106658 7 106680 222 107122 220 107564 219 108007 216 108449 213 108891 206 109334 196 109776 170 110219 163 110661 156 111104 102 111211 45 111547 99 111658 35 111990 97 112108 18 112415 3 112433 95 112856 4 112876 94 113296 9 113319 92 113738 9 113761 92 114180 9 114204 90 114622 10 114646 90 115064 10 115089 88 115507 9 115531 88 115950 8 115973 87 116394 6 116414 88 116837 4 116855 88 117281 2 117293 92 117732 94 118173 94 118613 96 119052 98 119494 98 119935 98 120377 98 120819 97 121261 97 121703 97 122146 95 122588 95 123030 95 123473 94 123916 93 124358 93 124801 91 125245 89 125688 88 126131 87 126575 85 127018 84 127462 82 127905 81 128348 80 128791 79 129234 78 129677 77 130120 76 130562 76 131004 76 131446 76 131888 76 132331 75 132772 76 133215 75 133657 75 134099 75 134541 76 134990 69 135435 66 135879 64 136322 63 136764 63 137207 62 137649 62 138092 61 138534 60 138976 60 139418 59 139860 58 140302 57 140745 54 141187 51 141629 42 142071 29 142104 6 142513 27 142956 25 143399 22 143843 19 144286 17 144729 15 145172 13 145616 10 146062 2
Abyssinian_114,95102 31 95518 42 95931 63 96351 71 96770 77 97191 81 97611 85 98033 87 98453 90 98874 93 99295 95 99717 96 100137 99 100559 100 100979 103 101400 105 101785 143 102204 146 102617 156 103038 158 103456 163 103877 164 104149 3 104296 168 104572 4 104718 169 104995 6 105137 173 105418 7 105559 173 105840 9 105979 176 106263 10 106401 177 106687 10 106821 180 107110 11 107243 181 107533 12 107663 184 107956 13 108085 185 108379 15 108506 187 108802 17 108927 189 109225 19 109348 191 109648 20 109770 192 110071 25 110111 13 110191 194 110494 56 110613 195 110917 62 111034 197 111341 63 111455 199 111764 73 111875 202 112187 77 112295 205 112610 87 112710 213 113034 312 113457 312 113880 312 114303 312 114726 312 115150 311 115573 311 115996 311 116419 311 116842 311 117265 311 117688 311 118111 311 118535 310 118958 310 119381 310 119804 310 120227 310 120650 310 121073 310 121496 310 121919 310 122342 310 122765 310 123188 310 123610 311 124033 311 124456 311 124879 311 125302 311 125725 311 126148 311 126571 311 126994 311 127416 312 127839 312 128262 312 128685 312 129107 313 129530 313 129953 312 130375 313 130798 313 131220 314 131643 314 132065 315 132488 315 132910 316 133332 317 133754 318 134176 319 134598 320 135020 321 135442 322 135864 323 136286 324 136708 324 137130 325 137553 325 137975 326 138398 326 138821 326 139244 326 139668 324 140091 324 140515 323 140939 322 141364 320 141789 317 142217 312 142643 309 143072 303 143497 302 143930 292 144369 276 144797 271 145226 266 145654 261 146081 257 146507 255 146933 252 147359 250 147784 248 148210 246 148634 245 149060 242 149485 240 149911 238 150336 236 150763 231 151189 228 151621 219 152054 208 152488 173 152677 7 152915 167 153344 65 153429 73 153772 50 153856 67 154205 23 154287 57 154719 47 155152 35 155580 28 156008 20 156435 14 156863 4
beagle_197,7897 5 8227 11 8558 14 8888 18 9217 23 9547 27 9877 31 10208 34 10539 37 10870 40 11202 41 11534 43 11866 45 12198 46 12532 46 12866 46 13200 46 13534 45 13868 45 14202 45 14536 44 14871 43 15204 44 15519 2 15547 35 15848 10 15884 31 16179 16 16223 26 16509 23 16560 23 16838 31 16895 22 17166 38 17230 20 17495 43 17567 17 17819 53 17904 14 18148 59 18240 12 18475 67 18575 10 18804 73 18910 9 19133 79 19244 9 19461 87 19578 8 19791 93 19913 7 20121 100 20247 7 20451 108 20582 6 20781 115 20917 4 21112 119 21251 4 21443 123 21586 3 21775 74 21851 49 21920 3 22106 75 22187 47 22253 4 22438 76 22521 47 22587 3 22769 78 22856 47 22921 3 23100 80 23190 47 23254 4 23432 81 23524 47 23588 4 23764 82 23858 47 23921 5 24095 84 24192 46 24255 4 24426 87 24526 46 24588 5 24758 88 24860 46 24921 6 25089 90 25194 45 25255 5 25421 92 25528 45 25588 6 25753 93 25862 44 25921 6 26085 94 26196 44 26254 7 26417 96 26530 43 26587 7 26748 98 26864 14 26881 25 26921 7 27080 100 27199 9 27216 23 27254 7 27412 101 27549 23 27587 7 27743 104 27883 22 27920 8 28074 106 28217 21 28253 8 28406 108 28550 21 28586 9 28737 110 28884 19 28919 9 29069 111 29217 19 29252 10 29401 113 29551 17 29584 11 29733 114 29885 15 29917 12 30065 116 30219 13 30250 12 30396 118 30554 10 30583 12 30728 120 30890 6 30916 12 31060 121 31248 13 31392 122 31581 14 31724 123 31913 15 32056 124 32246 15 32388 125 32578 15 32721 125 32911 15 33053 126 33243 16 33385 128 33575 17 33717 129 33907 18 34050 129 34238 20 34382 131 34570 20 34714 132 34901 22 35047 132 35233 23 35379 134 35564 24 35711 135 35865 6 35892 28 36044 136 36197 15 36221 32 36376 137 36530 56 36708 139 36863 55 37041 140 37197 54 37373 142 37530 53 37706 142 37864 52 38038 144 38197 51 38370 145 38531 49 38703 146 38865 48 39035 147 39199 46 39367 149 39533 44 39699 150 39867 42 40030 152 40201 40 40361 155 40535 38 40692 157 40869 36 41022 160 41204 34 41348 168 41539 31 41679 170 41874 28 42011 171 42209 25 42344 172 42543 24 42678 171 42878 21 43011 171 43212 20 43344 171 43546 18 43678 171 43881 15 44011 171 44217 12 44345 170 44554 7 44679 169 44891 2 45012 169 45346 168 45680 167 46014 166 46348 165 46682 164 47016 163 47350 162 47683 162 48017 161 48350 161 48684 160 49017 160 49350 161 49684 160 50017 160 50351 160 50684 160 51017 160 51351 160 51684 160 52017 161 52350 162 52684 161 53017 162 53350 162 53683 162 54016 163 54350 162 54683 162 55016 163 55349 163 55682 163 56015 163 56349 162 56682 161 57015 161 57348 161 57682 160 58015 159 58348 159 58681 159 59015 157 59348 157 59681 157 60014 156 60347 156 60680 156 61013 155 61345 156 61678 156 62011 155 62343 156 62675 157 63007 157 63339 158 63671 159 64003 159 64336 159 64668 160 65001 159 65333 160 65666 160 65999 160 66332 159 66664 160 66997 160 67330 159 67663 159 67996 158 68329 158 68661 159 68994 158 69327 158 69660 158 69993 157 70326 157 70659 157 70992 156 71325 156 71658 155 71991 155 72324 154 72657 154 72990 153 73323 152 73656 152 73989 151 74322 151 74655 150 74988 149 75321 149 75654 148 75987 147 76320 147 76653 146 76986 146 77319 145 77652 145 77985 144 78318 133 78456 6 78651 133 78792 2 78984 132 79317 132 79650 131 79983 130 80316 130 80649 130 80982 130 81315 130 81648 130 81981 131 82314 131 82647 131 82980 131 83313 131 83647 131 83980 131 84313 131 84646 131 84979 131 85313 130 85646 131 85979 131 86312 132 86645 132 86979 132 87312 132 87645 132 87978 133 88311 133 88645 132 88978 133 89311 135 89644 135 89978 135 90311 135 90644 135 90977 135 91310 135 91643 135 91976 135 92310 134 92643 133 92976 133 93309 133 93642 132 93976 130 94309 110 94424 15 94642 108 94760 11 94975 107 95095 9 95309 105 95430 6 95642 104 95975 103 96308 102 96642 101 96975 101 97308 100 97641 100 97974 99 98307 99 98641 97 98974 97 99307 96 99640 96 99973 95 100306 95 100640 93 100973 93 101306 93 101639 92 101973 90 102306 90 102639 89 102972 89 103306 87 103639 87 103972 86 104306 84 104639 84 104972 83 105306 81 105639 81 105972 80 106306 78 106639 77 106972 76 107306 74 107639 74 107972 73 108305 72 108639 70 108972 70 109305 69 109639 67 109972 67 110305 66 110639 65 110972 64 111305 64 111639 62 111972 62 112305 61 112639 44 112686 13 112972 24 113005 9 113022 10 113306 22 113356 8 113639 21 113690 7 113972 21 114024 5 114306 19 114359 3 114639 19 114693 1 114973 18 115306 18 115640 17 115973 16 116307 15 116640 15 116974 14 117308 13 117641 12 117975 11 118309 10 118643 9 118977 7 119311 6 119645 4
Maine_Coon_44,61682 7 62012 11 62340 16 62669 20 63000 22 63331 25 63663 25 63995 26 64327 27 64659 29 64793 11 64991 30 65123 17 65154 7 65168 7 65323 31 65455 54 65655 32 65784 59 65987 34 66114 61 66319 36 66446 62 66651 38 66776 63 66983 40 67107 62 67316 40 67438 61 67648 43 67767 63 67980 45 68098 64 68313 47 68428 67 68646 48 68758 70 68978 51 69090 70 69311 53 69419 74 69644 55 69747 79 69977 58 70077 82 70310 64 70406 86 70643 69 70737 88 70976 74 71067 91 71309 77 71397 94 71641 80 71728 96 71974 183 72307 183 72640 183 72973 182 73306 182 73639 182 73972 182 74306 181 74639 180 74972 180 75305 180 75639 179 75972 179 76306 178 76639 177 76973 176 77306 176 77640 175 77973 174 78307 173 78640 173 78974 172 79308 171 79642 170 79976 169 80310 169 80645 167 80979 166 81314 165 81650 162 81985 160 82325 154 82663 149 82999 146 83335 144 83670 142 84004 142 84338 141 84672 140 85005 140 85339 139 85673 138 86006 137 86340 136 86673 136 87007 135 87340 135 87673 134 88007 133 88340 133 88674 132 89007 132 89341 130 89674 130 90007 129 90341 128 90675 127 91009 125 91343 123 91677 122 92011 120 92345 119 92679 117 93013 115 93347 114 93681 112 94014 111 94348 108 94682 106 95015 104 95349 102 95682 100 96016 97 96349 96 96682 94 97016 92 97349 90 97682 89 98015 87 98349 85 98682 83 99015 82 99348 80 99681 78 100014 77 100348 74 100681 72 101014 71 101347 69 101680 68 102013 66 102346 65 102679 64 103012 62 103345 61 103679 59 104012 58 104345 57 104678 55 105013 5 105022 42 105358 38 105692 35 106026 31 106360 28 106694 25 107029 20 107364 14
Birman_171,29437 3 29934 7 30432 10 30931 11 31429 13 31928 15 32426 17 32925 18 33424 19 33922 21 34421 22 34920 23 35418 25 35917 26 36416 27 36916 27 37415 28 37914 29 38413 30 38912 31 39411 32 39910 33 40409 34 40908 35 41407 36 41906 37 42405 38 42904 39 43403 40 43902 41 44400 43 44899 44 45397 46 45896 47 46394 49 46893 50 47390 53 47888 55 48386 57 48884 59 49382 61 49880 64 50378 66 50876 68 51374 70 51872 72 52370 74 52868 76 53367 77 53865 79 54364 80 54862 82 55361 83 55860 83 56358 85 56857 86 57356 87 57854 89 58353 90 58851 92 59350 93 59848 95 60345 98 60844 99 61342 101 61840 103 62338 105 62837 106 63336 107 63834 109 64333 110 64831 111 65330 112 65619 2 65828 114 66119 3 66327 115 66618 5 66825 117 67118 6 67324 118 67618 7 67822 119 68118 8 68321 120 68618 9 68819 122 69118 10 69318 123 69618 11 69816 125 70118 13 70315 126 70618 14 70814 126 71118 16 71312 128 71618 19 71811 129 72117 25 72309 131 72617 34 72807 133 73117 47 73305 135 73617 53 73803 137 74116 58 74300 140 74616 64 74796 144 75115 72 75292 148 75615 79 75784 156 76114 87 76279 161 76614 94 76775 164 77113 102 77270 169 77613 113 77764 175 78112 124 78256 183 78611 328 79111 328 79610 328 80109 329 80608 330 81108 329 81607 330 82106 331 82606 330 83105 331 83604 331 84104 331 84603 332 85102 333 85602 333 86101 333 86601 334 87100 335 87599 337 88099 337 88598 338 89098 338 89597 339 90097 339 90596 340 91096 340 91596 340 92096 339 92595 340 93095 340 93595 341 94095 348 94594 351 95094 352 95594 353 96094 353 96594 353 97094 354 97594 354 98094 355 98594 355 99094 355 99594 356 100094 356 100593 357 101093 357 101593 358 102093 358 102592 359 103092 359 103591 360 104090 361 104590 360 105089 361 105588 361 106087 362 106586 362 107085 362 107584 361 108083 359 108581 353 109080 351 109579 350 110077 351 110575 352 111073 354 111571 355 112070 356 112567 359 113065 361 113563 364 114062 365 114560 367 115058 370 115556 372 116055 373 116553 376 117052 377 117551 379 118050 381 118549 383 119048 385 119547 387 120047 388 120546 390 121046 390 121546 390 122046 391 122547 390 123048 389 123548 389 124049 388 124551 386 125052 385 125553 384 126055 382 126557 379 127059 376 127562 373 128064 370 128567 366 129069 363 129572 360 130076 355 130578 352 131081 348 131583 345 132085 342 132587 340 133089 337 133591 334 134092 333 134594 330 135097 326 135599 324 136100 322 136602 320 137103 318 137605 316 138107 314 138608 312 139109 311 139611 309 140112 308 140614 306 141116 304 141618 302 142121 299 142626 294 143134 286 143641 279 144147 274 144651 270 145155 266 145658 264 146160 262 146662 261 147164 259 147666 258 148168 256 148669 256 149170 256 149672 255 150173 255 150676 253 151178 252 151680 251 152183 249 152687 246 153189 244 153691 242 154193 59 154270 112 154390 43 154695 51 154776 102 154898 33 155197 44 155281 94 155409 19 155700 34 155785 87 156205 24 156290 80 156713 9 156798 70 157304 61 157808 52 158312 42 158819 10
boxer_176,268 53 591 53 915 51 1237 52 1560 52 1882 54 2203 58 2525 60 2847 61 3169 62 3490 64 3812 65 4134 66 4456 67 4778 68 5100 69 5422 70 5744 71 6066 72 6388 73 6710 74 7032 75 7354 76 7676 77 7998 78 8319 80 8642 80 8964 81 9285 83 9608 83 9930 84 10252 85 10574 86 10896 87 11218 88 11540 89 11862 90 12185 90 12507 91 12829 92 13151 93 13473 94 13795 95 14118 95 14440 96 14762 97 15084 98 15406 99 15728 100 16025 5 16050 101 16346 8 16372 102 16667 11 16694 103 16988 14 17016 104 17310 15 17337 106 17632 17 17658 108 17953 21 17980 109 18275 137 18597 138 18919 139 19241 140 19563 141 19885 142 20208 142 20530 143 20852 144 21174 145 21496 146 21818 147 22140 148 22462 149 22785 149 23107 150 23429 151 23751 152 24073 153 24395 154 24718 154 25040 155 25362 156 25684 157 26006 158 26329 158 26651 159 26973 160 27295 161 27618 161 27940 162 28262 163 28584 164 28907 164 29229 165 29552 165 29874 166 30197 166 30520 166 30843 166 31165 167 31489 166 31812 166 32135 166 32458 166 32780 167 33103 167 33426 167 33748 168 34070 169 34393 169 34715 170 35027 4 35038 170 35350 5 35360 171 35673 181 35996 181 36320 180 36643 180 36942 4 36966 180 37263 7 37289 180 37585 8 37613 179 37907 10 37936 179 38229 11 38259 179 38550 13 38582 179 38872 15 38905 179 39194 16 39227 180 39516 17 39550 180 39839 17 39873 180 40161 19 40196 180 40483 20 40519 180 40805 21 40841 181 41127 23 41164 181 41450 23 41486 182 41772 24 41809 182 42094 25 42131 183 42416 26 42454 183 42739 26 42776 184 43061 26 43098 185 43383 26 43421 185 43706 25 43744 185 44028 24 44066 186 44351 22 44389 186 44673 21 44712 186 44995 22 45034 187 45318 21 45357 187 45640 22 45680 187 45963 21 46002 188 46285 22 46324 189 46607 23 46647 189 46930 22 46969 190 47252 23 47291 191 47575 22 47614 191 47897 23 47936 192 48220 22 48258 193 48542 23 48580 194 48865 22 48903 194 49188 22 49225 195 49510 22 49548 195 49833 22 49870 196 50155 22 50193 196 50478 22 50515 197 50801 21 50837 198 51123 22 51160 198 51446 22 51482 199 51769 21 51804 200 52091 22 52126 201 52414 22 52449 201 52737 21 52771 202 53059 22 53093 203 53382 22 53415 204 53704 23 53736 206 54027 23 54058 207 54350 23 54380 208 54672 25 54698 213 54995 239 55317 240 55640 240 55963 240 56285 241 56608 241 56930 242 57253 242 57575 243 57898 243 58220 244 58543 244 58865 245 59188 245 59510 246 59833 246 60155 247 60478 247 60800 248 61123 248 61445 249 61768 249 62090 250 62413 250 62736 250 63058 251 63381 251 63703 252 64026 252 64349 252 64671 253 64994 253 65317 253 65640 253 65962 254 66285 254 66608 254 66931 254 67254 254 67577 254 67900 254 68223 254 68546 254 68869 254 69192 254 69515 254 69838 254 70162 253 70485 253 70808 253 71131 253 71455 252 71778 252 72101 252 72425 251 72748 251 73072 250 73396 249 73719 249 74043 248 74367 247 74691 246 75015 245 75339 244 75663 243 75987 242 76311 241 76636 239 76960 238 77285 236 77610 234 77934 233 78259 231 78583 230 78909 227 79234 225 79559 37 79597 185 79889 14 79906 1 79908 5 79922 183 80246 182 80568 183 80890 184 81212 185 81535 185 81858 185 82181 185 82499 2 82503 186 82813 3 82820 192 83134 201 83456 202 83779 202 84101 203 84423 204 84742 206 85063 207 85384 208 85706 208 86027 209 86349 209 86672 208 86997 204 87311 3 87318 204 87631 213 87952 212 88273 212 88593 213 88915 212 89237 211 89559 210 89881 209 90204 207 90526 205 90849 203 91171 202 91494 200 91817 198 92139 197 92462 195 92785 193 93108 191 93430 190 93753 188 94076 187 94399 185 94722 183 95045 181 95368 180 95691 179 96014 178 96337 177 96660 177 96984 175 97307 174 97630 173 97953 172 98276 171 98599 170 98922 168 99245 165 99569 161 99892 159 100215 158 100538 158 100861 158 101184 158 101507 158 101830 158 102154 157 102477 157 102800 156 103123 155 103446 155 103769 155 104092 154 104415 154 104738 152 105061 151 105384 151 105706 151 106029 151 106352 150 106675 150 106998 149 107321 148 107644 147 107967 147 108290 147 108612 147 108935 147 109258 146 109581 146 109904 145 110227 145 110550 144 110873 144 111195 144 111518 141 111841 139 112164 138 112487 137 112810 136 113133 135 113456 134 113779 133 114102 132 114426 129 114750 126 115073 125 115397 123 115720 122 116044 120 116367 119 116690 118 117014 116 117337 114 117661 113 117984 111 118307 110 118631 109 118954 108 119277 106 119601 104 119924 102 120247 100 120570 100 120894 98 121217 97 121540 96 121863 96 122186 98 122509 99 122833 99 123156 100 123479 100 123802 101 124125 101 124449 100 124772 101 125095 105 125418 112 125533 1 125742 115 126065 115 126388 114 126713 112 127036 111 127360 110 127684 108 128008 107 128332 105 128656 80 128741 19 128981 75 129066 16 129305 70 129391 13 129629 65 129717 8 129954 58 130045 2 130279 1 130285 46 130610 40 130935 35 131259 28 131583 22 131908 17 132233 11
Ragdoll_5,110215 13 111105 36 111996 54 112890 66 113784 78 114679 86 115575 94 116471 101 117368 107 118265 113 119162 119 120059 125 120956 130 121854 134 122752 139 123649 145 124547 149 125444 155 126341 160 127238 166 128135 172 129031 178 129928 184 130824 190 131720 197 132616 203 133511 211 134407 217 135301 226 136196 234 137091 243 137393 28 137986 251 138287 41 138877 266 139179 54 139771 282 140069 68 140665 375 141559 385 142453 394 143347 403 144242 411 145138 418 146034 424 146929 433 147825 439 148718 448 149606 462 150482 488 151376 496 152273 500 153171 504 154069 508 154968 511 155867 513 156767 515 157666 518 158566 519 159466 520 160366 522 161266 523 162166 524 163066 526 163966 527 164866 529 165767 529 166667 530 167567 532 168468 532 169368 534 170269 534 171170 535 172070 536 172970 537 173871 538 174772 538 175673 539 176573 540 177474 540 178375 540 179276 541 180176 542 181077 542 181978 542 182879 542 183780 542 184681 542 185581 543 186482 543 187382 544 188283 544 189184 544 190084 545 190985 545 191886 545 192787 545 193687 545 194588 545 195489 545 196389 546 197290 546 198190 547 199091 546 199992 546 200892 547 201793 547 202693 547 203594 547 204494 547 205395 547 206295 548 207196 548 208096 548 208997 548 209897 549 210798 549 211698 549 212598 550 213499 550 214399 551 215300 551 216200 552 217100 552 218001 552 218901 553 219801 554 220702 554 221602 555 222502 556 223402 557 224302 559 225203 559 226103 560 227003 561 227903 563 228803 564 229704 565 230604 566 231504 568 232405 569 233305 570 234205 572 235105 574 236005 576 236905 577 237805 579 238705 581 239605 583 240505 584 241405 586 242305 588 243205 590 243890 3 243895 6 244105 592 244783 18 245005 593 245679 22 245906 594 246576 25 246806 596 247473 28 247706 598 248371 30 248607 600 249268 33 249507 602 250166 35 250408 604 251064 37 251308 607 251960 41 252208 610 252858 43 253109 612 253753 48 254009 616 254648 53 254909 692 255809 692 256709 692 257609 692 258509 692 259409 692 260309 692 261209 692 262108 693 263008 693 263908 693 264808 693 265707 694 266607 694 267507 694 268407 694 269307 694 270206 695 271106 695 272006 695 272906 695 273806 695 274706 695 275606 695 276506 695 277406 695 278306 695 279206 695 280106 695 281006 695 281906 695 282806 695 283706 695 284606 695 285506 695 286406 695 287306 695 288206 695 289106 695 290006 695 290906 695 291806 695 292706 695 293607 694 294507 694 295407 694 296307 694 297207 694 298107 694 299008 693 299908 693 300808 693 301708 693 302609 692 303509 692 304409 692 305309 692 306210 691 307110 691 308010 691 308911 690 309811 690 310711 690 311611 690 312512 689 313412 689 314312 689 315212 689 316112 689 317013 688 317913 688 318814 687 319714 687 320614 687 321514 687 322414 687 323314 687 324214 687 325114 687 326014 687 326914 687 327814 687 328715 686 329615 686 330515 686 331415 686 332315 686 333215 686 334115 686 335015 686 335915 686 336815 686 337715 686 338615 686 339515 686 340415 686 341315 686 342215 686 343115 686 344015 686 344915 686 345814 687 346714 687 347614 687 348514 687 349414 687 350314 687 351214 687 352113 688 353013 688 353913 688 354813 688 355713 688 356612 689 357512 689 358412 689 359312 689 360212 689 361112 689 362011 690 362911 690 363811 690 364710 691 365610 691 366510 691 367409 692 368309 692 369209 692 370109 692 371009 692 371908 693 372808 693 373708 693 374607 694 375507 694 376407 694 377306 695 378206 695 379106 695 380006 695 380905 696 381805 696 382704 697 383604 697 384503 698 385403 698 386302 699 387202 699 388101 700 389001 700 389900 701 390800 701 391699 702 392599 702 393498 703 394398 703 395297 704 396197 704 397096 705 397995 706 398895 706 399795 706 400694 707 401594 707 402493 708 403393 708 404292 709 405192 709 406092 709 406991 710 407891 710 408790 711 409690 711 410590 711 411490 711 412390 711 413289 712 414189 712 415089 712 415989 712 416889 712 417789 712 418690 711 419590 711 420490 711 421391 710 422291 710 423192 709 424093 708 424994 707 425895 706 426798 703 427700 701 428606 27 428647 654 429558 643 430463 638 431367 634 432272 629 433176 625 434081 620 434984 617 435892 609 436803 598 437728 573 438635 566 439541 560 440446 555 441350 551 442254 547 443157 544 444061 540 444963 538 445866 535 446769 532 447671 530 448574 527 449476 525 450378 523 451281 520 452183 518 453086 515 453989 512 454892 509 455795 506 456698 503 457601 500 458505 496 459408 493 460312 489 461215 486 462119 482 463022 479 463926 475 464829 472 465732 469 466635 466 467538 463 468441 460 469343 458 470245 456 471147 454 472049 452 472951 450 473852 449 474754 447 475655 446 476556 445 477458 443 478359 442 479260 441 480161 440 481062 439 481962 439 482863 438 483764 437 484664 437 485565 436 486466 435 487366 435 488267 434 489167 434 490068 433 490968 433 491869 432 492770 431 493670 431 494571 430 495471 430 496372 429 497272 429 498173 428 499073 428 499974 427 500875 426 501775 426 502676 425 503576 425 504476 425 505376 425 506277 424 507177 424 508077 424 508978 423 509878 423 510778 423 511679 422 512579 422 513479 422 514379 422 515279 422 516180 421 517080 421 517980 421 518881 420 519781 420 520681 420 521581 420 522481 420 523381 420 524281 420 525182 419 526082 419 526982 419 527882 419 528782 419 529682 419 530582 419 531483 418 532384 417 533284 417 534184 417 535084 417 535985 416 536884 417 537784 417 538684 417 539584 415
english_setter_48,6079 4 6410 7 6742 9 7074 11 7406 13 7738 15 8071 15 8403 17 8735 19 9068 20 9400 21 9733 22 10065 24 10398 24 10731 25 11063 27 11396 27 11729 28 12062 29 12395 29 12728 30 13061 31 13394 32 13727 33 14060 35 14393 36 14726 37 15059 38 15393 38 15726 39 16059 40 16392 41 16726 41 17059 41 17392 42 17726 42 18059 43 18392 44 18726 44 19059 44 19392 45 19726 45 20059 46 20393 46 20726 47 21059 48 21393 48 21726 49 22059 50 22393 50 22726 50 23060 50 23393 51 23726 52 24060 52 24393 53 24726 54 25060 53 25393 54 25727 54 26060 54 26393 55 26727 54 27060 55 27393 55 27726 56 28060 55 28393 55 28726 56 29059 56 29393 55 29726 55 30059 55 30392 54 30725 54 31058 54 31391 54 31724 54 32057 54 32390 54 32723 53 33056 53 33389 53 33722 52 34055 52 34388 51 34721 51 35054 50 35387 49 35720 49 36053 48 36386 48 36719 47 37052 47 37385 46 37718 46 38050 47 38383 47 38716 47 39049 48 39382 48 39714 50 40047 51 40380 52 40713 54 41046 57 41379 59 41711 62 42044 64 42377 65 42710 68 43043 70 43183 5 43376 84 43512 12 43709 100 43841 18 44041 103 44171 22 44374 154 44707 154 45040 154 45373 154 45706 153 46039 152 46372 149 46705 146 47038 142 47371 140 47704 138 48037 137 48370 135 48703 135 49036 134 49369 133 49702 132 50034 133 50367 132 50700 132 51033 132 51366 132 51699 131 52032 131 52364 132 52697 133 53030 133 53363 133 53696 133 54028 135 54361 135 54694 135 55027 136 55360 136 55692 137 56025 137 56358 136 56691 136 57024 135 57356 134 57689 132 58022 130 58355 127 58688 124 59021 122 59353 119 59686 116 60019 114 60352 110 60685 107 61018 104 61351 101 61684 98 62017 95 62350 93 62683 92 63016 90 63349 89 63682 88 64015 87 64348 86 64681 86 65014 85 65347 85 65680 85 66013 85 66346 85 66679 85 67013 84 67346 84 67679 84 68012 84 68345 85 68678 85 69011 86 69344 87 69677 87 70010 88 70343 88 70676 89 71010 89 71343 90 71676 90 72009 91 72342 92 72675 93 73008 94 73341 95 73674 96 74007 97 74340 99 74674 99 75007 100 75340 101 75673 102 76006 103 76339 103 76673 103 77006 104 77339 105 77672 105 78005 106 78338 107 78672 106 79005 107 79338 108 79671 108 80004 108 80337 109 80671 108 81004 108 81337 109 81670 109 82003 109 82337 108 82670 109 83003 109 83336 109 83669 109 84003 109 84336 109 84669 109 85002 109 85335 109 85668 109 86002 109 86335 109 86668 109 87001 109 87334 109 87667 109 88001 108 88334 108 88667 108 89000 108 89333 108 89666 108 89999 108 90333 108 90666 108 90999 108 91332 109 91462 16 91665 110 91789 39 91998 111 92120 44 92331 112 92451 50 92664 176 92997 180 93330 184 93663 185 93996 187 94329 190 94662 194 94996 195 95329 198 95662 200 95995 202 96328 203 96661 204 96994 205 97327 206 97660 207 97993 208 98326 209 98659 210 98992 211 99325 212 99658 213 99991 215 100324 216 100657 218 100989 201 101195 14 101322 197 101533 10 101655 164 101837 12 101869 8 101988 161 102205 5 102320 159 102653 157 102985 155 103317 154 103650 150 103982 149 104313 150 104643 151 104973 153 105303 155 105634 156 105965 157 106296 158 106628 158 106959 159 107290 159 107622 159 107954 158 108285 158 108616 159 108948 159 109279 159 109611 159 109943 158 110275 158 110608 156 110940 156 111272 156 111605 155 111937 154 112270 153 112602 153 112935 150 113268 149 113601 91 113694 8 113703 44 113933 89 114037 39 114266 88 114370 38 114598 87 114704 34 114931 86 115037 31 115264 85 115369 30 115596 85 115702 27 115929 85 116039 17 116262 83 116375 2 116594 83 116927 82 117260 82 117593 81 117925 81 118258 81 118591 80 118924 79 119257 78 119590 78 119923 77 120256 76 120589 76 120922 76 121255 75 121589 74 121922 73 122255 73 122589 72 122922 71 123256 70 123589 69 123922 69 124256 67 124589 67 124923 65 125256 64 125590 62 125924 60 126257 58 126591 55 126925 53 127259 50 127592 48 127926 47 128260 44 128594 41 128928 39 129262 37 129596 35 129930 33 130265 30 130599 28 130933 26 131268 23 131602 21 131936 18 132271 14 132605 12 132940 8 133276 1
english_setter_8,113 147 613 148 1113 148 1613 148 2113 148 2613 148 3113 147 3614 146 4114 146 4614 146 5114 147 5613 148 6113 149 6613 149 7113 149 7613 149 8112 149 8612 148 9112 147 9612 146 10112 145 10611 146 11111 145 11610 146 12110 145 12609 146 13109 146 13608 148 14108 148 14607 150 15107 151 15607 151 16106 153 16606 153 17106 154 17605 155 18105 156 18605 157 19104 159 19604 160 20104 161 20603 163 21103 164 21602 167 22102 169 22601 173 23101 176 23601 181 23799 6 24100 209 24600 212 25099 214 25599 215 26098 217 26598 218 27098 218 27597 219 28097 219 28596 221 29096 221 29595 222 30095 222 30595 222 31094 223 31594 223 32094 224 32594 224 33093 225 33593 225 34093 226 34593 226 35093 226 35592 227 36092 228 36592 228 37092 228 37592 229 38092 229 38591 230 39091 231 39591 232 40091 232 40591 232 41091 233 41590 235 42090 235 42590 236 43090 236 43590 236 44090 237 44590 237 45089 239 45589 239 46089 240 46589 240 47089 241 47589 241 48089 242 48588 243 49088 244 49588 245 50088 248 50588 250 51088 252 51588 293 52087 299 52587 302 53087 303 53587 305 54087 306 54587 307 55087 308 55587 309 56087 310 56587 312 57086 314 57586 316 58086 317 58586 319 59086 320 59586 321 60086 322 60586 45 60636 272 61085 42 61139 270 61585 39 61640 269 62085 38 62141 269 62585 36 62642 269 63085 35 63143 268 63585 34 63643 268 64085 33 64143 269 64585 32 64644 268 65085 31 65144 269 65585 30 65643 270 66085 30 66143 270 66584 30 66643 271 67084 29 67143 271 67584 29 67643 271 68084 28 68143 271 68584 28 68642 273 69084 27 69142 273 69584 26 69642 273 70084 26 70142 273 70584 25 70641 275 71084 25 71141 275 71583 25 71641 275 72083 25 72140 276 72583 24 72640 276 73083 24 73140 276 73583 23 73639 278 74083 23 74139 278 74583 22 74639 278 75083 22 75139 278 75583 21 75638 279 76083 21 76138 279 76583 20 76638 279 77084 19 77138 279 77584 18 77638 279 78084 18 78138 279 78584 17 78638 280 79084 17 79138 280 79584 17 79638 280 80084 16 80138 280 80584 16 80638 280 81084 16 81138 280 81584 15 81638 280 82084 15 82138 280 82585 14 82638 280 83085 13 83138 280 83585 13 83637 281 84085 13 84137 281 84585 12 84637 281 85086 11 85137 281 85586 11 85637 281 86086 10 86137 281 86587 9 86637 280 87087 9 87136 281 87587 8 87636 281 88088 7 88136 281 88588 7 88636 281 89089 5 89135 281 89589 4 89635 281 90135 281 90635 281 91135 280 91634 281 92134 281 92634 280 93134 280 93634 280 94134 279 94634 279 95134 278 95634 278 96134 278 96634 277 97134 277 97634 277 98134 276 98634 276 99134 275 99634 275 100134 275 100634 274 101134 274 101634 273 102134 273 102634 272 103135 271 103635 270 104135 269 104635 269 105135 269 105635 268 106135 267 106636 266 107136 265 107636 264 108136 264 108637 262 109137 261 109637 260 110137 259 110637 258 111137 257 111637 256 112138 254 112638 252 113138 251 113638 249 114138 248 114638 246 115138 245 115638 243 116138 241 116638 238 117138 235 117638 231 118138 226 118638 218 119138 212 119638 208 120138 205 120638 202 121138 200 121638 199 122138 197 122638 196 123138 195 123639 193 124139 193 124640 191 125140 190 125641 188 126142 186 126643 185 127144 183 127645 181 128146 180 128647 178 129148 177 129650 174 130151 173 130653 171 131154 169 131655 168 132157 166 132658 165 133159 164 133660 163 134160 163 134661 162 135162 161 135663 160 136163 160 136664 159 137164 159 137665 158 138166 157 138667 156 139168 155 139668 155 140169 154 140669 154 141170 153 141670 153 142171 152 142610 6 142672 151 143108 10 143172 151 143606 14 143672 151 144105 16 144172 151 144605 17 144672 151 145104 20 145171 152 145604 21 145671 152 146103 22 146171 152 146603 23 146671 152 147103 23 147171 152 147603 23 147671 152 148103 23 148170 153 148603 23 148670 153 149104 22 149169 154 149604 22 149669 154 150104 22 150168 155 150605 20 150668 154 151106 19 151168 154 151606 18 151668 154 152107 17 152169 153 152608 15 152669 153 153109 13 153170 152 153611 9 153670 152 154113 5 154171 150 154671 150 155172 149 155672 148 156173 147 156673 147 157172 148 157672 147 158172 147 158672 146 159171 147 159671 147 160171 146 160671 146 161172 144 161672 144 162173 142 162674 141 163175 139 163676 137 164179 133 164682 130 165181 131 165688 124
boxer_35,32359 8 32719 13 33079 17 33439 20 33800 22 34160 25 34521 26 34881 28 35242 29 35602 30 35963 31 36324 31 36684 32 37045 33 37405 34 37766 34 38127 35 38487 36 38848 36 39209 36 39569 37 39930 37 40291 37 40651 38 41012 38 41372 39 41733 39 42094 38 42454 39 42815 38 43175 38 43536 34 43896 31 44257 30 44617 31 44978 30 45338 30 45698 31 46058 32 46418 32 46755 6 46778 33 47115 56 47476 56 47837 55 48198 55 48559 53 48919 47 49280 35 49316 9 49641 34 50003 33 50364 33 50725 33 51086 32 51447 32 51808 31 52169 31 52531 30 52893 28 53254 28 53616 26 53979 24 54341 22 54703 19 55065 17 55427 15 55788 14 56150 13 56511 11 56873 9 57182 5 57235 6 57533 20 57891 24 58249 30 58609 32 58968 36 59327 40 59687 44 60047 49 60407 58 60506 6 60767 70 60865 10 61128 71 61224 13 61489 71 61584 14 61850 71 61944 16 62212 68 62305 17 62573 67 62666 17 62934 64 63026 19 63302 49 63386 20 63644 11 63666 44 63745 22 64003 13 64029 40 64103 26 64362 14 64391 38 64463 27 64722 15 64753 36 64822 30 65082 16 65115 35 65179 34 65442 19 65476 36 65538 37 65803 20 65838 21 65862 12 65897 39 66163 21 66199 20 66223 12 66256 42 66523 23 66560 37 66606 53 66883 25 66920 101 67243 27 67280 102 67603 32 67639 104 67963 141 68324 141 68684 142 69044 142 69404 141 69764 124 70125 114 70485 112 70846 109 71206 108 71566 108 71927 107 72288 106 72648 106 73009 106 73369 106 73730 106 74090 107 74451 107 74811 108 75172 108 75346 4 75532 109 75706 6 75893 109 76067 7 76253 111 76426 9 76614 111 76787 9 76975 112 77140 1 77142 2 77145 13 77336 112 77499 20 77697 112 77858 22 78058 113 78218 23 78419 113 78577 25 78780 114 78937 27 79140 115 79296 29 79501 116 79655 31 79862 117 80015 32 80223 117 80374 34 80584 118 80733 36 80946 118 81092 39 81307 119 81451 41 81668 120 81811 42 82029 121 82170 44 82390 123 82528 48 82751 125 82887 27 82923 13 83113 158 83288 9 83474 153 83836 150 84197 148 84558 146 84920 144 85281 142 85643 139 86004 137 86365 135 86727 132 87088 130 87449 128 87811 126 88173 123 88535 121 88898 43 88947 69 89264 36 89308 68 89626 35 89669 67 89988 33 90031 65 90341 2 90349 32 90392 65 90691 4 90701 4 90710 31 90754 63 91050 8 91061 5 91070 31 91115 62 91409 10 91423 4 91430 32 91476 61 91769 12 91784 39 91837 61 92129 55 92198 60 92489 55 92559 59 92850 55 92921 58 93211 56 93282 57 93572 56 93643 56 93933 57 94003 56 94294 58 94364 56 94655 59 94724 56 95017 59 95085 55 95378 60 95445 55 95740 60 95806 54 96101 61 96167 53 96463 117 96824 116 97185 115 97546 114 97907 113 98268 112 98630 109 98991 107 99352 104 99713 102 100074 100 100435 96 100796 94 101157 91 101518 87 101879 85 102240 63 102304 19 102601 63 102665 17 102962 63 103026 16 103323 63 103387 15 103684 62 103748 14 104045 62 104109 12 104406 62 104471 1 104474 8 104767 61 104836 6 105129 60 105197 5 105490 60 105559 3 105851 60 106212 59 106573 59 106934 60 107295 60 107657 61 108018 63 108379 64 108740 65 109101 66 109462 66 109823 56 109881 8 110184 52 110245 5 110545 51 110906 50 111267 50 111628 49 111989 47 112349 46 112710 43 113071 40 113432 37 113793 35 114155 29 114519 19 114885 9
Maine_Coon_58,21853 6 22351 10 22850 12 23348 15 23847 17 24346 19 24844 22 25342 24 25840 27 26338 29 26836 32 27334 34 27832 37 28329 40 28827 43 29325 45 29823 48 30321 50 30819 52 31316 56 31813 59 32310 63 32807 66 33303 71 33798 76 34292 83 34788 87 35285 91 35783 94 36281 97 36780 98 37278 101 37777 103 38276 105 38774 107 39273 109 39771 112 40269 115 40767 119 41266 121 41764 125 42262 128 42760 132 43257 138 43755 143 44252 150 44750 155 45247 162 45745 168 46243 174 46742 179 47241 189 47740 196 48240 200 48739 203 49239 205 49738 208 50237 211 50737 213 51236 216 51735 218 52235 220 52734 223 53233 225 53733 226 54232 228 54731 230 55231 230 55730 232 56229 234 56728 236 57228 236 57727 238 58160 11 58226 239 58659 16 58725 241 59158 20 59224 242 59658 23 59722 244 60158 26 60221 246 60659 29 60719 248 61159 31 61217 250 61660 34 61715 252 62160 40 62212 255 62661 305 63162 302 63663 298 64164 293 64665 283 65166 272 65667 264 66168 259 66670 252 67171 248 67672 245 68173 242 68674 240 69175 238 69676 236 70177 234 70678 233 71179 231 71680 229 72181 228 72682 226 73182 225 73683 224 74184 223 74685 221 75186 219 75686 218 76187 217 76687 216 77188 214 77688 213 78188 213 78689 211 79189 210 79689 210 80189 209 80690 208 81190 207 81690 207 82190 206 82690 206 83191 205 83691 205 84191 205 84691 205 85191 205 85692 204 86192 205 86692 205 87192 205 87692 206 88192 207 88692 207 89192 208 89692 209 90192 210 90692 210 91192 211 91692 212 92192 213 92691 214 93191 215 93691 215 94191 215 94691 215 95190 216 95690 215 96190 215 96690 214 97189 215 97689 214 98189 214 98688 214 99188 214 99688 213 100187 214 100687 213 101186 214 101686 215 102186 215 102685 216 103184 218 103683 219 104183 220 104682 223 105181 225 105680 227 106180 229 106679 233 107178 237 107677 242 108176 248 108675 254 109174 260 109673 265 110173 270 110672 275 111171 280 111670 284 112169 287 112668 289 113167 292 113666 295 114165 298 114663 302 115162 304 115661 307 116160 308 116659 310 117158 312 117657 314 118156 48 118219 252 118656 45 118727 244 119155 41 119254 218 119655 37 119760 212 120155 34 120264 208 120655 31 120770 202 121156 26 121278 194 121657 21 121783 189 122158 17 122286 186 122662 7 122790 181 123293 178 123796 174 124298 170 124801 165 125303 160 125805 153 126306 145 126808 139 127309 134 127810 130 128311 127 128812 125 129313 123 129814 121 130314 120 130815 119 131315 119 131816 118 132316 118 132816 118 133317 118 133817 119 134317 119 134817 120 135318 120 135818 121 136319 121 136819 122 137320 122 137820 123 138321 123 138821 124 139321 124 139822 124 140322 124 140822 125 141322 125 141822 125 142322 125 142822 125 143323 124 143823 124 144323 124 144824 123 145325 121 145826 120 146329 116 146833 112 147338 107 147842 102 148345 99 148847 96 149349 94 149851 91 150353 88 150855 85 151356 83 151858 80 152360 77 152862 73 153364 69 153866 65 154369 60 154872 53 155375 45 155879 36 156396 11
Russian_Blue_30,184 98 521 98 859 97 1196 97 1532 99 1869 99 2206 100 2543 102 2880 103 3216 105 3553 105 3890 106 4227 107 4564 108 4901 110 5237 112 5574 113 5911 113 6248 115 6584 119 6921 121 7258 122 7381 3 7595 126 7932 126 8268 128 8605 128 8942 129 9279 130 9615 131 9952 131 10289 131 10626 131 10963 131 11300 131 11637 132 11974 133 12311 133 12648 134 12802 2 12985 137 13133 8 13322 138 13469 9 13659 142 13805 10 13996 143 14142 10 14333 143 14478 11 14670 156 15007 156 15344 156 15681 156 16018 156 16355 156 16692 156 17029 156 17366 156 17703 156 18040 156 18377 156 18714 156 19051 156 19388 156 19725 156 20062 156 20398 157 20735 157 21072 157 21409 157 21746 157 22083 157 22420 157 22756 159 23093 159 23430 159 23767 159 24104 159 24441 159 24778 159 25115 159 25451 161 25788 161 26125 162 26462 161 26799 161 27136 160 27473 160 27810 160 28146 161 28483 161 28820 162 29095 4 29156 163 29428 18 29493 163 29762 24 29830 164 30096 30 30166 165 30427 40 30503 165 30762 46 30839 166 31098 50 31175 166 31367 4 31433 54 31512 166 31701 10 31769 58 31848 167 32037 13 32105 60 32185 167 32373 16 32441 63 32522 167 32709 19 32776 68 32859 166 33045 22 33112 73 33195 167 33382 24 33447 252 33719 26 33782 254 34056 28 34118 255 34393 30 34453 257 34731 31 34789 258 35068 33 35125 259 35406 34 35460 261 35743 36 35794 264 36081 314 36418 315 36756 315 37093 315 37431 314 37768 314 38106 313 38443 313 38781 312 39118 312 39456 311 39793 311 40131 310 40469 309 40806 309 41144 308 41481 308 41819 307 42156 307 42494 306 42831 306 43168 306 43506 305 43843 305 44181 304 44518 304 44856 303 45193 303 45530 303 45868 302 46205 302 46543 301 46880 301 47217 301 47555 300 47892 300 48229 300 48566 300 48904 299 49241 299 49578 299 49915 299 50252 299 50589 299 50926 299 51264 298 51601 298 51938 298 52275 298 52612 298 52949 298 53286 298 53623 298 53960 298 54297 298 54634 298 54971 298 55308 298 55645 298 55982 298 56319 298 56656 298 56993 298 57330 298 57667 298 58004 298 58341 298 58678 298 59015 298 59352 298 59689 298 60026 298 60362 299 60699 299 61036 299 61373 299 61710 299 62047 299 62384 299 62721 299 63058 299 63395 299 63732 299 64069 299 64406 299 64743 299 65080 299 65417 299 65755 298 66092 298 66429 298 66766 298 67103 298 67440 298 67777 298 68114 298 68451 298 68789 297 69126 297 69463 297 69800 297 70137 297 70474 297 70811 297 71148 297 71485 297 71822 297 72159 297 72497 296 72834 296 73171 296 73508 296 73844 297 74181 297 74518 297 74855 297 75191 298 75528 298 75864 298 76201 297 76537 297 76874 297 77210 298 77547 298 77883 299 78220 299 78556 299 78892 301 79229 301 79565 302 79901 303 80238 303 80574 305 80910 306 81247 308 81583 309 81919 310 82255 311 82591 312 82927 313 83263 314 83599 315 83935 316 84271 317 84606 319 84942 320 85278 319 85614 319 85949 321 86285 321 86621 321 86957 321 87293 321 87629 321 87965 322 88301 322 88637 322 88973 322 89309 321 89646 318 89983 316 90319 314 90656 64 90727 241 90993 58 91072 4 91079 223 91331 53 91420 218 91668 37 91767 206 92005 32 92109 200 92344 26 92448 197 92682 21 92787 193 93020 16 93127 189 93359 6 93468 184 93811 176 94151 172 94490 169 94830 165 95173 158 95514 153 95856 147 96198 141 96539 136 96881 130 97223 124 97567 116 97910 109 98255 100 98596 95 98936 91 99275 88 99614 85 99953 83 100292 79 100631 76 100970 73 101309 69 101648 65 101987 61 102327 55 102666 52 103005 48 103345 42 103685 36 104028 19
staffordshire_bull_terrier_65,15231 1 15563 2 15896 2 16228 3 16561 3 16893 4 17226 4 17558 5 17891 5 18224 4 18556 5 18889 5 19221 6 19553 7 19886 7 20218 7 20551 7 20883 8 21216 8 21548 9 21880 9 22213 9 22545 10 22877 11 23210 10 23542 11 23874 12 24206 12 24539 12 24871 12 25203 13 25535 13 25868 13 26200 13 26532 14 26865 13 27197 14 27530 13 27862 14 28195 13 28528 13 28860 14 29193 14 29526 13 29858 14 30191 14 30524 14 30856 15 31189 15 31522 15 31854 16 32187 16 32519 16 32852 16 33184 17 33516 18 33848 19 34181 19 34512 21 34844 22 35175 24 35507 25 35838 27 36166 32 36484 47 36815 49 37146 51 37467 63 37797 66 38128 68 38460 69 38792 70 39124 71 39457 71 39789 72 40122 72 40454 73 40787 73 41120 73 41452 74 41784 75 42117 75 42449 76 42781 77 43114 76 43446 77 43778 78 44110 79 44443 79 44775 80 45108 80 45441 80 45773 81 46105 82 46438 82 46770 83 47102 84 47434 85 47766 86 48098 87 48430 89 48762 90 49093 92 49425 93 49757 95 50089 96 50421 97 50753 99 51085 100 51418 100 51750 102 52082 103 52415 104 52747 105 53080 105 53412 107 53745 107 54077 108 54410 109 54743 109 55075 110 55408 111 55741 111 56073 112 56406 113 56739 113 57072 113 57404 114 57737 115 58070 115 58402 116 58735 116 59068 116 59400 117 59733 117 60065 118 60398 118 60731 118 61064 118 61396 119 61729 119 62062 119 62394 120 62727 120 63060 120 63393 120 63725 121 64058 121 64391 122 64724 122 65056 123 65389 123 65722 123 66055 123 66388 123 66720 124 67053 124 67386 124 67719 124 68052 124 68385 124 68717 125 69050 125 69383 125 69716 125 70049 125 70382 125 70715 125 71047 126 71380 126 71713 126 72046 126 72379 126 72713 125 73046 124 73379 124 73712 124 74045 124 74378 124 74711 123 75045 122 75378 122 75711 122 76044 122 76377 121 76710 121 77043 121 77376 120 77709 120 78042 120 78374 121 78707 120 79040 120 79373 119 79706 119 80039 119 80372 119 80705 118 81038 118 81371 118 81704 118 82037 117 82370 117 82703 117 83036 117 83369 117 83702 117 84035 117 84368 117 84701 117 85034 117 85367 117 85700 117 86033 117 86366 116 86699 116 87032 116 87365 116 87698 116 88031 115 88364 115 88697 115 89030 115 89363 115 89696 115 90029 115 90362 114 90695 114 91028 114 91361 114 91694 114 92027 114 92360 114 92694 112 93027 112 93360 112 93693 112 94026 112 94359 112 94692 112 95025 112 95358 112 95691 111 96024 111 96357 111 96690 111 97023 111 97356 111 97689 111 98022 110 98355 110 98688 110 99021 110 99354 110 99687 110 100020 110 100353 110 100686 109 101019 109 101352 109 101685 109 102018 109 102351 109 102684 109 103017 109 103350 109 103683 108 104016 108 104349 108 104682 108 105015 108 105348 108 105681 108 106013 109 106346 109 106679 109 107012 109 107345 108 107677 109 108010 109 108343 109 108676 109 109009 108 109341 109 109674 109 110007 109 110340 108 110673 108 111006 108 111339 107 111671 108 112004 108 112337 107 112670 107 113003 107 113336 106 113669 106 114002 106 114335 106 114667 107 115000 106 115333 106 115666 106 115999 106 116332 106 116665 106 116998 106 117331 106 117664 106 117997 105 118330 105 118663 105 118996 105 119329 105 119663 104 119996 104 120329 104 120662 104 120995 104 121328 104 121661 104 121995 103 122328 103 122661 103 122994 103 123327 103 123661 102 123994 102 124327 102 124660 102 124994 101 125327 101 125660 101 125994 100 126327 100 126661 99 126994 99 127327 100 127661 99 127994 99 128328 98 128661 98 128995 97 129328 97 129661 97 129995 96 130328 96 130662 95 130995 95 131329 94 131662 94 131996 93 132329 93 132663 92 132996 92 133330 91 133664 90 133997 90 134331 89 134664 89 134998 88 135331 88 135665 87 135999 86 136332 86 136666 85 137000 84 137334 83 137668 82 138002 81 138336 80 138669 80 139003 79 139337 78 139671 77 140005 76 140339 75 140673 74 141007 73 141341 71 141676 69 142010 68 142344 67 142678 66 143012 65 143347 63 143681 62 144015 61 144350 60 144684 59 145019 57 145353 56 145688 54 146022 53 146357 51 146691 50 147026 48 147361 46 147696 44 148031 42 148365 41 148700 39 149036 36 149372 33 149708 30 150047 23 150383 20 150718 17 151056 10
saint_bernard_75,15868 12 16356 28 16849 36 17342 44 17835 52 18325 62 18819 69 19316 72 19814 74 20312 76 20810 77 21308 79 21807 80 22305 81 22804 81 23303 82 23801 83 24300 83 24799 84 25298 84 25797 84 26296 85 26794 86 27293 86 27792 86 28291 86 28789 87 29288 34 29341 33 29786 33 29847 22 30285 32 30783 32 31281 33 31779 34 32277 35 32775 37 33273 39 33771 41 34269 43 34768 44 35265 47 35763 50 36261 52 36759 55 37256 59 37752 64 38248 69 38743 74 39238 80 39733 86 40228 91 40724 95 41220 99 41717 102 42214 104 42711 107 43208 110 43705 112 43874 4 44203 113 44372 6 44701 115 44870 8 45198 117 45369 9 45696 118 45869 10 46195 118 46368 11 46693 118 46867 12 47190 120 47366 13 47688 120 47866 12 48186 120 48365 13 48684 121 48865 13 49181 122 49364 14 49678 123 49864 14 50176 123 50363 15 50673 125 50862 16 51170 126 51361 16 51667 127 51861 16 52164 129 52360 17 52661 130 52859 18 53159 131 53358 18 53658 130 53857 18 54109 10 54157 130 54356 19 54604 21 54653 133 54856 19 55101 28 55150 135 55355 19 55598 36 55649 135 55854 20 56097 47 56147 137 56354 19 56595 189 56853 19 57094 190 57352 20 57592 192 57851 20 58092 191 58350 21 58590 194 58849 21 59089 195 59349 20 59588 195 59848 21 60087 196 60348 20 60586 197 60848 19 61085 198 61347 20 61584 199 61847 19 62083 200 62346 19 62582 201 62846 18 63082 202 63346 17 63581 204 63845 17 64079 208 64345 15 64578 210 64845 14 65077 213 65344 14 65575 216 65844 13 66074 219 66343 13 66573 221 66843 12 67071 224 67342 12 67570 226 67841 12 68068 228 68340 12 68566 231 68840 12 69064 234 69339 12 69562 236 69838 13 70060 239 70337 13 70558 241 70836 14 71056 244 71335 14 71554 246 71834 15 72052 248 72333 16 72551 250 72832 16 73050 251 73331 17 73549 253 73830 18 74048 254 74329 19 74548 254 74828 19 75047 255 75326 21 75546 256 75825 22 76046 256 76324 22 76545 257 76823 23 77045 256 77321 25 77545 256 77820 26 78044 257 78318 27 78544 256 78817 28 79044 256 79315 30 79544 257 79813 32 80044 258 80312 33 80543 260 80810 35 81044 301 81544 29 81574 271 82044 25 82075 269 82544 22 82576 268 83044 20 83077 267 83545 17 83581 263 84045 15 84082 261 84546 11 84583 260 85047 8 85084 258 85585 257 86086 255 86586 255 87087 253 87587 253 88088 252 88588 252 88856 5 89088 252 89352 25 89589 251 89849 29 90089 289 90588 290 91088 252 91342 1 91345 31 91588 249 91848 26 92088 248 92351 20 92587 248 92857 10 93087 246 93587 245 94086 245 94586 244 95085 244 95585 243 96085 242 96584 243 97084 242 97584 242 98083 242 98583 241 99082 242 99582 241 100081 241 100581 240 101081 239 101580 239 102079 238 102579 236 103078 235 103578 233 104077 232 104576 231 105076 230 105575 230 106075 228 106575 227 107075 226 107575 224 108075 223 108575 222 109076 220 109577 20 109598 2 109607 188 110078 15 110113 182 110581 8 110618 176 111123 171 111630 163 112137 155 112641 151 113145 148 113648 146 114151 145 114655 142 115158 141 115661 139 116164 137 116666 136 117168 135 117670 133 118171 133 118672 133 119173 133 119674 133 120174 134 120675 134 121175 135 121676 135 122176 136 122676 137 123176 139 123677 139 124177 141 124677 143 125177 145 125677 148 126178 149 126678 151 127178 153 127679 153 128179 155 128680 155 129180 157 129681 157 130181 158 130682 159 131182 160 131682 161 132183 160 132684 160 133184 161 133685 160 134185 161 134686 160 135187 160 135687 161 136187 162 136688 161 137189 161 137689 161 138190 161 138690 161 139191 161 139692 160 140193 160 140694 159 141196 157 141698 155 142200 153 142702 149 143206 143 143710 131 144213 115 144718 101 145231 74 145742 55 146247 45 146755 30
Bombay_67,229 3 720 23 780 1 782 15 1206 40 1275 25 1691 59 1770 32 2180 124 2667 140 3166 142 3661 147 4028 9 4094 6 4136 5 4145 164 4525 14 4555 9 4590 16 4634 176 5021 23 5050 1 5052 18 5088 23 5126 185 5519 57 5580 34 5617 3 5623 190 6017 296 6514 300 7006 309 7505 311 8003 314 8503 315 9003 316 9503 317 10003 317 10503 317 11003 318 11503 318 12003 319 12504 318 13004 318 13504 318 14005 317 14505 317 15006 316 15507 316 16009 315 16511 313 17012 313 17513 312 18015 310 18516 309 19018 307 19519 307 20019 306 20520 306 21022 304 21523 303 22024 303 22525 302 23026 302 23527 301 24028 301 24530 299 25031 298 25532 297 26033 296 26534 295 27035 293 27536 291 28037 290 28538 289 29040 287 29541 286 30042 286 30543 285 31044 286 31545 286 32047 284 32548 284 33049 284 33550 284 34051 285 34552 286 35053 288 35554 289 36055 290 36556 291 37057 293 37558 295 38059 296 38559 297 39060 298 39561 298 40062 299 40563 300 41064 300 41565 300 42066 302 42568 302 43069 302 43570 302 44071 303 44572 303 45073 303 45574 302 46075 301 46576 300 47077 300 47578 299 48078 299 48579 299 49080 298 49581 298 50082 298 50582 298 51083 298 51584 297 52085 296 52586 296 53086 297 53586 298 54086 299 54586 300 55086 301 55587 301 56087 301 56587 302 57087 303 57587 305 58087 307 58587 308 59088 308 59588 309 60088 309 60588 310 61088 310 61588 311 62088 311 62587 313 63087 314 63587 314 64087 315 64587 316 65087 316 65587 317 66087 318 66588 318 67088 319 67588 319 68088 320 68588 321 69088 321 69588 322 70089 322 70589 324 71089 325 71589 326 72089 327 72589 329 73089 331 73589 332 74090 334 74590 338 75090 348 75590 354 76090 373 76590 385 77090 389 77590 391 78089 394 78589 395 79089 396 79589 397 80089 398 80589 399 81089 399 81589 399 82088 400 82588 400 83088 400 83588 400 84088 399 84588 399 85088 399 85588 399 86088 399 86588 399 87088 400 87588 400 88088 400 88588 400 89087 402 89587 403 90087 403 90587 404 91087 404 91586 406 92086 406 92586 406 93086 407 93586 407 94086 407 94586 407 95086 407 95586 407 96085 408 96585 408 97085 408 97585 409 98085 409 98585 409 99085 409 99585 410 100085 410 100585 410 101086 410 101586 410 102086 410 102586 410 103086 410 103585 411 104085 411 104585 410 105085 410 105585 410 106085 410 106585 410 107085 411 107585 411 108085 411 108585 411 109086 410 109586 410 110086 410 110586 410 111086 410 111586 410 112086 410 112586 411 113087 410 113587 410 114087 410 114587 410 115087 411 115587 411 116087 411 116586 413 117086 413 117586 413 118086 413 118585 414 119085 414 119586 414 120086 414 120586 414 121086 415 121586 415 122086 415 122585 416 123085 416 123584 417 124084 417 124583 418 125083 418 125582 419 126082 419 126581 420 127080 421 127580 421 128079 422 128579 422 129078 423 129578 423 130077 424 130577 424 131076 425 131576 425 132075 426 132575 426 133074 427 133573 427 134073 427 134572 428 135071 429 135570 430 136069 431 136569 431 137068 432 137567 433 138066 434 138565 435 139064 436 139563 437 140063 437 140562 438 141060 440 141559 442 142058 443 142557 444 143056 445 143554 447 144053 448 144551 450 145050 451 145549 452 146047 454 146546 455 147044 457 147543 458 148041 460 148540 461 149039 462 149537 464 150036 465 150534 467 151033 468 151532 469 152031 470 152529 472 153028 473 153527 474 154025 476 154524 477 155023 478 155522 479 156021 480 156519 482 157018 483 157517 484 158016 485 158515 486 159014 487 159512 489 160011 490 160509 492 161007 494 161506 495 162005 496 162503 498 163003 498 163502 499 164002 4498 168501 498 169001 497 169501 495 170001 492 170501 490 171001 486 171501 440 171951 34 172001 434 172461 21 172501 430 173001 427 173501 423 174001 421 174501 419 175001 417 175501 415 176001 413 176501 411 177001 410 177501 408 178001 407 178501 406 179001 404 179501 403 180002 400 180503 398 181003 396 181504 393 182004 391 182504 389 183005 386 183505 384 184005 383 184505 380 185010 372 185512 366 186014 359 186514 348 186864 1 187016 102 187122 231
Abyssinian_224,11616 11 11912 25 12209 34 12506 39 12804 42 13102 45 13399 49 13696 52 13993 56 14291 58 14589 60 14888 62 15187 63 15486 65 15786 65 16085 67 16385 68 16684 69 16983 71 17283 72 17582 74 17881 77 18179 80 18478 82 18776 86 19075 88 19373 91 19671 94 19970 96 20269 98 20567 101 20866 102 21165 103 21464 104 21762 106 22061 106 22360 107 22658 109 22957 110 23129 2 23255 112 23428 5 23554 113 23729 7 23853 115 24029 9 24152 117 24330 10 24451 118 24630 13 24749 122 24931 14 25048 126 25232 15 25347 153 25532 18 25646 155 25833 19 25945 156 26133 23 26244 157 26434 24 26543 158 26734 26 26842 159 27035 27 27141 160 27335 29 27440 161 27635 31 27739 162 27935 33 28038 163 28236 35 28338 163 28536 37 28637 164 28836 40 28936 165 29137 41 29235 166 29437 45 29535 166 29737 49 29834 132 29984 17 30038 52 30133 127 30289 11 30338 55 30432 112 30594 3 30638 57 30731 110 30939 59 31030 110 31239 61 31329 109 31540 63 31627 110 31840 65 31925 112 32141 67 32222 114 32441 71 32517 119 32741 194 33042 192 33342 192 33643 190 33943 190 34243 189 34543 188 34843 187 35144 186 35444 185 35744 184 36044 183 36344 182 36644 181 36944 180 37244 179 37544 178 37844 176 38144 175 38444 174 38744 173 39044 173 39344 173 39644 173 39944 173 40244 174 40544 175 40845 175 41145 177 41445 179 41745 181 42045 184 42345 187 42645 189 42945 192 43245 194 43545 198 43845 202 44146 205 44446 211 44746 218 45046 228 45346 233 45646 236 45946 239 46246 241 46546 243 46846 245 47146 247 47446 249 47746 168 47945 52 48045 157 48252 47 48345 152 48568 33 48645 148 48877 24 48945 144 49181 20 49245 140 49484 17 49544 137 49786 15 49844 133 50088 13 50144 129 50390 11 50444 125 50691 10 50743 123 50992 9 51043 58 51116 48 51294 7 51342 54 51420 41 51595 6 51642 49 51724 35 51898 2 51942 47 52026 30 52241 45 52331 21 52541 43 52841 41 53140 40 53440 38 53740 36 54040 34 54339 33 54639 31 54939 30 55239 28 55538 28 55838 27 56138 25 56437 24 56737 21 57037 19 57337 16 57636 15 57936 13 58235 12 58535 11 58835 9 59134 8 59434 6 59733 5 60034 1
staffordshire_bull_terrier_144,44334 3 44709 5 45083 10 45458 12 45833 16 46208 19 46583 21 46958 25 47333 26 47708 29 48083 31 48458 32 48834 33 49209 35 49584 37 49959 39 50334 41 50710 42 51085 44 51460 45 51835 46 52211 46 52586 47 52961 48 53336 49 53711 49 54086 50 54461 50 54836 51 55211 51 55587 51 55962 51 56337 52 56712 52 57087 53 57462 53 57837 54 58213 54 58588 56 58963 57 59338 61 59407 14 59713 86 60088 88 60463 89 60839 89 61214 91 61589 91 61964 92 62339 93 62714 94 63089 96 63465 102 63585 6 63840 130 63993 6 64215 133 64367 9 64590 135 64742 12 64965 136 65117 13 65341 137 65492 14 65716 138 65867 15 66091 140 66241 17 66466 142 66615 19 66842 169 67217 170 67592 171 67967 172 68343 173 68718 176 69093 179 69468 181 69843 183 70218 185 70593 187 70968 189 71343 190 71718 142 71866 43 72093 139 72246 40 72468 138 72622 40 72842 138 72999 40 73217 138 73375 40 73591 139 73751 40 73966 139 74127 41 74340 141 74502 43 74714 142 74878 43 75087 144 75253 45 75461 146 75628 46 75834 148 76004 47 76207 150 76379 48 76580 153 76754 50 76953 155 77130 50 77219 7 77327 157 77505 52 77589 14 77701 158 77880 22 77904 29 77961 17 78074 160 78256 18 78286 23 78330 24 78448 162 78631 17 78670 14 78699 30 78822 163 79007 15 79071 33 79196 164 79382 14 79444 35 79570 166 79757 14 79818 36 79944 167 80133 12 80193 35 80319 167 80508 12 80568 34 80693 168 80884 10 80944 31 81067 169 81259 10 81319 29 81441 170 81634 10 81695 25 81816 170 82010 8 82071 21 82190 171 82385 8 82564 172 82761 6 82938 173 83137 4 83313 173 83687 173 84061 174 84435 175 84809 176 85183 177 85557 178 85931 178 86304 180 86677 182 87049 184 87422 186 87799 184 88176 182 88553 179 88930 177 89306 176 89682 174 90058 173 90434 172 90810 171 90994 7 91186 170 91367 11 91562 169 91740 14 91937 170 92110 20 92313 193 92688 194 93064 194 93440 193 93816 192 94191 193 94567 192 94943 191 95318 192 95694 191 96070 190 96446 189 96822 187 97198 186 97573 186 97949 185 98325 184 98701 183 99076 183 99452 182 99827 182 100202 183 100578 182 100953 182 101328 182 101703 183 102079 182 102454 182 102829 183 103204 183 103579 184 103955 184 104330 184 104705 185 105080 187 105455 189 105830 191 106038 12 106206 223 106581 44 106640 166 106956 40 107018 164 107331 32 107398 27 107435 122 107706 29 107777 20 107814 118 108081 27 108156 13 108193 114 108457 23 108570 112 108832 22 108947 108 109207 19 109324 102 109583 15 109702 80 109958 13 110079 75 110334 7 110457 67 110834 62 111211 57 111589 48 111967 33 112346 25
havanese_124,7579 9 7952 12 8326 15 8700 17 9074 19 9447 22 9822 22 10196 24 10570 25 10945 26 11319 27 11693 29 12068 30 12443 30 12817 32 13192 32 13566 34 13941 35 14316 36 14690 37 15065 38 15440 39 15814 40 16189 41 16564 42 16938 43 17313 44 17688 45 18062 46 18437 47 18811 48 19186 49 19561 50 19935 51 20310 52 20684 54 21058 55 21433 56 21807 58 22182 59 22556 61 22931 62 23305 65 23680 66 24054 69 24429 70 24803 73 25178 75 25552 79 25927 80 26301 82 26676 83 27050 85 27425 86 27799 88 28174 89 28548 91 28923 92 29297 94 29671 97 30046 99 30420 101 30794 104 31169 106 31543 109 31917 112 32291 114 32666 116 33040 118 33415 119 33789 121 34163 123 34538 124 34912 126 35286 127 35661 128 36035 130 36409 131 36784 132 37158 133 37533 134 37908 134 38282 136 38657 136 39032 137 39406 138 39781 139 40156 139 40531 140 40906 140 41280 141 41655 142 42030 143 42405 143 42780 144 43155 144 43530 144 43905 145 44280 145 44457 1 44655 145 44829 6 45030 146 45203 9 45406 145 45578 10 45781 146 45952 11 46156 146 46327 12 46531 146 46701 14 46906 147 47076 15 47281 147 47450 16 47656 148 47824 17 48031 148 48198 19 48407 147 48573 19 48782 148 48946 21 49157 149 49318 25 49532 150 49692 26 49907 154 50065 28 50282 186 50657 186 51032 187 51407 187 51782 187 52157 187 52532 187 52907 187 53282 187 53657 188 54033 187 54408 187 54783 187 55158 187 55533 187 55909 186 56284 186 56659 186 57035 185 57410 185 57785 185 58161 185 58536 185 58912 184 59287 184 59663 183 60039 182 60414 182 60790 181 61166 180 61541 180 61917 179 62293 178 62669 177 63045 176 63422 173 63798 172 64174 171 64551 169 64927 168 65303 166 65680 164 66056 162 66433 160 66810 158 67187 155 67565 152 67942 149 68319 147 68696 145 69073 142 69449 141 69825 140 70201 139 70577 139 70953 138 71329 137 71704 137 72080 136 72456 135 72832 134 73208 133 73583 133 73959 132 74335 131 74710 131 75086 130 75462 129 75837 129 76213 128 76589 127 76965 126 77340 127 77716 126 78092 125 78467 125 78843 124 79219 123 79594 123 79970 122 80346 120 80721 120 81097 119 81473 118 81848 117 82224 116 82600 115 82976 114 83351 113 83727 112 84103 111 84479 110 84854 110 85230 109 85605 109 85981 108 86357 107 86732 108 87108 107 87483 108 87859 107 88234 107 88609 108 88985 107 89360 107 89735 108 90110 109 90485 110 90860 110 91235 111 91610 112 91985 112 92360 112 92735 112 93110 112 93485 112 93860 112 94235 111 94610 110 94985 107 95360 105 95735 103 96110 102 96485 101 96859 101 97234 101 97609 100 97984 99 98359 99 98734 98 99109 98 99484 98 99859 98 100234 98 100609 98 100984 99 101359 99 101734 99 102109 100 102484 101 102859 101 103234 102 103609 103 103984 104 104360 103 104735 104 105110 104 105485 105 105860 105 106235 105 106611 105 106986 105 107361 106 107736 107 108111 107 108487 107 108862 108 109237 109 109612 110 109987 112 110363 112 110738 114 111113 115 111488 116 111864 116 112239 118 112614 120 112989 121 113365 122 113740 124 114115 125 114491 125 114866 126 115241 127 115617 127 115992 128 116367 129 116743 129 117118 130 117493 131 117868 132 118243 132 118619 132 118994 133 119369 133 119744 134 120119 135 120495 134 120870 135 121245 136 121620 136 121995 137 122370 137 122745 137 123120 138 123495 138 123871 137 124246 138 124621 138 124996 138 125371 139 125746 139 126121 139 126496 140 126871 140 127247 140 127622 140 127997 141 128372 141 128747 142 129122 142 129497 142 129873 142 130248 142 130623 142 130998 142 131373 141 131748 141 132123 140 132498 140 132873 139 133248 103 133356 30 133623 101 133735 25 133998 99 134113 21 134373 98 134491 16 134748 97 134869 12 135123 97 135247 6 135498 96 135873 95 136248 94 136623 94 136998 93 137373 93 137748 92 138123 92 138498 91 138873 91 139248 91 139623 91 139998 91 140373 90 140748 90 141123 90 141499 89 141874 89 142249 89 142624 89 142999 88 143374 88 143749 88 144124 88 144499 88 144874 88 145249 88 145625 87 146000 87 146375 87 146750 87 147125 88 147500 88 147875 88 148250 88 148626 88 149001 88 149376 88 149751 89 150127 88 150502 88 150877 89 151252 89 151628 89 152003 90 152379 89 152754 90 153130 91 153505 92 153881 93 154257 93 154633 93 155008 94 155385 94 155761 94 156137 94 156513 94 156889 93 157265 93 157642 92 158018 92 158395 91 158772 90 159149 89 159526 89 159903 88 160279 87 160655 87 161031 87 161406 88 161782 87 162157 87 162533 87 162908 87 163284 86 163659 86 164035 85 164410 85 164786 29 164831 39 165162 26 165212 33 165537 24 165591 29 165913 21 165970 24 166289 19 166348 21 166665 16 166727 16 167042 11 167106 11 167420 5
miniature_pinscher_47,51107 18 51602 31 52100 35 52599 38 53098 39 53597 41 54097 41 54596 42 55096 42 55595 43 56095 43 56595 43 57094 43 57594 43 58094 43 58594 43 59094 43 59593 44 60093 44 60593 44 61093 44 61593 44 62093 44 62593 44 63092 45 63592 45 64092 45 64592 46 65092 46 65592 46 66092 47 66591 48 67091 48 67591 48 68091 49 68591 49 69091 49 69590 51 70090 51 70590 51 71090 51 71589 52 72089 52 72589 52 73089 52 73589 52 74089 52 74589 52 75089 52 75589 52 76088 53 76588 53 77088 53 77588 54 78088 54 78588 54 79088 54 79588 55 80088 55 80587 56 81087 56 81587 56 82087 57 82587 57 83087 57 83587 58 84087 58 84587 58 85087 58 85587 59 86086 60 86586 60 87086 60 87586 60 88086 60 88586 61 89086 61 89586 61 90085 62 90585 62 91085 62 91394 4 91585 62 91890 8 92085 62 92388 9 92585 62 92885 11 93085 62 93382 12 93585 63 93878 15 94085 63 94372 19 94584 64 94867 22 95084 64 95361 26 95584 64 95857 29 96084 64 96234 4 96354 30 96585 63 96731 13 96852 30 97085 63 97231 18 97350 30 97585 62 97731 21 97848 31 98086 61 98232 22 98347 30 98586 61 98733 23 98845 31 99087 60 99235 23 99344 30 99588 59 99737 22 99843 31 100091 56 100239 22 100342 31 100596 51 100742 20 100840 32 101103 44 101244 19 101339 33 101615 31 101747 17 101837 35 102121 25 102250 16 102334 38 102626 20 102752 16 102831 42 103131 14 103253 18 103328 46 103637 6 103754 19 103824 51 104256 19 104320 57 104756 21 104817 63 105257 23 105315 69 105758 24 105812 76 106258 27 106309 84 106758 33 106804 91 107258 138 107759 138 108259 138 108759 138 109259 121 109391 5 109759 118 110259 115 110759 114 111259 112 111759 112 112259 111 112758 112 113258 112 113758 111 114258 111 114757 113 115257 113 115757 113 116256 114 116756 115 116894 4 117255 118 117388 12 117754 125 117884 17 118254 146 118753 146 119253 145 119752 144 120251 144 120751 143 121250 143 121749 143 122248 143 122747 21 122782 109 123246 12 123287 103 123744 9 123790 99 124243 5 124292 97 124794 95 125295 93 125796 91 126296 91 126797 89 127299 87 127800 84 128302 81 128804 77 129306 70 129808 66 130310 62 130812 58 131314 54 131816 50 132318 47 132824 39 133347 13
Birman_111,16543 6 16872 12 17199 20 17528 33 17858 39 17939 3 18189 43 18264 18 18519 48 18592 27 18850 53 18919 39 19181 61 19245 49 19512 117 19843 122 20175 125 20506 131 20838 139 21169 142 21501 144 21833 146 22165 147 22497 148 22829 149 23160 151 23493 151 23825 152 24157 153 24490 153 24822 154 25154 155 25487 155 25819 156 26152 156 26484 157 26817 157 27149 158 27482 158 27814 159 28147 159 28480 159 28813 159 29145 160 29478 160 29811 160 30144 160 30476 161 30809 161 31142 161 31475 161 31808 161 32140 162 32473 162 32806 162 33139 162 33471 163 33804 163 34137 163 34469 164 34802 164 35134 165 35467 165 35799 166 36132 166 36464 167 36797 167 37129 168 37461 169 37793 170 38125 171 38457 172 38789 173 39121 174 39453 175 39784 177 40115 179 40447 180 40778 182 41109 184 41440 186 41771 188 42102 190 42434 191 42765 193 43097 194 43428 196 43760 197 44092 198 44424 199 44756 200 45088 201 45419 203 45750 205 46081 207 46328 13 46411 210 46660 18 46739 215 46992 24 47064 223 47325 28 47393 227 47658 32 47723 230 47991 36 48052 234 48324 295 48657 295 48991 294 49324 294 49658 293 49991 293 50325 292 50659 291 50992 291 51326 290 51660 289 51994 288 52328 287 52662 286 52996 285 53330 284 53664 283 53998 282 54332 281 54666 280 55000 279 55334 278 55669 276 56002 276 56337 274 56671 273 57005 272 57339 271 57673 270 58007 269 58341 268 58675 267 59009 266 59343 265 59676 265 60010 264 60344 263 60678 262 61011 262 61345 261 61679 260 62012 260 62346 259 62680 258 63013 258 63347 257 63680 257 64013 257 64347 256 64680 256 65014 255 65347 255 65680 255 66013 255 66347 254 66680 254 67013 254 67346 254 67679 254 68012 254 68345 254 68679 253 69012 253 69345 253 69678 253 70011 253 70344 253 70677 253 71010 253 71343 253 71676 253 72008 254 72341 254 72674 254 73007 254 73340 254 73673 254 74006 254 74339 254 74672 254 75005 254 75338 254 75671 254 76004 254 76337 254 76670 254 77003 254 77337 253 77670 253 78003 253 78336 253 78669 253 79002 253 79335 253 79668 253 80001 253 80334 253 80668 252 81001 252 81334 252 81667 252 82000 252 82333 252 82667 251 83000 251 83333 251 83666 251 84000 250 84333 250 84666 250 85000 249 85333 249 85667 248 86000 248 86334 247 86667 247 87001 246 87334 246 87668 245 88001 245 88334 245 88668 244 89001 244 89334 244 89667 244 90001 243 90334 243 90667 243 91000 243 91334 242 91667 242 92000 242 92333 242 92666 242 92999 242 93332 242 93665 242 93998 242 94331 242 94664 242 94997 242 95329 243 95662 243 95995 243 96328 243 96661 243 96993 244 97326 244 97659 244 97991 245 98324 245 98657 245 98989 246 99322 246 99654 247 99987 247 100319 248 100652 248 100984 249 101317 249 101649 250 101981 251 102314 251 102646 252 102979 252 103311 253 103643 254 103976 254 104308 255 104641 255 104973 256 105306 256 105638 257 105970 258 106303 258 106635 259 106968 259 107300 260 107633 260 107965 261 108298 261 108631 261 108963 262 109296 82 109382 176 109628 79 109717 174 109961 77 110053 171 110294 75 110388 169 110626 74 110723 167 110959 73 111057 166 111292 71 111392 164 111624 71 111727 162 111957 69 112062 160 112290 49 112398 157 112623 45 112734 154 112956 42 113070 151 113289 39 113404 150 113622 36 113740 147 113955 34 114074 146 114288 31 114409 144 114621 28 114744 142 114955 24 115078 141 115288 21 115412 140 115621 18 115746 139 115955 14 116080 138 116290 9 116414 137 116747 137 117081 136 117415 135 117749 134 118083 133 118417 132 118751 131 119085 130 119419 129 119752 129 120086 128 120420 127 120754 126 121088 125 121422 124 121755 124 122089 123 122423 122 122756 122 123090 121 123424 120 123758 119 124092 118 124426 117 124760 116 125094 115 125428 113 125762 111 126096 109 126430 106 126765 103 127101 99 127441 91 127776 88 128111 85 128446 82 128780 80 129115 77 129449 75 129783 73 130118 70 130452 69 130787 66 131122 63 131456 61 131791 58 132126 55 132460 54 132796 50 133131 47 133467 43 133802 40 134137 37 134473 32 134809 28 135145 24 135480 21 135815 18 136150 15 136484 14 136818 12 137153 9 137488 6
British_Shorthair_101,24163 20 24491 29 24822 33 25151 39 25483 41 25814 45 26146 48 26478 52 26809 57 27141 61 27473 64 27804 67 28136 69 28468 71 28800 73 29131 75 29463 77 29795 78 30127 80 30459 81 30791 82 31123 84 31455 85 31787 86 32119 87 32451 88 32784 89 33116 90 33448 91 33780 92 34112 93 34444 95 34776 96 35108 97 35440 98 35772 99 36104 100 36436 101 36769 101 37101 102 37433 104 37765 105 38097 106 38430 106 38762 107 39095 107 39427 108 39759 109 40091 111 40424 111 40756 112 41089 112 41421 113 41753 114 42086 114 42418 115 42751 115 43083 116 43416 116 43748 117 44081 117 44413 118 44746 118 45078 120 45411 120 45744 120 46076 121 46409 121 46742 121 47074 122 47407 123 47740 123 48073 123 48405 124 48738 124 49071 124 49404 125 49737 125 50069 126 50402 126 50735 126 51068 127 51401 127 51734 127 52067 127 52400 128 52733 128 53065 129 53398 129 53731 130 54064 130 54397 130 54730 131 55063 131 55396 131 55729 131 56062 132 56395 132 56728 132 57061 133 57394 133 57726 134 58059 134 58392 135 58725 135 59058 136 59391 136 59724 136 60057 137 60390 137 60723 137 61056 138 61389 138 61722 139 62055 139 62388 140 62721 140 63054 141 63387 141 63720 142 64053 142 64386 143 64719 143 65052 144 65385 144 65718 145 66051 145 66384 145 66717 146 67050 146 67383 146 67716 147 68049 147 68383 146 68716 146 69049 147 69382 147 69715 147 70048 147 70381 147 70714 147 71047 147 71380 147 71713 147 72046 147 72379 147 72713 146 73046 146 73379 146 73712 146 74045 146 74379 145 74712 145 75045 145 75378 144 75712 143 76045 143 76378 142 76711 142 77045 140 77378 140 77711 125 77842 8 78044 124 78177 5 78378 123 78711 122 79044 122 79377 121 79711 120 80044 120 80377 120 80710 120 81044 119 81377 119 81710 119 82043 119 82377 118 82710 118 83043 118 83376 118 83710 117 84043 118 84376 118 84709 118 85042 119 85375 119 85708 120 86041 120 86374 121 86707 121 87040 122 87373 123 87706 124 88039 125 88371 126 88704 127 89037 128 89369 130 89701 131 90032 134 90359 140 90690 143 91023 143 91356 143 91689 144 92022 144 92355 145 92688 145 93021 145 93355 145 93688 145 94021 145 94354 146 94687 146 95020 147 95353 147 95686 148 96019 148 96352 149 96685 149 97018 150 97351 150 97684 151 98017 151 98350 152 98683 152 99016 153 99349 154 99682 154 100015 155 100348 155 100681 156 101014 157 101347 157 101680 158 102012 160 102345 161 102678 161 103011 162 103344 164 103677 165 104010 167 104343 169 104676 173 105009 175 105342 179 105674 183 106007 186 106340 191 106545 9 106673 197 106874 15 107006 219 107339 221 107672 221 108005 221 108338 221 108671 221 109004 221 109337 221 109670 221 110002 222 110335 222 110668 219 111001 213 111334 159 111506 31 111667 156 111845 19 112000 155 112333 154 112665 154 112998 154 113331 153 113664 153 113996 154 114329 154 114661 155 114994 156 115326 157 115658 159 115991 160 116323 162 116655 164 116987 166 117319 167 117652 168 117984 170 118317 171 118650 172 118984 6 119007 148 119345 144 119681 142 120016 140 120352 138 120688 135 121024 133 121363 127 121700 124 122039 118 122379 112 122715 109 123051 107 123386 106 123721 104 124057 102 124392 100 124727 99 125062 97 125397 95 125731 95 126066 93 126401 92 126736 90 127071 88 127405 88 127740 86 128076 83 128411 81 128746 79 129081 77 129416 75 129751 73 130085 72 130419 71 130753 70 131087 68 131420 68 131754 67 132087 66 132420 66 132754 64 133087 63 133420 62 133753 61 134086 60 134419 59 134752 57 135085 55 135418 52 135751 48 136083 47 136416 45 136749 43 137082 42 137414 41 137747 40 138080 39 138412 38 138745 37 139077 36 139410 35 139742 34 140074 33 140407 32 140739 31 141072 30 141404 30 141736 29 142069 28 142401 28 142733 27 143066 26 143398 25 143730 25 144062 25 144394 24 144726 24 145058 23 145390 23 145722 22 146054 22 146386 21 146718 21 147051 19 147383 19 147715 18 148047 17 148379 17 148712 16 149044 16 149376 17 149709 16 150041 16 150374 15 150707 14 151040 13 151373 12 151706 11 152040 9 152374 6 152708 4
havanese_197,80847 7 81273 10 81652 13 81700 12 82077 21 82126 15 82503 26 82553 16 82929 32 82980 17 83355 36 83406 20 83782 40 83833 21 84208 45 84259 23 84635 75 85062 76 85489 77 85798 16 85916 78 86218 27 86343 79 86629 46 86771 79 87056 49 87198 80 87482 53 87625 81 87909 57 88052 82 88335 61 88478 84 88762 66 88905 85 89189 85 89331 87 89615 94 89758 88 90042 99 90184 90 90470 103 90609 93 90897 108 91033 97 91324 115 91453 106 91751 236 92178 237 92605 238 93033 238 93460 240 93887 241 94314 243 94741 244 95168 246 95595 247 96022 249 96449 251 96876 253 97303 255 97730 257 98157 258 98584 260 99011 262 99438 263 99865 264 100292 266 100719 267 101146 269 101573 270 102001 270 102428 271 102855 272 103283 272 103711 273 104138 274 104566 274 104994 274 105421 275 105849 275 106277 275 106704 276 107132 276 107560 276 107987 277 108415 276 108843 276 109271 276 109699 276 110126 276 110554 276 110982 276 111410 275 111837 275 112265 273 112693 272 113120 270 113548 268 113976 262 114403 258 114831 252 115258 250 115685 248 116112 247 116540 245 116967 245 117394 245 117821 245 118249 244 118676 245 119104 245 119531 246 119959 246 120387 246 120815 246 121242 248 121670 249 122099 250 122527 252 122955 255 123383 261 123811 267 124240 270 124668 273 125097 275 125525 277 125953 280 126382 280 126810 282 127238 283 127667 283 128095 283 128523 284 128951 284 129380 284 129808 284 130236 285 130665 284 131093 284 131521 284 131950 283 132378 283 132806 284 133235 283 133663 283 134092 282 134520 282 134948 282 135377 281 135805 280 136233 280 136662 279 137090 279 137518 279 137946 279 138375 277 138803 277 139231 277 139659 276 140088 275 140516 274 140945 271 141374 268 141804 264 142234 259 142666 227 142903 16 143098 221 143334 11 143528 217 143959 211 144389 206 144818 203 145248 67 145326 121 145678 63 145756 117 146108 60 146186 113 146539 56 146619 106 146969 53 147053 98 147399 50 147488 89 147830 46 147921 83 148260 43 148376 54 148690 40 148811 45 149121 36 149247 36 149552 32 149681 28 149984 27 150114 21 150419 19 150855 8
wheaten_terrier_119,58239 17 58735 27 59232 37 59729 45 60227 51 60724 57 61222 61 61720 64 62217 69 62713 74 63210 78 63707 81 64205 84 64703 87 65200 90 65696 95 66194 98 66692 101 67191 103 67689 105 68187 108 68686 110 69185 111 69684 113 70183 114 70681 117 71180 120 71678 130 72177 138 72675 164 73173 176 73672 182 74170 189 74668 198 75166 206 75664 213 76163 216 76661 220 77159 224 77657 228 78150 239 78645 261 79142 268 79640 272 80139 273 80637 274 81137 273 81473 18 81636 273 81966 28 82135 272 82459 38 82634 272 82955 44 83134 271 83448 53 83633 270 83944 57 84132 270 84439 62 84632 269 84936 65 85131 269 85433 68 85631 269 85930 71 86131 268 86427 74 86630 267 86924 77 87130 265 87422 79 87630 190 87847 47 87919 82 88129 188 88353 35 88417 84 88629 186 88862 15 88914 87 89128 185 89411 90 89627 185 89907 94 90126 185 90400 101 90626 185 90898 103 91125 185 91396 105 91624 186 91895 106 92123 187 92394 107 92623 187 92893 108 93122 188 93392 109 93621 190 93891 110 94120 191 94390 111 94620 192 94890 111 95119 193 95389 112 95618 195 95888 113 96116 198 96387 114 96615 200 96886 115 97114 202 97385 116 97613 204 97883 118 98112 206 98381 120 98612 206 98879 122 99111 208 99377 124 99610 209 99876 125 100109 210 100374 127 100608 212 100872 129 101107 214 101371 130 101606 216 101869 132 102104 220 102331 13 102366 135 102602 246 102862 139 103100 401 103599 402 104097 404 104596 405 105095 406 105546 12 105593 408 106040 23 106091 410 106536 31 106590 411 107034 37 107088 413 107532 43 107584 417 108031 470 108530 471 109029 472 109528 473 110027 474 110527 474 111026 475 111526 475 112025 476 112525 476 113024 477 113524 477 114024 477 114524 477 115023 478 115523 478 116023 478 116523 478 117023 478 117523 478 118023 478 118523 478 119023 478 119523 478 120024 477 120524 477 121025 476 121526 475 122026 475 122528 473 123029 49 123086 415 123531 42 123590 411 124032 38 124093 408 124534 32 124595 406 125037 26 125096 405 125542 16 125598 403 126100 401 126602 399 127104 397 127607 394 128110 391 128613 388 129115 386 129616 385 130117 384 130619 382 131120 381 131620 381 132121 380 132622 379 133123 378 133624 98 133727 274 134124 93 134234 267 134625 90 134740 261 135125 89 135250 251 135626 86 135757 244 136126 85 136261 240 136627 83 136764 237 137127 81 137266 235 137628 79 137768 233 138128 78 138269 232 138629 76 138771 230 139129 75 139272 229 139629 73 139773 228 140130 71 140275 226 140630 70 140776 225 141131 68 141277 224 141631 66 141778 223 142132 64 142279 222 142632 63 142780 221 143133 61 143281 220 143633 59 143782 219 144134 57 144284 217 144634 56 144785 216 145135 54 145285 216 145636 52 145787 214 146136 51 146288 213 146637 49 146788 213 147139 46 147289 212 147640 44 147790 211 148142 41 148291 210 148643 39 148792 209 149145 37 149293 208 149648 33 149794 207 150151 29 150295 206 150656 21 150796 205 151297 204 151798 203 152299 202 152800 201 153301 200 153802 199 154303 198 154804 197 155305 196 155806 195 156307 194 156808 193 157309 192 157810 191 158310 191 158811 190 159312 189 159813 188 160314 187 160815 186 161316 185 161817 184 162318 183 162820 181 163320 181 163822 179 164323 178 164824 177 165326 175 165827 174 166328 173 166829 172 167331 170 167832 169 168333 168 168835 166 169336 165 169837 164 170339 162 170841 160 171343 158 171845 156 172347 154 172849 152 173350 151 173852 149 174354 147 174855 146 175357 144 175859 142 176360 141 176862 139 177364 137 177865 136 178367 134 178869 132 179370 131 179872 129 180373 128 180875 126 181377 124 181878 123 182379 122 182880 121 183382 119 183883 118 184384 117 184885 116 185386 115 185888 113 186389 111 186890 109 187390 108
shiba_inu_117,68118 11 68457 25 68799 30 69141 36 69483 41 69826 43 70169 47 70512 56 70855 61 71198 66 71541 70 71884 73 72227 82 72570 85 72912 87 73255 89 73598 89 73941 90 74283 92 74626 92 74969 93 75311 96 75654 96 75996 99 76339 102 76681 105 77023 110 77365 126 77708 128 78050 132 78392 136 78734 144 78900 23 79076 150 79239 33 79418 199 79760 203 80102 206 80444 209 80786 211 81128 213 81470 215 81812 216 82153 219 82495 221 82837 222 83179 224 83428 6 83521 226 83768 10 83863 228 84109 11 84205 233 84449 13 84546 238 84789 14 84888 256 85230 255 85572 254 85913 252 86255 247 86597 247 86938 248 87280 248 87622 249 87963 251 88305 252 88646 254 88987 256 89329 257 89670 259 90011 261 90352 263 90693 265 91033 268 91373 271 91713 276 92052 281 92391 285 92731 287 93070 291 93410 294 93750 297 94092 298 94434 298 94776 299 95119 298 95463 297 95808 294 96155 290 96500 287 96847 282 97195 276 97540 247 97788 25 97890 237 98134 21 98239 229 98478 19 98587 223 98821 18 98933 218 99165 16 99278 215 99508 15 99624 212 99853 10 99971 207 100315 205 100663 200 101008 198 101352 198 101698 196 102043 194 102388 193 102748 177 103095 174 103440 172 103785 170 104128 170 104472 168 104816 167 105159 166 105503 164 105847 162 106191 160 106539 153 106886 148 107232 144 107578 139 107921 138 108265 136 108608 134 108951 133 109295 131 109638 77 109718 49 109981 71 110065 44 110325 66 110409 41 110668 64 110751 41 111011 61 111094 40 111355 58 111436 39 111698 56 111778 39 112042 53 112120 38 112386 50 112462 38 112729 49 112804 37 113072 47 113147 36 113416 45 113489 35 113759 44 113831 35 114103 42 114173 34 114446 41 114515 34 114789 40 114858 32 115133 38 115200 32 115476 37 115543 30 115819 37 115885 30 116163 35 116228 28 116506 34 116570 28 116849 34 116913 26 117193 32 117255 26 117536 32 117597 25 117880 30 117939 25 118223 30 118281 24 118565 30 118623 24 118909 29 118965 23 119251 29 119307 23 119594 29 119648 23 119937 28 119989 24 120280 28 120330 24 120623 27 120672 24 120966 27 121013 24 121309 27 121354 25 121652 27 121696 24 121995 26 122038 24 122338 26 122380 23 122681 26 122723 22 123024 27 123065 21 123366 28 123408 20 123709 28 123750 20 124052 28 124092 19 124395 28 124435 18 124737 29 124777 18 125080 29 125119 17 125422 30 125461 17 125765 30 125803 16 126107 31 126145 16 126450 31 126488 14 126792 32 126830 14 127135 32 127171 14 127477 33 127513 14 127820 48 128162 48 128505 46 128847 46 129189 45 129532 44 129875 42 130217 41 130560 29 130591 9 130902 27 130934 7 131245 25 131277 5 131588 22 131620 3 131931 20 132274 17 132617 15 132961 11 133307 3
english_cocker_spaniel_126,49184 3 49681 9 50179 12 50677 15 51175 19 51674 20 52172 23 52670 27 53169 29 53667 33 53745 19 54166 36 54237 32 54664 40 54726 47 54955 4 55162 115 55452 7 55661 119 55950 8 56158 124 56448 10 56655 130 56946 11 57150 136 57444 13 57646 142 57942 15 58142 148 58440 16 58639 153 58938 17 59137 158 59435 19 59633 166 59825 12 59932 22 60130 212 60428 25 60628 217 60923 29 61125 221 61419 32 61623 225 61916 33 62121 228 62414 34 62619 231 62912 35 63117 234 63411 34 63615 237 63911 33 64114 238 64410 33 64613 239 64911 30 65112 241 65411 30 65610 243 65912 28 66109 245 66412 27 66609 245 66913 25 67108 246 67413 24 67607 247 67914 22 68106 249 68414 21 68606 249 68915 20 69105 250 69415 19 69604 251 69916 17 70104 252 70416 17 70603 253 70917 15 71102 254 71417 15 71601 255 71917 14 72101 255 72418 12 72600 256 72919 10 73099 257 73420 7 73599 257 73921 5 74098 258 74598 259 75097 260 75597 260 76096 261 76596 262 77095 263 77595 264 78094 265 78594 265 79094 266 79594 266 80093 267 80593 267 81093 267 81593 268 82093 268 82593 268 83093 268 83593 269 84093 269 84593 269 85093 270 85593 270 86093 270 86593 270 87092 272 87592 272 88092 272 88592 273 89092 273 89592 274 90092 274 90592 275 91092 275 91592 276 92092 277 92592 277 93092 278 93592 278 94092 279 94592 279 95092 280 95592 280 96092 280 96592 281 97093 280 97593 280 98093 280 98594 280 99094 280 99594 281 100095 280 100595 281 101096 280 101596 280 102097 279 102597 280 103098 279 103598 280 104099 279 104599 279 105100 279 105601 278 106101 278 106602 277 107102 277 107603 276 108104 275 108605 274 109105 274 109606 273 110107 272 110608 271 111109 269 111609 269 112110 268 112611 267 113112 266 113613 264 114114 263 114615 262 115117 260 115618 259 116120 257 116621 256 117122 254 117624 252 118125 251 118626 250 119127 248 119629 246 120130 245 120631 244 121133 242 121635 240 122137 238 122639 237 123141 235 123643 233 124145 231 124647 230 125150 228 125653 225 126156 223 126660 220 127163 218 127668 214 128186 198 128689 196 129192 195 129696 192 130224 166 130736 156 131244 150 131753 142 132262 134 132771 127 133305 95 133810 92 134314 89 134817 88 135319 88 135822 86 136325 86 136827 86 137330 85 137832 84 138335 83 138838 81 139341 80 139845 77 140347 77 140851 74 141355 71 141860 68 142363 66 142866 64 143369 62 143871 61 144375 58 144879 55 145385 50 145890 46 146394 42 146898 39 147400 37 147902 36 148404 35 148905 34 149407 33 149908 32 150409 31 150910 31 151411 30 151912 30 152413 29 152914 28 153415 28 153916 27 154417 26 154918 25 155419 24 155920 23 156421 22 156922 20 157424 18 157925 16 158427 13 158929 10 159432 5
Bombay_114,25977 5 26305 8 26633 11 26962 12 27291 13 27620 14 27949 15 28278 15 28607 16 28935 17 29264 17 29593 16 29922 16 30251 16 30579 16 30908 17 31237 17 31566 17 31895 17 32223 19 32552 19 32881 20 33209 21 33538 22 33867 22 34195 24 34524 25 34853 25 35182 26 35511 26 35840 27 36168 29 36496 30 36824 32 37152 34 37479 37 37805 41 38132 44 38460 46 38786 50 39113 53 39436 61 39762 66 40089 70 40415 75 40743 79 41002 11 41070 84 41331 17 41398 87 41661 19 41726 89 41991 22 42053 93 42322 25 42357 119 42653 153 42983 153 43315 151 43646 150 43977 149 44308 148 44639 146 44969 146 45300 144 45630 144 45961 142 46291 142 46621 141 46952 140 47282 139 47612 139 47942 138 48272 138 48603 136 48933 136 49263 135 49593 135 49923 135 50253 134 50583 134 50913 134 51243 133 51573 133 51903 133 52233 132 52563 132 52893 132 53223 132 53553 131 53883 131 54213 131 54543 131 54873 130 55203 130 55533 130 55863 130 56192 130 56522 130 56852 130 57182 130 57511 131 57841 130 58171 130 58500 131 58830 131 59159 132 59488 133 59817 134 60146 135 60475 136 60804 136 61133 137 61462 138 61791 139 62121 26 62154 106 62451 22 62507 83 62781 18 62839 81 63111 13 63170 80 63501 79 63831 79 64162 78 64492 78 64823 77 65153 77 65483 77 65814 76 66144 76 66474 76 66804 76 67134 76 67464 76 67794 75 68124 75 68454 75 68784 75 69114 75 69444 75 69774 75 70104 75 70434 75 70764 75 71094 75 71423 76 71753 75 72083 75 72413 75 72742 76 73072 76 73402 76 73732 76 74061 77 74391 77 74721 77 75050 78 75380 78 75710 78 76039 79 76369 79 76699 78 77028 79 77358 79 77688 79 78018 79 78347 80 78677 80 79007 80 79337 80 79667 80 79996 81 80326 81 80656 81 80986 81 81316 81 81646 81 81976 80 82306 80 82635 81 82965 81 83295 81 83625 81 83955 81 84285 81 84615 81 84945 81 85275 81 85605 80 85935 80 86265 80 86595 80 86925 80 87254 81 87584 81 87914 81 88244 81 88574 80 88903 81 89233 81 89563 81 89893 81 90223 81 90553 81 90882 82 91212 82 91542 82 91872 82 92202 81 92532 81 92862 81 93192 81 93521 82 93851 82 94181 82 94511 82 94841 82 95171 82 95501 82 95832 81 96162 81 96492 81 96822 81 97152 81 97482 81 97812 81 98142 81 98472 81 98803 80 99133 80 99463 80 99793 80 100123 81 100453 81 100784 80 101114 80 101444 80 101774 80 102104 80 102435 79 102765 80 103095 80 103425 80 103756 79 104086 79 104416 79 104747 78 105077 78 105407 78 105738 77 106068 77 106399 76 106730 75 107060 75 107391 74 107722 73 108053 72 108384 71 108715 70 109047 68 109378 67 109709 66 110041 64 110372 63 110704 61 111035 60 111367 58 111699 56 112030 54 112361 53 112692 52 113023 50 113354 49 113685 47 114016 45 114347 42 114678 39 115009 34 115340 30 115671 27 116001 25 116332 22 116663 19 116994 17 117324 14 117655 12 117985 10 118316 9 118646 9 118977 7 119307 7 119637 7 119967 7 120297 8 120628 7 120958 7 121288 8 121618 8 121948 9 122278 9 122608 10 122939 9 123269 9 123599 10 123929 10 124259 11 124589 11 124920 10 125250 10 125580 11 125910 11 126240 11 126571 10 126901 11 127231 11 127561 11 127891 11 128222 10 128552 10 128882 11 129212 11 129542 11 129872 11 130202 11 130533 10 130863 10 131193 10 131523 10 131853 10 132183 10 132513 10 132843 10 133173 10 133503 10 133834 9 134164 9 134494 9 134824 9 135154 9 135484 9 135814 9 136144 9 136474 9 136804 9 137134 9 137464 9 137794 9 138124 9 138454 9 138784 9 139114 9 139444 9 139774 9 140104 8 140434 8 140764 8 141094 8 141423 9 141753 8 142083 8 142413 8 142743 8 143072 9 143402 8 143732 8 144062 8 144392 8 144721 8 145051 8 145381 8 145710 9 146040 8 146370 8 146699 9 147029 8 147359 8 147688 9 148018 8 148348 8 148677 8 149007 8 149336 8 149666 8 149995 9 150325 8 150655 8 150984 8 151314 7 151643 8 151973 7 152302 7 152632 6 152961 6 153290 6 153620 5 153949 4 154280 1
Siamese_153,50469 11 50798 18 51041 9 51129 22 51372 15 51461 26 51704 24 51793 29 52035 27 52125 33 52367 28 52457 36 52699 30 52789 40 53031 31 53121 44 53362 33 53453 47 53694 34 53785 50 54027 34 54117 53 54359 35 54450 55 54692 34 54782 58 54998 5 55026 32 55114 60 55331 8 55375 14 55447 62 55665 8 55713 5 55779 65 55999 8 56111 67 56333 7 56443 69 56669 3 56775 71 57107 73 57438 77 57770 79 58101 82 58431 85 58762 88 59093 91 59424 93 59755 96 60087 98 60418 100 60749 103 61080 106 61411 108 61742 111 62073 114 62404 117 62735 120 63066 123 63398 125 63730 127 64062 130 64394 135 64726 143 65058 150 65215 8 65390 168 65722 170 66053 173 66385 175 66717 176 67049 178 67382 178 67714 179 68046 180 68378 181 68710 182 69043 182 69375 182 69707 183 70040 182 70372 151 70534 20 70705 147 70871 14 71037 146 71208 6 71370 145 71702 145 72035 144 72368 144 72700 145 73033 144 73366 144 73699 144 74031 145 74364 145 74697 144 75030 144 75363 144 75696 144 76028 146 76361 146 76694 146 77027 146 77360 146 77693 146 78026 147 78359 147 78692 147 79025 147 79358 147 79691 147 80024 148 80357 148 80690 148 81023 148 81356 148 81689 148 82022 149 82355 149 82687 150 83020 151 83352 152 83685 152 84017 43 84066 104 84349 42 84401 102 84639 12 84680 43 84735 102 84968 20 85011 45 85069 101 85300 36 85337 51 85403 100 85632 88 85737 99 85965 87 86071 98 86299 86 86405 96 86632 86 86738 96 86966 84 87072 94 87301 82 87405 94 87635 82 87739 93 87969 81 88073 93 88304 79 88406 94 88638 79 88739 95 88973 77 89073 95 89307 76 89406 96 89643 74 89740 96 89978 73 90073 98 90312 72 90407 100 90647 70 90740 104 90981 70 91074 108 91315 69 91407 110 91649 69 91740 114 91983 68 92074 114 92317 68 92407 115 92650 68 92741 115 92984 68 93074 116 93317 68 93407 117 93651 68 93741 116 93984 68 94074 117 94318 68 94407 117 94651 68 94741 116 94984 69 95074 117 95317 69 95408 116 95651 69 95742 115 95984 69 96076 114 96317 69 96412 63 96490 34 96650 70 96748 58 96826 31 96983 70 97083 53 97161 29 97316 71 97418 48 97495 29 97649 71 97752 46 97830 27 97982 72 98086 43 98164 26 98315 72 98420 40 98499 24 98648 72 98754 38 98834 22 98981 73 99087 36 99170 18 99314 73 99421 34 99507 13 99647 73 99754 32 99981 72 100087 30 100314 72 100420 28 100647 72 100753 26 100979 74 101086 24 101312 74 101418 23 101645 74 101751 21 101978 74 102083 20 102311 74 102415 19 102643 75 102748 16 102976 75 103080 15 103309 75 103412 14 103641 76 103745 9 103974 75 104078 5 104307 75 104412 1 104639 76 104971 77 105304 76 105636 77 105968 77 106300 78 106632 78 106964 68 107038 4 107296 65 107628 63 107960 63 108292 61 108624 59 108956 57 109288 54 109621 40 109953 37 110285 36 110617 35 110950 32 111282 30 111615 28 111948 25 112281 22 112615 17 112949 11
english_cocker_spaniel_9,12613 3 12652 14 13102 31 13140 30 13600 73 14098 76 14348 20 14596 80 14839 36 15094 83 15334 50 15593 85 15830 61 16092 87 16326 71 16591 89 16755 5 16822 86 17090 91 17252 19 17318 97 17588 94 17750 28 17812 108 18087 95 18248 41 18298 126 18586 97 18746 183 19085 99 19244 189 19584 101 19742 194 20083 103 20240 200 20484 12 20582 105 20738 210 20978 19 21081 106 21236 261 21580 108 21734 264 22079 110 22233 265 22578 112 22731 267 23077 114 23230 269 23576 116 23730 269 24076 116 24229 270 24575 118 24728 272 25074 120 25226 275 25573 122 25725 276 26072 124 26224 277 26571 126 26722 279 27069 129 27220 281 27567 132 27718 283 28065 136 28217 284 28564 140 28715 286 29062 439 29560 441 30058 443 30557 444 31055 446 31554 447 32053 448 32551 450 33050 451 33549 452 34048 453 34546 455 35045 456 35544 457 36042 459 36541 460 37039 462 37538 463 38037 464 38536 176 38713 288 39035 174 39218 283 39534 174 39726 275 40033 174 40232 269 40533 173 40735 266 41032 173 41238 263 41532 173 41741 260 42031 173 42243 258 42531 173 42747 9 42768 233 43031 172 43270 231 43530 173 43772 229 44030 173 44274 227 44530 173 44775 226 45029 174 45277 223 45529 174 45779 221 46029 174 46281 219 46529 174 46782 217 47029 174 47284 215 47528 175 47785 213 48028 176 48287 211 48528 176 48788 209 49028 177 49290 207 49527 178 49791 205 50027 179 50293 203 50527 179 50794 201 51026 181 51295 200 51526 181 51796 198 52026 182 52297 197 52525 183 52798 195 53025 184 53299 194 53525 184 53800 192 54024 185 54300 192 54524 185 54801 191 55024 186 55302 190 55524 186 55801 191 56023 188 56301 191 56523 190 56801 191 57023 191 57300 192 57523 193 57800 193 58023 197 58267 6 58298 196 58522 201 58763 16 58796 199 59022 205 59229 8 59260 25 59293 202 59522 220 59748 8 59757 239 60022 474 60522 333 60857 140 61022 329 61363 135 61522 327 61867 131 62022 326 62371 128 62522 326 62874 126 63022 326 63375 126 63522 326 63875 126 64022 326 64376 125 64522 327 64876 125 65023 327 65375 126 65523 329 65875 126 66023 332 66373 128 66523 338 66869 132 67024 477 67524 477 68024 477 68524 477 69024 477 69524 477 70024 477 70525 476 71025 476 71525 476 72025 476 72526 475 73026 475 73526 475 74027 474 74527 474 75027 474 75527 473 76028 472 76529 470 77029 470 77529 470 78030 469 78530 470 79031 469 79531 470 80031 470 80532 469 81032 469 81533 468 82033 468 82534 467 83035 466 83536 465 84038 463 84539 462 85041 460 85542 392 85939 62 86044 391 86444 57 86546 390 86947 54 87047 390 87449 52 87549 388 87952 49 88051 388 88454 47 88552 387 88957 44 89054 386 89459 42 89555 146 89710 230 89961 40 90057 142 90213 227 90463 38 90558 140 90715 225 90965 36 91059 138 91217 223 91467 34 91560 136 91718 222 91969 32 92062 133 92220 219 92470 31 92563 132 92722 215 92971 30 93065 130 93223 213 93473 28 93567 127 93725 210 93974 27 94068 126 94226 209 94476 25 94570 124 94727 209 94977 24 95072 122 95228 208 95478 23 95574 119 95729 207 95980 21 96076 117 96231 206 96481 20 96578 115 96732 205 96982 19 97081 12 97105 88 97233 205 97483 18 97610 83 97734 205 97983 18 98118 74 98235 205 98484 17 98625 67 98736 205 98985 16 99135 57 99237 204 99486 15 99639 53 99738 204 99987 13 100142 49 100239 205 100488 12 100644 47 100740 205 100989 10 101146 45 101242 204 101490 7 101648 42 101743 204 101991 5 102150 40 102244 205 102652 37 102745 205 103153 36 103246 205 103656 32 103747 206 104158 29 104248 206 104662 23 104750 206 105166 18 105251 207 105669 11 105752 208 106254 210 106755 219 107256 219 107757 220 108259 219 108760 219 109261 219 109762 219 110263 219 110764 219 111265 218 111766 218 112267 218 112768 218 113269 217 113770 217 114272 215 114773 215 115274 214 115775 214 116276 213 116777 213 117278 212 117779 212 118280 212 118782 210 119283 210 119785 208 120286 208 120788 206 121290 205 121793 203 122296 200 122799 197 123302 195 123806 191 124308 190 124811 188 125313 186 125815 185 126316 184 126818 183 127320 181 127821 180 128323 178 128824 177 129326 175 129827 174 130328 173 130830 171 131331 170 131833 168 132334 167 132836 165 133337 164 133838 163 134340 161 134841 160 135343 158 135844 157 136344 157 136845 156 137346 155 137846 155 138347 154 138847 154 139348 153 139849 152 140349 152 140849 152 141350 151 141850 151 142351 150 142852 149 143352 149 143853 148 144354 147 144854 147 145355 146 145856 145 146357 144 146858 143 147360 141 147861 139 148363 136 148864 135 149365 133 149867 130 150368 129 150869 127 151370 125 151871 123 152373 121 152874 119 153375 117 153876 116 154378 113 154880 110 155381 109 155883 106 156385 103 156887 100 157390 95 157893 91 158395 87 158900 80 159407 70 159925 50 160437 35 160944 25
wheaten_terrier_191,23326 3 23653 9 23981 13 24310 16 24638 19 24967 22 25295 25 25624 26 25953 29 26282 31 26611 33 26939 36 27268 39 27325 11 27597 41 27651 17 27927 72 28256 74 28585 76 28914 77 29243 78 29573 78 29902 79 30231 79 30561 79 30890 80 31219 81 31549 80 31878 81 32208 81 32537 81 32867 81 33196 81 33526 81 33855 81 34093 8 34185 81 34414 18 34514 81 34742 21 34843 81 35070 24 35173 81 35400 24 35502 81 35729 25 35832 81 36058 26 36161 81 36387 28 36491 81 36717 28 36820 81 37046 29 37149 81 37376 28 37479 81 37705 29 37808 81 38035 29 38138 80 38364 30 38467 81 38694 30 38797 80 39024 29 39126 80 39353 30 39456 79 39683 30 39785 80 40013 30 40114 80 40342 30 40444 80 40672 30 40773 80 41002 30 41103 79 41332 30 41432 80 41661 30 41761 80 41991 30 42091 80 42321 30 42420 81 42651 30 42750 80 42980 31 43079 81 43310 31 43408 81 43639 32 43738 81 43969 31 44067 82 44299 31 44397 81 44628 32 44726 82 44958 32 45056 82 45288 32 45385 83 45617 33 45714 83 45947 33 46044 83 46276 34 46373 84 46606 34 46703 83 46936 34 47032 84 47265 35 47361 85 47595 35 47691 84 47925 36 48020 85 48255 36 48350 84 48584 37 48679 85 48914 37 49008 85 49244 37 49337 86 49574 37 49666 86 49903 39 49996 85 50233 39 50325 85 50563 39 50654 86 50893 39 50983 86 51222 41 51313 85 51552 41 51642 85 51882 41 51971 85 52211 42 52300 86 52541 42 52629 86 52871 42 52959 85 53201 42 53288 85 53530 43 53617 85 53860 43 53946 85 54189 44 54275 86 54519 44 54604 86 54848 45 54934 85 55178 46 55263 85 55507 47 55592 86 55837 47 55921 86 56166 48 56250 86 56496 48 56579 87 56825 49 56909 86 57155 49 57238 87 57484 50 57567 87 57814 50 57896 88 58143 51 58226 88 58473 51 58555 88 58802 52 58885 88 59131 53 59214 88 59461 53 59544 88 59790 54 59873 89 60120 54 60203 89 60449 55 60533 88 60779 55 60862 89 61108 57 61192 89 61438 57 61521 90 61767 58 61851 89 62097 58 62181 89 62427 58 62510 90 62756 59 62840 90 63086 59 63169 91 63415 60 63499 90 63745 60 63829 90 64074 61 64158 91 64403 62 64488 91 64733 62 64817 92 65062 63 65147 92 65392 63 65477 92 65721 64 65806 92 66050 65 66136 92 66380 65 66466 92 66709 66 66796 92 67038 67 67126 92 67368 67 67455 93 67697 68 67785 93 68027 68 68115 92 68356 69 68445 92 68685 70 68775 92 69015 70 69104 93 69344 71 69434 93 69674 71 69764 93 70003 72 70094 93 70332 73 70423 94 70662 73 70753 94 70991 74 71082 95 71321 75 71412 95 71650 76 71741 96 71980 76 72071 95 72309 78 72400 96 72639 78 72729 97 72968 80 73059 97 73298 80 73387 99 73627 82 73716 100 73957 85 74044 102 74286 190 74616 190 74946 190 75275 191 75605 191 75935 191 76264 192 76594 192 76924 191 77254 191 77584 191 77914 191 78243 192 78573 192 78903 191 79233 191 79563 191 79893 191 80223 191 80553 191 80883 191 81213 191 81543 190 81873 190 82203 190 82533 190 82863 190 83192 191 83522 191 83852 191 84182 191 84512 191 84842 191 85172 190 85502 190 85832 190 86162 190 86492 190 86822 190 87152 189 87482 189 87812 189 88142 189 88472 188 88802 188 89132 188 89463 187 89793 186 90123 186 90453 185 90784 184 91114 184 91445 182 91775 182 92105 181 92436 180 92766 180 93097 179 93427 179 93758 177 94088 177 94419 176 94749 176 95080 175 95410 175 95741 175 96071 175 96402 174 96733 173 97063 174 97394 173 97725 173 98056 173 98387 173 98575 23 98718 172 98902 30 99049 174 99228 37 99380 217 99711 219 100043 219 100374 220 100705 220 101036 220 101367 220 101698 220 102029 219 102360 219 102691 219 103022 218 103353 218 103684 217 104015 217 104347 216 104678 216 105009 216 105341 215 105672 215 106003 215 106335 214 106666 214 106998 213 107330 213 107661 212 107993 211 108326 209 108658 208 108990 207 109324 204 109658 200 109993 196 110326 193 110659 191 110991 190 111324 187 111656 186 111989 184 112321 182 112654 180 112986 179 113318 177 113651 175 113983 173 114315 172 114647 170 114978 170 115309 169 115640 169 115971 168 116302 167 116634 165 116965 165 117296 164 117628 162 117959 160 118291 158 118622 156 118953 155 119285 152 119616 150 119947 147 120278 145 120608 144 120939 142 121270 140 121601 138 121931 137 122262 135 122592 134 122923 131 123253 130 123583 129 123914 127 124244 126 124575 125 124905 124 125236 122 125566 122 125897 120 126227 120 126558 118 126889 117 127219 117 127550 115 127880 115 128211 114 128541 114 128872 113 129203 111 129533 111 129864 110 130194 110 130525 109 130856 108 131186 108 131517 107 131848 107 132178 107 132509 106 132840 105 133170 105 133501 105 133832 104 134162 104 134493 104 134824 103 135155 102 135486 101 135817 101 136148 100 136479 99 136810 98 137141 98 137472 97 137804 95 138135 94 138466 93 138798 91 139129 90 139461 88 139792 87 140123 86 140455 84 140786 83 141118 81 141450 79 141781 78 142114 75 142448 71 142780 69 143113 66 143445 63 143777 61 144109 59 144441 57 144774 53 145109 48 145443 43 145776 39 146111 33 146443 30 146777 25 147109 21 147441 17 147775 11 148111 2
Persian_221,128 77 335 101 557 108 775 117 997 120 1218 125 1440 129 1663 132 1886 135 2110 136 2335 137 2559 139 2783 141 3008 141 3231 143 3454 145 3677 147 3901 148 4126 148 4351 148 4576 148 4801 148 5000 7 5008 1 5026 148 5223 13 5250 150 5448 14 5475 150 5672 16 5700 150 5896 18 5924 152 6119 22 6147 154 6344 182 6568 183 6793 183 7017 184 7242 184 7467 184 7693 183 7918 183 8144 182 8369 182 8595 181 8821 180 9047 179 9273 178 9498 178 9724 177 9949 177 10176 175 10401 175 10626 175 10851 13 10869 157 11076 13 11096 155 11301 13 11322 154 11526 12 11547 154 11751 12 11772 154 11975 14 11997 154 12200 14 12222 154 12425 14 12446 155 12650 13 12671 155 12875 13 12896 155 13101 12 13121 155 13326 11 13346 155 13552 7 13572 154 13777 7 13796 155 14005 1 14022 154 14247 154 14472 154 14696 155 14921 155 15146 155 15371 155 15596 155 15822 154 16047 154 16272 154 16498 153 16723 153 16949 152 17174 152 17399 152 17624 152 17850 151 18075 151 18300 151 18525 151 18749 152 18973 153 19197 154 19421 155 19643 158 19866 160 20088 163 20281 195 20499 202 20720 206 20942 209 21163 213 21386 215 21610 216 21834 217 22058 218 22283 218 22508 218 22732 219 22957 219 23183 218 23408 218 23633 218 23858 218 24084 217 24310 216 24535 216 24762 214 24988 213 25214 212 25440 211 25666 210 25892 209 26118 208 26344 207 26570 206 26796 205 27023 203 27250 201 27476 200 27704 197 27930 196 28157 194 28383 193 28610 191 28836 190 29063 188 29289 187 29515 186 29741 185 29967 184 30193 183 30419 182 30645 181 30870 181 31096 180 31322 179 31548 178 31773 178 31999 177 32224 177 32450 176 32675 176 32900 176 33126 175 33351 175 33576 175 33802 174 34027 174 34252 174 34477 174 34703 173 34928 173 35153 173 35379 172 35604 172 35830 171 36055 171 36281 170 36506 170 36731 170 36957 169 37182 169 37408 168 37633 168 37859 167 38085 166 38310 166 38535 166 38761 165 38986 165 39211 165 39437 164 39662 164 39887 164 40112 164 40337 164 40562 164 40787 164 41012 164 41237 164 41462 164 41687 164 41913 163 42138 163 42363 163 42588 163 42813 163 43038 163 43263 163 43488 163 43713 163 43939 162 44164 162 44389 162 44614 162 44839 162 45064 162 45289 162 45513 163 45738 163 45963 163 46188 163 46413 163 46637 164 46862 164 47087 164 47311 165 47536 165 47761 165 47985 166 48210 166 48434 167 48659 167 48883 168 49108 168 49332 169 49557 169 49781 170 50005 171 50230 171 50454 172 50679 172 50903 146 51057 19 51128 49 51187 84 51286 15 51352 46 51416 77 51513 13 51577 44 51643 72 51740 11 51801 43 51870 67 51968 8 52026 41 52097 62 52195 5 52250 40 52323 59 52475 39 52549 56 52699 38 52776 52 52924 37 53002 49 53149 35 53228 46 53373 34 53455 41 53598 33 53681 37 53823 31 53909 29 54047 30 54139 17 54272 28 54497 26 54722 24 54947 22 55172 20 55397 18 55622 16 55848 13 56074 10 56300 5
yorkshire_terrier_84,92081 8 92452 21 92824 30 93198 34 93571 39 93823 18 93944 56 94189 32 94318 62 94558 48 94692 70 94929 57 95065 79 95171 10 95302 62 95439 85 95538 19 95675 84 95812 121 96048 91 96186 122 96422 94 96559 125 96795 100 96932 127 97169 103 97305 129 97543 106 97678 14 97697 112 97917 110 98050 16 98075 109 98290 116 98424 16 98452 107 98664 121 98794 20 98828 106 99037 151 99205 103 99411 152 99581 101 99784 153 99958 99 100158 154 100335 94 100531 155 100712 89 100905 155 101093 80 101278 157 101470 76 101652 157 101847 71 102025 159 102223 67 102399 160 102599 64 102773 161 102974 62 103146 163 103350 59 103520 164 103725 57 103894 166 104101 55 104267 169 104476 54 104641 172 104852 52 105014 176 105227 51 105387 182 105603 49 105761 186 105979 47 106135 188 106354 46 106508 191 106730 44 106882 193 107105 44 107255 195 107481 42 107628 198 107857 40 108001 200 108232 40 108376 201 108607 39 108751 202 108983 38 109126 202 109358 38 109501 202 109733 38 109876 203 110108 37 110251 203 110483 37 110626 204 110857 38 111001 204 111229 40 111376 205 111602 42 111751 205 111975 44 112126 206 112349 45 112502 206 112723 46 112879 205 113096 48 113256 204 113470 49 113633 203 113844 50 114010 203 114217 52 114387 257 114764 255 115141 253 115518 251 115895 250 116272 248 116649 247 117026 245 117402 245 117778 245 118155 243 118531 244 118908 243 119285 243 119661 244 120038 243 120414 244 120790 246 121167 246 121543 249 121919 251 122295 253 122671 254 123048 254 123424 255 123800 256 124176 258 124551 260 124927 260 125302 261 125678 261 126053 261 126428 260 126803 260 127178 259 127553 259 127928 258 128303 257 128677 258 129052 257 129426 132 129567 116 129801 129 129945 112 130175 128 130323 108 130550 126 130701 105 130924 126 131078 101 131298 125 131466 27 131494 1 131496 2 131503 21 131532 21 131671 126 131910 16 132045 125 132289 9 132417 126 132791 126 133165 125 133538 125 133912 125 134286 124 134660 124 135034 123 135409 122 135783 121 136157 120 136531 120 136906 118 137280 116 137655 114 138029 112 138404 110 138778 108 139153 105 139528 103 139903 101 140277 100 140652 99 141027 97 141401 97 141776 96 142151 95 142526 93 142900 92 143275 90 143650 88 144025 86 144400 85 144774 84 145149 82 145524 80 145899 78 146274 77 146650 74 147027 71 147408 63 147809 35 148193 24 148575 15
Egyptian_Mau_48,29617 8 30116 12 30615 16 31115 19 31616 21 32116 23 32616 26 33116 29 33617 32 34117 35 34618 38 35118 41 35618 44 36119 45 36619 47 37120 49 37620 50 38121 51 38622 51 39122 52 39623 53 40123 55 40623 57 41124 57 41624 60 42125 64 42625 67 43125 69 43626 70 44126 71 44626 73 45126 74 45627 74 46127 75 46628 76 47128 77 47628 80 47738 18 48129 82 48229 35 48629 139 49129 143 49629 146 50129 148 50629 151 51129 153 51629 155 52129 158 52629 160 53129 162 53629 164 54129 166 54629 168 55129 170 55629 172 56129 173 56628 176 57128 177 57628 178 58128 179 58627 181 59127 183 59627 185 60127 186 60627 187 61126 192 61626 196 62126 198 62626 201 63126 202 63626 203 64126 203 64625 205 65126 204 65625 206 66125 206 66625 206 67125 207 67625 207 68125 207 68625 208 69125 208 69625 208 70125 209 70625 209 71125 210 71625 210 72125 211 72625 212 73125 212 73625 213 74125 214 74625 215 75125 215 75624 217 76124 217 76623 219 77122 220 77422 2 77621 221 77916 10 78120 223 78409 18 78619 224 78905 22 79118 226 79400 27 79617 50 79671 173 79895 33 80115 51 80173 172 80391 37 80613 52 80673 172 80888 41 81111 53 81174 172 81384 46 81609 54 81674 173 81877 53 82108 54 82175 173 82373 58 82606 56 82675 174 82869 62 83105 57 83175 175 83365 67 83603 58 83675 179 83860 72 84102 59 84175 257 84601 60 84675 257 85100 60 85175 257 85599 60 85675 256 86098 60 86175 256 86598 52 86654 2 86675 256 87097 52 87176 255 87597 50 87676 254 88097 49 88176 254 88597 48 88677 252 89097 47 89178 250 89597 46 89679 249 90098 44 90180 247 90598 43 90682 244 91099 41 91183 243 91600 39 91684 241 92102 36 92185 240 92603 34 92686 238 93106 29 93188 236 93609 22 93689 235 94191 232 94693 230 95194 229 95696 227 96197 226 96698 225 97200 223 97701 222 98202 222 98704 220 99205 219 99706 218 100207 217 100708 216 101209 215 101710 214 102211 213 102712 212 103213 211 103714 210 104215 209 104716 208 105217 208 105718 207 106218 207 106719 206 107220 205 107720 205 108220 205 108721 204 109221 204 109721 204 110222 203 110722 203 111222 203 111722 203 112222 203 112722 203 113223 202 113723 202 114223 202 114723 202 115223 202 115724 201 116224 201 116724 201 117225 200 117725 200 118226 199 118726 199 119227 198 119728 197 120229 196 120729 196 121230 195 121731 194 122232 193 122733 192 123234 191 123734 191 124235 190 124736 189 125237 189 125738 188 126239 187 126740 186 127241 185 127743 183 128244 182 128745 181 129246 180 129747 179 130249 177 130750 177 131251 176 131753 174 132254 173 132755 172 133257 170 133758 169 134260 167 134761 166 135263 164 135765 163 136267 161 136769 159 137271 157 137773 155 138275 153 138777 151 139280 148 139782 146 140285 143 140788 140 141292 136 141795 133 142299 129 142803 125 143307 121 143813 115 144318 109 144822 105 145326 101 145828 99 146331 95 146833 93 147335 91 147838 88 148340 85 148842 82 149344 79 149847 75 150350 71 150856 64 151363 55 151870 45 152377 36 152882 28 153386 22 153889 17 154394 9
english_cocker_spaniel_167,53950 8 54323 11 54697 13 55071 14 55445 15 55820 15 56194 16 56568 16 56943 16 57317 17 57692 17 58066 18 58440 19 58815 19 59189 20 59564 20 59938 21 60313 21 60687 22 61061 22 61435 23 61809 24 62183 26 62557 27 62931 28 63305 29 63678 31 64051 33 64425 34 64739 3 64797 37 65110 10 65170 40 65481 16 65509 5 65543 42 65853 21 65880 12 65915 45 66224 27 66253 19 66287 48 66596 57 66655 56 66969 117 67343 118 67715 122 68088 124 68457 130 68796 7 68826 137 69169 9 69198 140 69542 11 69572 141 69794 6 69915 13 69946 143 70166 13 70288 14 70321 143 70538 19 70662 15 70695 144 70911 23 71035 17 71069 145 71284 29 71409 17 71444 145 71657 34 71782 19 71819 146 72030 38 72156 20 72193 147 72404 42 72530 20 72568 147 72778 46 72903 22 72942 148 73152 49 73278 21 73317 149 73526 52 73652 21 73691 150 73900 55 74027 21 74066 150 74274 57 74402 20 74440 151 74648 60 74777 19 74815 151 75022 62 75152 17 75189 153 75396 64 75528 15 75564 153 75771 65 75905 11 75939 153 76145 67 76313 154 76520 68 76688 154 76894 71 77063 155 77269 73 77438 155 77643 76 77813 155 78018 79 78188 155 78393 82 78563 156 78767 85 78938 156 79142 88 79313 156 79517 92 79688 156 79892 100 80063 157 80266 109 80385 1 80439 156 80641 125 80814 156 81016 129 81189 156 81391 133 81564 156 81766 139 81939 156 82141 144 82314 156 82515 149 82689 156 82890 152 83064 156 83265 155 83439 156 83639 159 83814 156 84014 160 84189 156 84389 160 84564 156 84763 162 84939 156 85137 163 85314 156 85512 164 85690 155 85887 164 86065 155 86261 166 86440 155 86636 167 86814 156 87011 168 87185 161 87385 336 87760 336 88135 336 88510 336 88885 336 89260 337 89635 337 90010 337 90385 338 90760 338 91136 338 91511 338 91887 337 92262 338 92638 337 93015 336 93392 335 93768 335 94145 333 94521 333 94898 333 95274 332 95651 331 96027 332 96405 329 96782 328 97160 326 97539 323 97917 321 98298 316 98678 312 99056 310 99436 31 99468 274 99817 23 99845 273 100201 12 100221 273 100579 5 100597 273 100973 272 101349 272 101724 273 102100 273 102476 272 102851 273 103227 273 103603 272 103978 273 104354 272 104729 272 105104 272 105480 271 105855 271 106231 270 106606 270 106981 270 107357 269 107732 269 108107 269 108483 268 108858 268 109233 268 109609 267 109984 267 110359 267 110735 266 111110 265 111485 265 111861 263 112236 263 112611 23 112655 218 112987 13 113037 210 113362 9 113413 209 113739 5 113789 208 114165 206 114541 205 114916 204 115291 203 115666 202 116041 200 116416 199 116791 196 117166 197 117540 199 117915 200 118256 16 118289 201 118626 31 118662 203 118999 234 119236 4 119373 234 119746 235 120121 235 120361 4 120495 236 120735 7 120870 236 121109 8 121245 236 121483 10 121620 248 121995 247 122370 247 122745 247 123121 246 123496 246 123872 85 123958 159 124247 84 124338 154 124623 83 124716 150 124999 84 125092 7 125100 141 125375 89 125478 138 125751 91 125854 136 126127 91 126229 135 126503 93 126602 136 126879 234 127256 231 127632 229 128009 226 128387 222 128764 220 129142 216 129519 213 129897 209 130275 204 130654 199 131032 195 131411 190 131789 163 131960 13 132167 152 132548 139 132926 133 133305 122 133685 110 134064 104 134445 95 134828 85 135209 76 135591 67 135970 60 136348 55 136727 49 137105 43 137484 35 137871 15
great_pyrenees_93,39440 3 39938 6 40436 8 40935 9 41434 10 41932 12 42431 13 42930 14 43429 15 43927 16 44426 17 44925 18 45423 19 45921 20 46420 21 46918 22 47416 23 47913 26 48410 28 48907 31 49404 33 49899 38 50394 43 50887 49 51374 62 51866 69 52360 75 52853 82 53346 88 53840 94 54334 99 54830 103 55326 106 55822 110 56318 113 56814 116 57311 118 57807 121 58303 124 58744 7 58798 128 59237 29 59292 132 59731 48 59782 141 60220 203 60713 209 61208 214 61704 217 62201 220 62698 223 63196 225 63693 228 64190 232 64688 234 65187 236 65685 238 66184 239 66683 241 67182 242 67680 245 68177 249 68615 14 68665 263 69114 20 69149 281 69613 319 70111 323 70610 325 71109 328 71608 331 72107 334 72606 337 73104 340 73603 342 74101 345 74598 348 75095 352 75593 354 76091 356 76589 359 77086 362 77584 364 78082 365 78579 368 79077 370 79576 371 80075 372 80574 373 81073 374 81572 375 82071 376 82571 376 83070 376 83570 376 84069 377 84568 378 85068 378 85567 379 86067 379 86567 379 87066 380 87566 380 88066 380 88565 381 89065 381 89564 381 90064 381 90563 382 91063 382 91563 382 92062 383 92562 383 93062 383 93561 384 94061 384 94561 384 95061 385 95561 385 96061 385 96561 385 97061 386 97561 386 98061 386 98561 386 99061 386 99561 386 100061 386 100562 385 101062 385 101562 386 102062 386 102562 386 103063 385 103563 385 104063 385 104563 385 105063 385 105563 385 106063 385 106563 385 107064 384 107564 384 108064 384 108564 384 109064 384 109564 384 110064 384 110563 386 111063 386 111563 386 112063 385 112563 385 113063 385 113563 385 114063 384 114563 384 115064 382 115564 382 116064 382 116564 381 117064 381 117564 278 117855 89 118064 275 118358 86 118564 273 118862 81 119064 273 119365 77 119564 273 119868 73 120065 272 120370 70 120565 272 120875 63 121065 272 121382 53 121565 273 121892 40 122065 273 122400 30 122566 273 122904 24 123066 273 123407 18 123567 273 123908 15 124068 274 124411 10 124568 275 125069 275 125570 275 126071 275 126572 276 127073 277 127574 278 128075 280 128576 282 129077 285 129578 291 130079 295 130581 298 131083 303 131586 323 132089 337 132593 343 133096 347 133599 350 134102 353 134604 361 135107 362 135609 362 136112 361 136614 360 137116 359 137618 358 138120 356 138622 354 139123 354 139625 352 140127 350 140628 350 141130 348 141632 346 142134 344 142637 27 142675 303 143139 21 143180 299 143643 11 143683 296 144191 288 144702 277 145210 269 145715 264 146219 260 146722 258 147224 256 147727 253 148229 251 148731 248 149233 246 149735 243 150238 239 150740 235 151243 228 151747 217 152251 203 152754 196 153257 190 153759 186 154261 181 154763 178 155265 174 155768 170 156272 165 156776 159 157281 154 157786 148 158290 143 158796 136 159301 131 159805 126 160309 121 160812 118 161315 114 161817 112 162320 109 162822 106 163325 103 163827 101 164328 99 164830 97 165332 94 165833 93 166333 93
Persian_58,243 62 562 77 891 82 1224 82 1556 84 1888 86 2219 88 2551 89 2883 91 3215 92 3547 93 3879 94 4210 96 4542 97 4874 98 5206 99 5538 100 5870 102 6202 103 6534 104 6866 105 7198 106 7530 107 7861 109 8192 111 8522 114 8853 116 9183 119 9514 121 9844 124 10162 139 10490 144 10812 155 11132 168 11463 170 11793 173 12124 175 12455 177 12787 178 13120 178 13452 179 13785 179 14117 180 14450 180 14783 180 15116 180 15448 182 15781 182 16114 182 16447 182 16780 182 17113 182 17446 182 17779 182 18112 182 18445 182 18778 182 19111 182 19444 182 19777 182 20110 182 20442 183 20775 183 21108 183 21441 183 21774 183 22107 183 22440 183 22773 183 23106 183 23439 183 23772 183 24105 183 24438 183 24771 183 25104 183 25436 184 25769 184 26102 184 26435 184 26768 184 27101 184 27434 184 27767 184 28099 185 28432 185 28765 185 29098 185 29431 185 29764 184 30097 184 30429 185 30762 185 31095 185 31428 185 31761 185 32094 185 32426 186 32759 186 33092 186 33425 186 33758 186 34090 187 34423 187 34756 187 35089 187 35422 187 35754 188 36087 188 36420 188 36753 188 37085 189 37418 189 37751 189 38084 189 38416 190 38749 190 39082 190 39415 190 39748 190 40080 191 40413 191 40746 191 41079 191 41412 191 41745 191 42077 192 42410 192 42743 192 43076 192 43409 192 43742 192 44074 193 44407 193 44740 193 45073 193 45406 193 45738 195 46071 195 46404 195 46737 195 47070 195 47402 196 47735 196 48068 196 48401 196 48734 196 49066 197 49399 197 49732 198 50065 198 50398 198 50730 199 51063 199 51396 199 51729 199 52062 199 52394 200 52727 200 53060 200 53392 201 53725 201 54058 201 54390 202 54723 202 55055 203 55388 203 55721 203 56053 204 56386 204 56718 205 57050 206 57383 206 57715 207 58047 208 58379 209 58711 210 59044 210 59376 211 59708 212 60041 212 60373 213 60705 214 61037 215 61369 216 61701 217 62033 218 62365 219 62697 220 63028 222 63360 223 63691 225 64022 227 64353 229 64684 231 65015 233 65346 235 65677 237 66008 239 66339 241 66670 243 67002 244 67334 245 67666 246 67998 247 68331 247 68664 247 68997 247 69330 247 69663 247 69996 247 70330 246 70663 247 70997 246 71330 246 71664 245 71997 245 72331 244 72664 244 72997 244 73331 243 73664 243 73997 243 74330 244 74664 243 74997 243 75330 243 75663 243 75997 242 76330 242 76663 242 76996 242 77329 242 77663 241 77996 241 78329 241 78662 241 78995 241 79328 240 79661 240 79995 239 80328 239 80661 239 80994 239 81327 239 81660 239 81993 239 82326 240 82659 240 82992 240 83325 240 83658 240 83991 240 84324 240 84658 239 84991 239 85324 239 85657 239 85990 239 86323 239 86656 239 86989 239 87322 239 87655 239 87988 239 88321 239 88654 239 88988 238 89321 238 89654 238 89987 238 90320 238 90653 238 90986 238 91319 238 91651 239 91984 239 92317 239 92650 239 92983 239 93316 238 93649 238 93982 238 94315 238 94648 238 94980 239 95313 239 95646 239 95979 239 96311 240 96644 239 96977 239 97309 240 97642 240 97974 241 98307 241 98640 241 98972 242 99305 242 99638 242 99971 242 100304 242 100637 242 100970 242 101303 241 101638 239 101986 224 102322 221 102659 217 102996 213 103331 211 103668 207 104003 204 104338 202 104674 199 105008 198 105343 196 105677 195 106012 193 106346 192 106681 190 107015 189 107349 188 107684 186 108018 185 108354 182 108689 180 109024 178 109359 176 109694 174 110029 172 110365 169 110699 168 111034 166 111369 164 111704 162 112038 162 112372 161 112707 159 113041 158 113375 157 113709 155 114043 154 114377 153 114712 151 115046 150 115381 148 115715 147 116049 146 116384 144 116718 143 117053 140 117387 139 117722 97 117826 33 118056 93 118162 30 118390 90 118498 27 118725 86 118832 26 119059 83 119167 23 119394 80 119501 22 119729 76 119835 21 120063 74 120170 18 120398 71 120504 17 120734 67 120838 14 121069 64 121173 10 121405 60 121741 56 122078 51 122415 46 122752 40 123090 34 123427 29 123762 25 124098 21 124434 16 124769 11
Persian_68,30266 11 30747 24 31211 53 31696 62 32184 67 32671 73 33159 79 33646 85 34133 91 34620 97 35108 102 35595 108 36028 22 36082 113 36514 35 36569 119 37002 49 37052 129 37490 183 37979 187 38468 190 38957 194 39446 197 39935 201 40424 204 40913 208 41403 211 41892 215 42381 219 42871 222 43361 225 43850 229 44340 231 44830 233 45320 235 45809 237 46299 239 46789 240 47279 242 47768 244 48258 245 48747 247 49237 248 49726 250 50216 251 50706 252 51196 253 51686 254 52175 256 52665 256 53154 258 53644 259 54132 262 54621 264 55109 267 55597 269 56086 271 56574 274 57062 277 57550 280 58039 282 58528 283 59018 284 59508 285 59998 286 60488 287 60979 286 61469 287 61959 288 62450 288 62941 288 63432 288 63922 288 64413 288 64904 288 65395 288 65886 288 66377 288 66868 288 67358 288 67849 288 68340 288 68831 288 69322 288 69813 288 70304 288 70795 288 71286 287 71777 287 72268 287 72759 287 73250 286 73741 286 74231 287 74722 287 75213 287 75704 287 76195 287 76686 287 77176 287 77667 287 78158 287 78649 287 79140 287 79631 287 80122 287 80613 287 81103 288 81594 288 82085 287 82576 287 83067 287 83558 287 84050 285 84541 285 85032 285 85523 284 86014 284 86504 284 86995 284 87486 283 87977 282 88468 282 88959 281 89450 280 89941 280 90432 279 90923 278 91414 278 91906 276 92397 276 92888 275 93379 275 93870 274 94362 273 94853 105 94962 163 95344 105 95454 162 95835 105 95946 160 96326 105 96437 160 96818 104 96927 160 97309 104 97418 160 97800 105 97909 159 98291 105 98399 160 98782 268 99273 267 99764 267 100256 266 100747 265 101238 265 101730 264 102221 263 102712 263 103204 262 103695 262 104187 261 104678 261 105170 261 105662 260 106153 260 106644 260 107136 259 107627 259 108119 258 108610 258 109101 259 109593 258 110084 258 110576 257 111067 257 111559 256 112050 256 112541 257 113032 257 113524 256 114015 256 114506 257 114997 257 115488 257 115980 256 116471 257 116962 257 117454 257 117945 257 118436 257 118927 258 119419 257 119910 258 120401 258 120893 258 121384 258 121875 258 122367 258 122858 258 123349 258 123841 258 124332 258 124823 258 125314 259 125806 258 126297 258 126788 258 127280 258 127771 258 128262 258 128754 257 129245 257 129736 257 130227 257 130719 256 131210 256 131701 256 132193 255 132684 255 133176 254 133667 254 134159 254 134650 254 135142 253 135634 252 136126 251 136618 250 137110 249 137601 249 138094 247 138586 247 139078 246 139570 245 140062 244 140556 241 141051 237 141565 214 142060 210 142555 206 143049 203 143544 199 144038 196 144533 193 145028 189 145523 185 146018 181 146514 176 147008 173 147503 169 147997 166 148491 163 148985 160 149478 158 149971 156 150464 154 150956 153 151449 151 151941 150 152433 149 152926 147 153418 146 153910 145 154402 144 154893 144 155385 143 155877 142 156369 141 156861 141 157353 140 157844 140 158336 140 158828 139 159319 139 159811 139 160302 139 160794 139 161286 138 161777 139 162269 139 162761 139 163252 140 163744 140 164236 140 164727 140 165219 140 165711 140 166203 139 166695 139 167187 138 167679 137 168171 136 168663 135 169155 135 169647 134 170140 132 170632 131 171124 130 171616 129 172109 126 172601 125 173093 124 173586 122 174078 121 174570 120 175063 118 175555 117 176048 115 176540 114 177032 113 177525 110 178017 109 178509 108 179001 107 179493 106 179985 105 180476 105 180968 104 181460 103 181952 101 182444 100 182935 100 183427 98 183919 96 184411 95 184903 93 185395 91 185887 90 186378 89 186870 87 187362 85 187855 82 188347 80 188839 78 189331 76 189823 74 190315 72 190807 70 191300 67 191792 65 192284 62 192776 60 193269 57 193761 54 194254 50 194746 48 195239 44 195731 42 196224 39 196718 34 197211 31 197705 26 198198 22 198691 18 199185 12 199682 1
Siamese_143,5947 12 6318 18 6688 24 7059 28 7432 31 7806 32 8179 34 8552 35 8927 35 9301 36 9676 35 10052 34 10427 33 10802 33 11178 31 11554 30 11929 29 12304 29 12680 27 13055 26 13430 26 13806 24 14181 24 14556 23 14931 22 15306 22 15681 21 16056 20 16431 20 16807 18 17182 17 17558 15 17933 15 18309 12 18685 10 19060 10 19435 9 19732 27 19809 10 20093 55 20184 9 20461 69 20559 9 20829 82 20931 12 21199 120 21570 124 21943 127 22315 131 22688 134 23060 138 23433 140 23806 143 24179 146 24553 148 24926 151 25300 153 25674 155 26047 158 26421 160 26795 161 27169 163 27543 164 27917 165 28290 167 28664 168 29039 168 29412 170 29786 171 30161 172 30535 173 30909 174 31283 175 31657 176 32032 176 32406 177 32780 178 33155 178 33529 179 33904 180 34278 181 34652 182 35027 182 35401 183 35775 184 36150 184 36524 185 36899 185 37273 186 37647 187 38022 187 38396 188 38771 188 39145 189 39520 189 39894 188 40269 187 40643 188 41018 187 41392 188 41767 188 42141 188 42516 188 42891 188 43265 189 43640 188 44015 188 44389 189 44764 189 45138 190 45513 190 45888 190 46262 191 46637 191 47012 191 47387 191 47761 192 48136 192 48511 192 48886 191 49260 192 49635 192 50010 192 50385 192 50760 192 51135 192 51509 193 51884 193 52259 192 52633 193 53008 193 53383 193 53757 194 54132 194 54507 193 54881 194 55256 194 55630 194 56005 194 56379 194 56753 195 57128 194 57502 195 57876 195 58250 196 58625 195 58999 195 59373 195 59747 196 60121 196 60495 196 60870 196 61244 196 61618 196 61993 195 62367 196 62741 196 63116 195 63490 196 63864 196 64238 197 64611 198 64933 12 64984 199 65305 29 65357 200 65678 38 65726 206 66052 43 66097 209 66426 254 66801 253 67176 252 67551 251 67927 249 68302 247 68678 243 69054 237 69430 233 69806 230 70183 226 70559 224 70935 222 71311 220 71687 219 72063 218 72439 218 72815 219 73191 221 73566 223 73942 224 74317 186 74512 31 74692 183 74892 27 75067 178 75270 24 75442 175 75647 22 75817 173 76024 20 76192 171 76402 14 76567 169 76943 167 77318 166 77693 164 78068 163 78443 161 78818 160 79193 159 79568 157 79943 155 80319 152 80694 149 81069 146 81444 143 81819 141 82195 138 82570 136 82945 135 83320 133 83696 130 84071 129 84446 127 84820 127 85195 126 85570 124 85945 122 86319 120 86692 117 87066 83 87160 21 87440 79 87814 78 88188 77 88562 76 88936 75 89310 73 89684 72 90058 71 90432 69 90806 67 91180 22 91208 38 91554 20 91588 31 91928 19 91966 25 92303 17 92345 19 92678 12 92728 8 93054 5 95572 2 95947 2 96322 3 96696 4 97071 4 97446 4 97821 4 98196 4 98571 4 98946 4 99321 4 99696 3 100071 3 100446 3 100821 3 101196 2 101571 1
British_Shorthair_203,47991 10 48361 15 48733 18 49105 21 49477 24 49849 27 49928 5 50222 29 50302 9 50595 31 50677 10 50968 33 51052 13 51341 35 51427 15 51715 36 51802 17 52089 37 52177 18 52463 38 52553 19 52837 39 52928 21 53210 41 53303 22 53584 42 53678 24 53958 43 54054 25 54332 44 54429 27 54706 45 54804 29 54890 9 55080 46 55179 32 55255 25 55454 47 55555 34 55624 34 55828 48 55930 37 55995 40 56202 49 56305 48 56363 50 56576 50 56681 109 56950 51 57056 113 57324 52 57431 116 57698 53 57806 119 58072 54 58182 122 58446 55 58557 126 58819 57 58932 129 59193 58 59307 133 59567 59 59683 138 59941 60 60058 143 60316 60 60433 146 60690 61 60808 150 61064 62 61183 156 61438 63 61558 205 61812 64 61933 210 62186 65 62308 214 62560 66 62683 217 62934 67 63059 219 63307 69 63434 221 63681 70 63809 222 64055 71 64184 224 64428 73 64559 227 64802 74 64934 231 65173 78 65309 317 65684 317 66059 317 66434 317 66809 317 67184 317 67559 317 67934 317 68309 317 68684 317 69059 317 69434 317 69809 317 70185 316 70560 316 70935 316 71310 316 71685 316 72060 316 72434 317 72809 317 73184 317 73559 317 73934 317 74309 317 74684 317 75059 317 75434 317 75808 318 76183 318 76558 318 76933 318 77308 318 77683 318 78058 318 78433 318 78808 318 79183 318 79558 318 79933 318 80308 318 80683 318 81057 319 81432 319 81807 319 82182 319 82557 319 82932 319 83307 319 83682 319 84057 319 84432 319 84807 319 85182 319 85557 319 85932 319 86308 318 86683 318 87058 318 87433 318 87808 318 88183 318 88558 318 88933 318 89308 318 89683 318 90058 318 90433 318 90808 318 91184 317 91559 317 91934 317 92309 317 92684 317 93059 317 93434 317 93809 317 94184 317 94559 317 94934 317 95309 317 95684 317 96059 317 96434 317 96809 317 97185 316 97560 316 97935 316 98310 316 98685 316 99060 316 99435 316 99810 316 100185 316 100560 316 100935 316 101310 316 101684 317 102059 317 102434 317 102809 317 103184 317 103559 317 103934 317 104309 317 104684 317 105059 317 105434 317 105809 317 106184 317 106559 317 106934 317 107309 317 107684 317 108059 317 108434 317 108809 317 109184 317 109559 317 109934 317 110309 317 110684 317 111059 317 111434 317 111809 317 112184 317 112559 317 112934 317 113309 317 113684 317 114060 316 114435 316 114809 317 115184 317 115559 317 115934 317 116309 317 116684 317 117059 317 117434 317 117809 317 118184 317 118559 317 118933 318 119308 318 119683 318 120057 319 120432 319 120807 319 121181 320 121556 320 121930 321 122305 321 122680 321 123054 322 123429 322 123804 54 123870 256 124178 41 124250 251 124553 37 124628 248 124928 33 125006 245 125303 30 125383 243 125677 29 125761 240 126052 27 126138 238 126427 24 126515 236 126802 22 126892 234 127178 19 127270 231 127553 16 127647 229 127929 12 128025 226 128305 8 128402 224 128778 223 129156 220 129532 219 129909 217 130285 216 130661 215 131037 214 131413 213 131789 212 132164 212 132540 211 132915 211 133290 211 133666 210 134041 210 134416 210 134792 209 135167 209 135542 209 135917 209 136292 207 136667 205 137042 204 137417 203 137792 202 138167 201 138542 200 138917 200 139292 199 139667 199 140042 198 140417 198 140793 196 141168 195 141543 195 141918 195 142293 194 142668 194 143043 193 143418 192 143793 192 144168 191 144543 191 144918 190 145293 189 145668 189 146043 188 146418 188 146793 187 147168 187 147543 187 147919 185 148294 185 148669 184 149044 184 149419 184 149794 183 150170 182 150545 182 150920 181 151295 181 151670 181 152045 181 152421 179 152796 179 153171 179 153546 179 153921 179 154296 178 154672 177 155047 177 155422 177 155797 177 156173 175 156548 175 156923 175 157298 175 157674 174 158049 173 158424 173 158800 172 159175 172 159550 171 159925 171 160301 170 160676 169 161051 169 161426 169 161802 168 162177 167 162552 167 162927 167 163303 166 163678 166 164053 165 164428 165 164804 164 165179 164 165554 164 165929 164 166304 163 166679 163 167054 163 167429 163 167805 161 168180 161 168555 161 168930 161 169305 160 169680 160 170055 160 170430 159 170805 159 171181 158 171556 157 171931 157 172306 157 172681 156 173056 156 173431 156 173806 155 174181 155 174556 154 174931 154 175306 153 175682 152 176057 151 176432 151 176807 150 177182 150 177557 149 177932 149 178307 148 178682 148 179058 147 179433 146 179808 146 180183 145 180558 145 180934 143 181309 143 181684 142 182059 142 182434 141 182809 141 183184 141 183559 141 183934 141 184310 139 184685 139 185060 139 185435 139 185810 139 186185 139 186560 139 186935 138 187310 138
scottish_terrier_62,40189 20 40520 26 40850 32 41182 36 41513 40 41844 44 42176 47 42507 51 42838 54 43170 56 43501 60 43830 65 44161 68 44490 73 44819 78 45150 81 45480 85 45811 87 46142 89 46473 92 46804 94 47136 95 47467 98 47799 99 48129 102 48460 104 48790 107 49119 112 49451 113 49784 113 50117 113 50450 113 50783 113 51116 113 51449 113 51782 113 52115 113 52447 114 52780 114 53113 114 53446 114 53779 114 54112 114 54445 114 54778 114 55111 114 55444 114 55777 114 56109 115 56442 115 56775 115 57108 115 57441 115 57774 115 58107 115 58440 115 58773 115 59105 116 59438 116 59771 116 60104 116 60437 116 60770 116 61103 116 61436 116 61769 116 62102 116 62435 116 62768 116 63101 116 63434 116 63766 117 64099 117 64432 117 64765 117 65098 117 65431 117 65764 117 66097 117 66430 117 66763 117 67096 117 67429 117 67762 117 68095 117 68428 117 68761 117 69094 117 69427 117 69760 117 70093 117 70426 117 70759 117 71092 117 71425 117 71758 117 72091 117 72424 117 72757 117 73090 117 73423 117 73756 117 74089 117 74422 117 74755 117 75088 117 75421 117 75754 117 76087 117 76420 117 76752 118 77085 118 77418 118 77751 118 78083 119 78415 120 78747 121 79080 121 79412 122 79744 123 80076 124 80408 125 80740 126 81072 127 81404 128 81736 129 82068 130 82399 132 82732 132 83064 133 83396 134 83728 135 84059 137 84391 138 84723 139 85054 141 85367 6 85383 145 85698 163 86030 164 86363 164 86695 165 87027 166 87360 166 87692 167 88024 168 88356 169 88688 170 89020 171 89352 172 89684 173 90016 174 90347 176 90679 177 91011 178 91343 179 91675 180 92008 180 92340 181 92673 180 93006 180 93339 180 93672 180 94004 181 94337 181 94670 181 95003 181 95336 81 95419 98 95669 78 95754 96 96002 77 96088 95 96335 76 96421 95 96668 75 96755 93 97001 74 97088 93 97334 74 97422 92 97667 74 97755 92 98000 74 98088 92 98333 73 98421 92 98665 74 98754 92 98998 73 99087 92 99331 73 99420 92 99664 72 99753 92 99997 72 100086 92 100330 71 100419 93 100663 71 100752 93 100997 69 101085 93 101330 69 101418 93 101663 68 101750 94 101996 67 102083 94 102329 67 102416 94 102662 66 102749 94 102995 66 103082 94 103328 65 103415 95 103661 64 103747 96 103994 64 104080 96 104327 21 104352 38 104413 96 104659 18 104689 33 104746 96 104992 16 105025 28 105079 96 105324 16 105360 26 105411 39 105451 57 105657 14 105695 22 105744 35 105791 49 105989 12 106030 18 106077 33 106127 46 106321 11 106365 15 106410 31 106462 44 106655 7 106699 12 106743 29 106797 42 107035 7 107076 28 107132 40 107409 26 107466 39 107743 24 107801 37 108078 18 108136 34 108471 31 108806 27 109141 22 109479 14 109817 5
american_pit_bull_terrier_79,30595 8 31093 14 31591 18 32090 21 32589 24 33088 27 33587 29 34086 31 34585 33 35085 34 35237 8 35584 36 35710 39 36083 38 36204 47 36582 39 36699 53 37082 40 37195 59 37581 42 37692 64 38080 44 38188 69 38579 45 38685 73 39079 46 39183 76 39578 48 39680 81 40078 48 40178 84 40577 50 40676 87 41076 52 41175 90 41576 53 41673 93 42076 54 42171 97 42575 56 42669 101 43075 57 43168 103 43574 60 43666 107 44073 63 44164 111 44573 66 44661 116 45073 68 45158 120 45572 75 45654 126 46071 211 46571 213 47070 217 47570 219 48069 226 48568 231 49068 235 49567 239 50067 241 50566 245 51066 247 51565 251 52065 253 52564 256 53064 259 53563 262 54063 264 54563 267 55063 269 55563 270 56063 273 56563 274 57063 276 57563 278 58063 281 58563 285 59063 287 59563 289 60064 289 60564 291 61064 292 61564 293 62064 294 62564 295 63064 296 63564 297 64064 298 64564 300 65064 301 65564 302 66064 303 66564 304 67063 306 67563 307 68063 309 68563 311 69062 313 69562 314 70062 315 70562 316 71062 317 71562 317 72061 319 72561 319 73061 320 73561 322 74060 326 74560 328 75060 329 75560 330 76060 331 76559 333 77059 335 77559 337 78059 338 78559 339 79059 340 79559 342 80059 343 80558 345 81058 347 81558 348 82058 350 82558 352 83058 354 83557 357 84057 359 84557 362 85057 364 85460 9 85556 367 85956 15 86056 371 86450 22 86556 376 86943 30 87056 418 87555 332 87890 84 88055 331 88393 82 88554 331 88895 81 89054 331 89396 80 89553 332 89898 79 90053 332 90400 77 90553 332 90903 75 91052 333 91406 72 91552 332 91908 71 92052 332 92411 68 92551 332 92913 66 93051 331 93415 64 93551 330 93917 62 94050 331 94419 60 94550 331 94921 58 95050 331 95424 54 95549 331 95926 52 96049 331 96429 48 96548 332 96932 45 97048 332 97435 41 97547 332 97938 36 98047 332 98441 32 98546 333 98945 26 99046 332 99448 22 99546 332 99951 17 100045 332 100455 10 100545 332 101045 331 101545 331 102044 331 102544 331 103044 330 103543 330 104043 330 104542 330 105042 330 105541 330 106040 330 106540 330 107038 331 107537 332 108035 333 108534 334 109033 334 109531 335 110030 336 110529 336 111028 336 111528 336 112027 336 112526 337 113026 336 113526 335 114025 336 114525 335 115025 335 115524 335 116024 334 116524 334 117024 333 117524 332 118024 332 118523 333 119023 332 119523 332 120023 332 120523 332 121023 332 121523 331 122023 332 122523 332 123023 332 123523 332 124023 332 124523 333 125023 333 125523 334 126023 335 126524 335 127024 337 127524 338 128024 341 128524 344 129024 349 129525 366 129901 2 129904 21 130025 406 130525 409 131026 411 131526 414 132026 42 132096 347 132527 36 132600 346 133027 31 133104 345 133528 18 133608 344 134029 9 134111 343 134531 3 134614 63 134684 271 135116 58 135190 266 135619 51 135697 260 136122 44 136201 257 136625 39 136705 254 137127 34 137208 251 137631 24 137710 250 138136 9 138214 168 138409 51 138716 156 138915 45 139218 148 139419 42 139720 141 139922 39 140222 134 140424 38 140724 128 140926 36 141226 122 141428 34 141727 118 141930 32 142229 112 142432 30 142731 106 142933 29 143233 100 143435 27 143735 94 143936 26 144236 90 144437 25 144738 85 144938 24 145240 81 145440 22 145741 78 145941 20 146243 74 146442 19 146745 70 146943 17 147248 65 147444 16 147751 60 147946 13 148254 55 148448 10 148757 51 148950 8 149260 46 149452 4 149763 41 150265 36 150768 29 151272 18
pug_67,50583 3 50913 9 51244 15 51573 24 51903 29 52233 33 52564 37 52605 11 52894 55 53225 57 53556 58 53886 61 54217 62 54548 63 54879 64 55210 65 55541 66 55871 69 56201 71 56531 73 56861 75 57191 77 57522 79 57853 80 58184 82 58515 84 58847 84 59178 86 59510 87 59842 88 60174 90 60505 92 60837 94 61169 96 61501 98 61833 101 62164 104 62496 106 62828 109 63160 111 63492 114 63824 116 64156 119 64488 123 64819 126 65151 128 65483 130 65815 132 66146 135 66478 138 66810 139 67141 142 67473 143 67804 144 68136 145 68467 146 68798 148 69129 149 69460 150 69791 151 70122 153 70453 154 70784 155 71115 156 71446 158 71777 159 72108 161 72439 162 72770 164 73101 165 73432 166 73763 168 74095 168 74426 169 74757 171 75088 172 75420 172 75751 173 76083 173 76414 174 76745 175 77077 175 77408 176 77740 176 78071 177 78403 177 78735 177 79067 177 79399 177 79731 177 80063 177 80395 177 80727 178 81059 178 81390 179 81722 180 82054 180 82321 2 82386 181 82652 4 82717 182 82983 5 83049 183 83315 5 83380 185 83646 7 83712 185 83978 7 84044 186 84309 8 84375 187 84641 8 84707 188 84973 8 85039 189 85305 8 85371 190 85636 8 85703 190 85968 8 86035 191 86300 8 86367 191 86632 7 86699 192 86963 8 87031 192 87295 7 87362 194 87627 6 87694 194 87958 6 88026 195 88290 5 88358 196 88622 5 88690 197 88953 5 89022 198 89285 4 89354 199 89617 3 89685 201 89948 4 90017 203 90280 3 90349 204 90612 2 90681 205 90943 3 91014 206 91274 3 91346 206 91605 4 91679 206 91936 4 92012 206 92268 4 92348 202 92599 5 92681 202 92930 6 93014 201 93261 6 93347 200 93592 7 93679 201 93924 7 94012 200 94255 7 94344 200 94587 7 94676 200 94919 7 95008 200 95251 7 95339 201 95583 6 95671 201 95915 6 96003 200 96248 4 96335 200 96581 2 96667 199 96998 199 97330 198 97662 197 97994 196 98327 194 98659 192 98991 22 99015 167 99323 21 99348 164 99656 18 99681 161 99988 17 100015 157 100320 16 100348 154 100652 15 100680 151 100985 13 101012 149 101317 13 101345 146 101650 11 101676 144 101983 9 102008 143 102315 9 102339 142 102648 8 102671 140 102981 6 103003 138 103314 5 103335 137 103647 4 103667 136 103981 1 103998 135 104329 135 104661 135 104993 133 105325 133 105657 132 105989 131 106323 129 106656 127 106988 2 106992 123 107324 123 107656 15 107674 104 107988 13 108009 101 108320 11 108343 99 108653 9 108675 100 108985 9 109008 99 109317 9 109340 99 109648 9 109671 101 109981 8 110003 101 110313 8 110334 102 110646 5 110666 102 110997 103 111297 1 111328 104 111629 4 111641 2 111659 105 111961 6 111972 2 111990 106 112294 12 112320 107 112626 11 112652 106 112787 3 112958 11 112987 102 113117 9 113291 10 113321 99 113448 13 113624 8 113655 96 113780 14 113957 7 113989 93 114113 14 114289 7 114324 89 114445 15 114623 4 114658 86 114778 15 114992 83 115111 15 115325 81 115443 16 115658 78 115776 16 115991 76 116109 15 116323 75 116442 14 116656 72 116776 12 116988 70 117110 10 117321 66 117443 8 117653 63 117986 59 118318 56 118651 52 118984 48 119317 43 119650 36 119983 27 120317 20 120651 12 120985 7 121319 2
boxer_188,36677 12 37004 23 37332 33 37661 40 37990 56 38320 66 38650 70 38980 73 39310 76 39640 78 39970 80 40301 81 40631 83 40962 83 41293 84 41624 85 41954 86 42285 87 42616 87 42947 88 43278 88 43609 89 43940 90 44271 91 44602 92 44932 94 45263 95 45594 96 45924 99 46255 100 46586 101 46917 103 47248 104 47580 105 47911 106 48242 108 48573 110 48905 110 49236 112 49567 114 49899 115 50230 117 50561 120 50892 122 51224 123 51555 126 51886 129 52217 131 52548 134 52878 137 53209 139 53539 142 53870 145 54201 147 54532 149 54863 151 55195 152 55526 154 55857 157 56188 159 56519 161 56725 8 56759 13 56851 163 57053 16 57074 31 57182 167 57380 57 57513 172 57706 63 57845 176 58034 67 58176 257 58508 257 58839 258 59170 259 59502 259 59833 260 60164 261 60496 261 60827 262 61159 262 61491 262 61822 263 62154 263 62485 264 62817 264 63148 265 63480 265 63812 265 64143 266 64475 266 64807 266 65138 267 65470 267 65802 267 66133 268 66465 268 66797 268 67128 269 67460 269 67792 269 68123 270 68455 270 68787 270 69119 270 69451 270 69783 270 70114 271 70446 271 70778 271 71110 271 71442 271 71774 271 72105 272 72437 272 72769 272 73101 272 73433 272 73765 272 74097 272 74429 272 74761 272 75093 272 75425 272 75757 272 76089 272 76421 272 76753 272 77085 272 77417 272 77749 272 78081 272 78413 272 78745 272 79077 272 79409 272 79741 272 80073 272 80405 272 80738 271 81070 271 81402 271 81734 271 82066 271 82398 271 82730 271 83062 271 83394 271 83726 271 84058 271 84390 271 84722 271 85054 271 85386 271 85718 271 86050 271 86382 271 86714 271 87046 271 87379 270 87711 270 88043 270 88375 270 88707 270 89039 270 89371 270 89703 270 90035 270 90367 270 90699 270 91031 270 91363 270 91695 270 92027 270 92359 270 92691 270 93023 270 93356 269 93688 269 94020 269 94352 269 94684 269 95017 268 95349 268 95681 268 96013 268 96346 267 96678 267 97010 267 97342 267 97675 266 98007 266 98339 266 98672 265 99004 265 99336 265 99669 264 100001 264 100333 264 100666 263 100998 263 101331 262 101663 262 101995 262 102328 261 102660 261 102993 260 103325 260 103658 259 103990 259 104323 258 104655 258 104987 258 105320 257 105652 257 105984 257 106317 256 106649 256 106981 256 107314 255 107646 255 107978 255 108311 254 108643 254 108975 254 109308 253 109640 253 109972 253 110305 252 110637 252 110970 251 111302 251 111635 250 111967 250 112300 249 112632 249 112965 248 113298 247 113630 247 113963 246 114295 246 114628 102 114737 136 114960 98 115073 132 115293 95 115416 121 115625 94 115751 118 115958 92 116084 117 116290 92 116417 116 116623 90 116749 116 116955 89 117082 115 117288 88 117414 115 117620 88 117746 115 117953 86 118078 115 118285 86 118410 115 118618 84 118742 115 118951 83 119073 116 119283 83 119404 20 119427 94 119616 82 119736 18 119762 91 119948 82 120066 18 120097 88 120281 81 120397 18 120431 86 120614 81 120702 3 120727 18 120765 84 120946 83 121033 5 121057 19 121099 82 121279 83 121365 4 121387 20 121433 80 121612 82 121698 1 121716 21 121766 79 121945 82 122045 22 122100 77 122278 90 122373 25 122434 75 122612 115 122767 74 122946 112 123101 72 123279 109 123434 71 123613 105 123768 69 123947 102 124101 68 124280 100 124434 67 124615 96 124768 65 124948 94 125102 63 125282 91 125435 62 125617 86 125769 60 125951 84 126103 58 126286 79 126436 57 126622 74 126771 54 126957 70 127104 53 127294 63 127438 51 127632 55 127772 49 127967 51 128106 47 128301 47 128440 45 128635 44 128774 43 128968 42 129108 41 129301 39 129443 38 129634 37 129777 36 129967 34 130112 33 130300 31 130447 30 130633 29 130780 29 130966 26 131116 25 131299 23 131450 23 131632 20 131784 21 131965 16 132119 18 132299 12 132454 15 132634 6 132788 13 133124 9 133458 7
Birman_186,5881 9 6203 21 6533 24 6864 26 7195 28 7526 29 7858 30 8189 32 8521 32 8852 34 9184 34 9514 36 9844 39 10174 41 10503 45 10825 55 11153 59 11482 63 11813 64 12143 66 12473 69 12804 70 13134 72 13465 74 13795 76 14125 78 14457 78 14787 81 15118 82 15450 83 15781 84 16112 86 16443 88 16774 90 17105 92 17437 93 17768 95 18100 96 18431 98 18763 99 19094 102 19426 103 19758 105 20090 106 20421 109 20753 110 21085 112 21417 113 21749 115 22080 117 22412 119 22744 121 23076 122 23408 124 23740 126 24071 129 24404 129 24736 131 25068 133 25400 134 25732 136 26064 138 26396 139 26728 140 27060 142 27392 143 27724 144 28057 144 28389 145 28721 145 29053 146 29386 146 29718 146 30050 147 30382 147 30714 148 31046 148 31378 149 31711 148 32043 149 32375 149 32707 150 33040 150 33372 151 33705 150 34037 151 34370 151 34702 152 35034 152 35367 152 35699 153 36032 153 36364 154 36697 154 37029 154 37362 154 37695 154 38027 155 38360 155 38692 156 39025 156 39358 155 39690 156 40023 156 40356 156 40688 157 41021 157 41354 157 41687 156 42019 157 42352 157 42685 157 43018 157 43350 158 43683 157 44016 157 44349 157 44682 157 45015 157 45347 158 45680 158 46013 158 46346 158 46679 158 47012 158 47345 158 47677 159 48010 159 48343 159 48676 159 49009 159 49342 159 49675 160 50008 160 50340 161 50673 161 51006 161 51339 161 51672 161 52005 162 52338 162 52670 163 53003 163 53336 163 53669 163 54002 163 54335 164 54668 164 55001 164 55334 164 55667 164 56000 164 56333 164 56666 164 56999 165 57332 165 57665 165 57998 165 58331 165 58664 165 58997 165 59330 165 59663 165 59996 165 60329 165 60663 164 60996 164 61329 165 61662 165 61995 165 62328 165 62662 164 62995 164 63328 164 63661 165 63994 165 64327 165 64660 165 64994 163 65327 163 65660 163 65993 162 66326 162 66659 161 66992 160 67326 157 67659 156 67992 154 68325 153 68659 151 68992 150 69325 149 69659 148 69992 147 70325 147 70659 145 70992 145 71326 143 71659 142 71993 141 72326 140 72660 139 72994 137 73327 137 73661 136 73995 134 74329 133 74663 132 74997 130 75331 129 75665 128 75999 127 76333 126 76667 125 77001 124 77334 124 77668 123 78002 122 78335 122 78669 121 79002 121 79335 121 79669 120 80002 120 80335 120 80669 119 81002 119 81335 119 81668 119 82001 119 82334 118 82667 118 83000 118 83333 118 83666 118 83999 118 84332 118 84665 117 84998 117 85331 117 85663 118 85996 118 86329 118 86662 118 86994 119 87327 119 87660 119 87993 119 88325 120 88658 120 88991 119 89323 120 89655 121 89988 121 90320 121 90652 122 90983 123 91315 123 91647 123 91980 122 92312 122 92644 122 92977 121 93310 120 93643 119 93976 118 94309 117 94642 116 94975 115 95307 114 95640 113 95973 111 96306 109 96639 107 96972 105 97305 103 97638 101 97971 99 98304 98 98637 96 98970 94 99303 93 99636 93 99968 93 100301 92 100634 91 100967 91 101300 91 101633 90 101966 90 102299 91 102632 91 102965 92 103299 92 103632 95 103965 98 104298 110 104631 105 104964 99 105297 98 105630 96 105963 95 106297 93 106630 92 106963 91 107296 91 107629 90 107962 89 108295 88 108628 88 108961 87 109294 86 109626 86 109959 85 110292 84 110625 82 110958 81 111291 80 111624 79 111957 78 112290 77 112623 76 112956 75 113289 74 113621 75 113954 74 114287 73 114621 72 114954 12 114968 57 115289 3 115304 53 115640 49 115975 46 116310 43 116645 39 116980 36 117315 32 117650 27 117985 23 118321 15
British_Shorthair_105,114 171 447 174 780 194 1112 197 1445 199 1778 204 2110 208 2443 209 2776 211 3109 211 3442 212 3775 213 4108 213 4441 214 4774 214 5107 215 5440 215 5773 216 6106 216 6439 217 6772 217 7105 218 7438 218 7771 218 8103 220 8436 220 8769 220 9102 220 9435 220 9768 220 10101 220 10434 220 10768 219 11101 220 11434 220 11767 220 12100 220 12433 220 12766 220 13099 220 13432 220 13765 220 14098 220 14431 220 14764 220 15097 220 15430 221 15763 221 16096 221 16429 221 16761 222 17094 222 17427 222 17760 222 18093 222 18426 222 18759 222 19092 223 19425 223 19758 223 20091 223 20424 223 20757 223 21090 223 21423 223 21756 223 22089 223 22422 223 22756 222 23089 222 23422 222 23755 222 24088 222 24421 222 24754 222 25087 222 25420 222 25753 222 26086 222 26419 222 26752 222 27085 222 27418 222 27751 222 28085 221 28418 221 28751 221 29084 221 29417 221 29750 221 30083 221 30416 221 30749 221 31082 221 31415 221 31748 221 32082 220 32415 220 32748 220 33081 220 33414 220 33747 220 34080 220 34413 220 34746 220 35079 220 35412 220 35746 219 36079 219 36412 219 36745 219 37078 219 37411 219 37745 218 38078 218 38411 218 38744 218 39077 218 39411 217 39744 217 40077 217 40410 217 40743 217 41077 216 41410 216 41743 216 42076 216 42410 215 42743 215 43076 215 43409 215 43743 214 44076 214 44409 214 44743 213 45076 213 45409 213 45742 213 46076 212 46409 212 46742 212 47075 212 47408 212 47742 211 48075 211 48408 211 48741 211 49074 211 49407 211 49740 211 50073 211 50407 210 50740 210 51073 210 51406 210 51739 210 52072 210 52405 210 52738 209 53071 209 53404 209 53737 209 54070 209 54403 209 54735 210 55068 210 55401 210 55734 210 56066 211 56399 211 56731 212 57064 212 57396 213 57728 214 58060 214 58393 214 58725 215 59057 216 59389 216 59720 218 60051 220 60379 225 60710 227 61039 231 61369 234 61700 236 62031 238 62363 239 62694 241 63026 242 63301 16 63358 243 63633 21 63690 244 63965 26 64022 245 64298 30 64353 247 64631 35 64684 249 64965 39 65015 251 65298 44 65346 253 65631 301 65965 300 66298 300 66632 299 66965 299 67299 298 67632 298 67966 297 68299 297 68633 296 68966 296 69300 295 69633 294 69967 293 70300 294 70633 293 70967 292 71300 293 71633 293 71966 293 72300 292 72633 292 72966 292 73299 292 73632 292 73965 292 74298 292 74631 292 74964 292 75297 292 75630 292 75963 292 76296 292 76629 292 76963 291 77296 291 77629 291 77962 291 78295 291 78628 291 78961 291 79294 291 79627 291 79960 291 80293 291 80626 290 80960 289 81293 289 81626 289 81959 289 82292 289 82625 289 82958 289 83291 289 83624 289 83957 289 84290 288 84623 288 84956 288 85289 288 85622 288 85955 288 86288 288 86621 288 86954 288 87287 288 87620 288 87953 288 88286 288 88619 288 88952 287 89285 287 89618 287 89951 288 90284 288 90617 287 90950 287 91283 287 91616 287 91949 287 92282 287 92615 287 92948 287 93281 287 93614 287 93947 287 94280 287 94612 288 94945 288 95278 288 95611 288 95944 288 96277 288 96610 288 96943 288 97276 288 97609 288 97942 288 98275 288 98608 288 98941 288 99274 288 99607 288 99940 288 100273 288 100605 289 100938 289 101271 289 101604 289 101937 288 102270 288 102603 288 102936 288 103269 288 103602 288 103935 287 104268 287 104601 287 104934 287 105267 287 105600 287 105933 287 106266 287 106598 288 106931 288 107264 288 107597 287 107930 287 108263 287 108596 287 108929 287 109262 287 109594 288 109927 287 110260 287 110592 288 110925 288 111257 289 111590 289 111922 290 112255 290 112587 291 112919 292 113252 292 113584 293 113916 294 114249 294 114581 246 114831 45 114914 242 115169 40 115246 241 115503 39 115579 239 115837 38 115911 239 116171 37 116244 237 116505 36 116576 237 116838 36 116909 235 117172 35 117242 233 117505 35 117575 231 117838 35 117908 229 118172 34 118242 226 118505 35 118576 19 118624 98 118728 70 118839 34 118913 8 118962 86 119065 65 119172 34 119299 79 119402 58 119505 34 119635 72 119740 51 119839 33 119971 67 120077 45 120172 33 120306 62 120413 39 120505 33 120642 53 120750 32 120838 33 120980 43 121087 24 121172 32 121320 22 121505 32 121838 32 122171 31 122504 31 122837 31 123170 31 123504 30 123837 30 124170 30 124503 30 124836 30 125169 30 125502 30 125835 30 126168 30 126501 30 126834 30 127168 29 127501 29 127834 29 128167 29 128500 29 128833 29 129166 28 129499 28 129833 27 130166 27 130499 27 130833 25 131166 25 131499 25 131833 24 132167 23 132500 22 132834 21 133167 20 133501 19 133835 17 134169 15 134503 14 134837 12 135171 9 135507 3
miniature_pinscher_183,139 81 362 87 586 89 807 94 1030 96 1255 96 1480 96 1705 96 1930 96 2155 96 2380 96 2605 96 2830 96 3055 96 3280 96 3504 97 3729 97 3954 97 4179 97 4404 97 4629 97 4855 96 5082 94 5307 94 5532 94 5712 2 5757 94 5937 3 5981 95 6162 4 6206 95 6388 2 6431 95 6613 2 6657 94 6881 95 7107 94 7333 93 7558 93 7783 93 7998 4 8007 94 8223 6 8232 94 8449 102 8674 102 8899 102 9058 5 9124 102 9279 16 9349 102 9501 21 9574 102 9724 25 9800 101 9948 30 10026 100 10171 35 10251 100 10395 44 10477 3 10483 93 10619 50 10710 91 10843 54 10936 90 11067 57 11161 90 11291 60 11386 90 11515 62 11611 90 11739 65 11836 90 11964 67 12061 90 12188 69 12286 90 12412 72 12511 90 12636 77 12736 90 12860 82 12960 91 13084 84 13185 91 13309 85 13410 91 13533 87 13635 91 13757 89 13859 92 13982 90 14084 92 14206 93 14303 98 14430 196 14655 196 14879 197 15103 198 15328 198 15552 199 15777 199 16001 200 16226 200 16450 201 16675 201 16899 202 17124 202 17348 203 17573 203 17797 204 18022 204 18246 205 18471 205 18695 206 18920 206 19145 206 19369 207 19593 208 19818 208 20042 209 20267 209 20491 210 20715 211 20940 211 21164 212 21388 213 21613 213 21837 214 22062 214 22286 215 22510 216 22735 216 22959 217 23184 217 23408 218 23633 218 23857 219 24082 219 24307 219 24532 219 24756 220 24981 220 25206 220 25430 221 25655 221 25880 221 26104 222 26329 222 26554 222 26779 222 27004 222 27229 222 27454 222 27678 223 27903 223 28128 223 28353 223 28577 224 28802 224 29027 3126 32160 216 32386 215 32612 213 32838 212 33063 212 33289 211 33514 210 33740 209 33965 209 34190 209 34416 209 34641 209 34867 208 35092 208 35317 208 35543 207 35768 207 35993 208 36219 207 36444 207 36669 207 36895 207 37121 206 37346 4 37351 201 37572 3 37576 202 37801 202 38026 202 38251 202 38476 203 38701 203 38926 204 39151 204 39376 204 39601 205 39826 205 40051 205 40276 206 40501 206 40726 206 40951 207 41177 206 41402 206 41628 205 41853 205 42079 204 42305 204 42530 204 42756 203 42981 203 43206 203 43431 203 43657 202 43882 202 44108 202 44333 202 44558 202 44784 201 45009 201 45234 201 45460 200 45685 201 45911 200 46136 200 46362 199 46587 200 46812 200 47038 199 47263 199 47489 198 47714 198 47939 197 48165 196 48390 195 48615 194 48840 194 49065 193 49290 192 49515 191 49740 190 49964 190 50189 189 50415 187 50640 186 50865 185 51090 184 51315 183 51540 128 51683 38 51765 124 51911 27 51990 121 52139 13 52158 1 52215 118 52369 3 52439 115 52664 112 52889 109 53114 104 53339 100 53563 85 53788 81 54013 73 54237 72 54462 70 54687 69 54912 68 55136 68 55361 67 55586 66 55811 65 56035 66 56260 65 56485 65 56710 64 56935 64 57160 64 57385 63 57611 62 57836 62 58061 61 58287 60 58513 59 58739 58 58964 57 59190 56 59416 55 59642 53 59868 52 60094 50 60321 48 60546 48 60772 46 60998 44 61224 42 61450 41 61676 38 61901 37 62127 35 62353 33 62579 31 62804 31 63030 29 63256 27 63482 26 63707 26 63932 26 64158 26 64384 25 64609 25 64835 24 65061 24 65287 23 65512 23 65738 22 65964 22 66189 22 66415 22 66641 21 66866 21 67091 21 67317 18
miniature_pinscher_57,57349 18 57680 24 58011 28 58341 33 58645 10 58672 36 58977 16 59001 41 59310 66 59642 68 59975 70 60245 7 60308 71 60567 31 60641 72 60897 40 60974 73 61225 48 61307 74 61554 52 61640 74 61883 56 61974 74 62213 59 62307 75 62545 60 62640 76 62876 62 62974 75 63207 64 63307 76 63539 65 63640 77 63871 66 63974 76 64203 67 64308 76 64535 68 64641 76 64868 68 64975 76 65201 68 65308 77 65534 68 65642 76 65867 68 65976 76 66201 67 66309 77 66534 67 66643 76 66868 66 66977 76 67202 65 67310 77 67536 64 67644 77 67870 63 67978 77 68204 62 68312 77 68537 62 68646 77 68871 61 68980 78 69205 60 69314 79 69539 59 69648 82 69873 58 69982 85 70207 57 70317 99 70540 57 70651 107 70822 4 70874 56 70985 111 71152 7 71208 55 71320 111 71484 8 71542 54 71655 111 71816 9 71875 54 71989 112 72149 9 72209 53 72324 112 72481 10 72543 52 72659 112 72813 11 72877 51 72995 111 73144 13 73210 51 73330 110 73475 16 73544 50 73665 110 73803 21 73878 49 74001 111 74132 25 74211 49 74337 111 74461 30 74545 48 74672 153 74879 47 75008 151 75213 46 75342 151 75546 46 75676 151 75880 45 76010 153 76214 44 76344 155 76548 40 76677 158 76882 36 77010 161 77217 29 77344 162 77563 4 77677 164 78010 166 78343 167 78677 167 79010 168 79343 169 79676 170 80009 171 80342 172 80675 173 81008 173 81341 173 81674 173 82007 173 82340 173 82672 175 83005 175 83338 175 83671 175 84004 175 84337 175 84670 175 85003 175 85336 175 85669 175 86002 175 86335 175 86668 175 87001 174 87334 174 87546 28 87667 173 87877 34 88000 172 88208 38 88333 171 88540 39 88666 169 88872 40 88999 168 89204 41 89332 167 89536 42 89665 167 89868 43 89998 166 90201 43 90331 166 90533 44 90664 165 90866 44 90997 165 91198 45 91330 164 91531 45 91663 164 91864 45 91996 163 92196 46 92328 164 92529 46 92661 163 92862 46 92994 162 93194 47 93326 163 93527 47 93659 162 93860 47 93991 162 94192 48 94324 161 94525 48 94656 161 94857 49 94989 160 95190 49 95321 160 95522 50 95653 160 95854 51 95985 159 96186 52 96316 160 96518 53 96647 161 96850 54 96978 162 97182 55 97308 163 97515 55 97640 163 97847 56 97970 121 98107 28 98179 57 98301 119 98445 22 98511 58 98632 119 98781 17 98843 59 98963 118 99117 13 99175 60 99295 117 99453 8 99508 60 99627 116 99840 61 99959 115 100172 62 100291 114 100504 63 100623 113 100836 64 100955 111 101168 65 101287 108 101500 66 101619 105 101832 67 101951 97 102164 68 102284 89 102496 69 102616 83 102828 70 102949 79 103159 72 103281 78 103491 73 103614 75 103823 74 103947 74 104154 76 104280 72 104485 78 104613 71 104817 79 104945 71 105150 79 105278 70 105483 79 105611 69 105816 79 105944 68 106150 78 106277 67 106485 76 106610 66 106819 75 106943 66 107153 74 107277 64 107488 72 107610 63 107822 71 107943 63 108156 70 108276 62 108491 68 108609 61 108825 67 108942 61 109160 65 109276 59 109495 63 109609 58 109829 62 109942 57 110164 60 110276 55 110499 58 110610 53 110834 56 110943 52 111169 54 111278 49 111505 51 111614 45 111840 48 111954 37 112176 44 112289 33 112512 37 112625 29 112848 32 112960 25 113186 26 113294 23 113523 19 113629 18 113964 12 114300 4
newfoundland_23,62999 8 63443 17 63890 21 64337 24 64784 28 65232 30 65503 3 65680 32 65951 4 66126 37 66400 4 66574 39 66848 5 67021 42 67296 7 67468 45 67745 6 67916 47 68193 7 68363 51 68642 7 68811 53 69091 7 69259 56 69539 8 69707 58 69988 8 70155 62 70436 9 70603 65 70884 10 71051 71 71333 9 71499 75 71781 10 71947 78 72229 11 72395 84 72677 12 72843 87 73125 12 73291 93 73574 12 73740 97 74021 14 74188 101 74294 1 74469 15 74636 137 74917 15 75085 145 75365 16 75533 153 75813 17 75982 170 76260 19 76430 175 76707 20 76879 178 77154 22 77328 181 77602 23 77776 185 78049 24 78225 187 78495 27 78674 192 78935 36 79123 194 79375 44 79572 115 79689 83 79817 51 80021 114 80140 89 80253 64 80470 113 80590 93 80697 68 80919 112 81039 175 81368 111 81489 173 81817 110 81939 172 82266 110 82388 171 82715 110 82838 170 83164 110 83287 169 83613 110 83737 168 84063 108 84186 167 84512 108 84635 167 84961 108 85084 166 85410 108 85533 165 85859 108 85982 164 86308 107 86431 163 86757 107 86880 162 87206 107 87329 159 87655 107 87777 150 88104 107 88226 147 88553 107 88674 146 89002 107 89122 145 89451 107 89571 137 89900 107 90019 135 90350 107 90466 136 90799 109 90912 137 91248 249 91697 247 92146 246 92596 244 93045 243 93494 242 93943 242 94393 240 94842 240 95291 239 95741 237 96190 237 96640 235 97089 235 97538 234 97988 234 98438 233 98887 233 99337 233 99787 233 100237 234 100687 240 101137 266 101408 9 101587 282 102037 285 102487 287 102937 289 103387 291 103837 293 104287 294 104738 294 105188 293 105638 293 106088 292 106539 291 106989 290 107439 289 107889 26 107921 256 108340 20 108374 252 108790 15 108826 249 109241 10 109276 248 109726 246 110177 244 110627 243 111077 242 111527 241 111977 240 112427 238 112877 237 113327 236 113778 234 114228 232 114678 231 115129 228 115579 227 116030 224 116480 223 116931 221 117382 218 117832 216 118283 213 118733 211 119183 210 119634 207 120084 204 120534 203 120985 199 121435 197 121885 195 122335 192 122785 189 123235 176 123685 166 124135 153 124584 149 125034 144 125484 140 125934 135 126383 129 126833 124 127283 120 127732 118 128182 116 128631 115 129081 113 129531 111 129980 110 130430 108 130879 107 131329 105 131778 105 132228 103 132678 101 133128 99 133577 98 134027 97 134476 96 134926 94 135376 93 135825 92 136275 91 136725 90 137174 89 137624 88 138074 86 138524 85 138973 84 139423 83 139873 81 140323 79 140773 77 141222 76 141672 73 142122 71 142572 69 143022 67 143472 65 143922 63 144372 61 144821 60 145271 58 145721 56 146171 53 146621 51 147071 48 147521 44 147971 38 148422 30 148872 25 149323 20 149773 17 150225 11 150677 4
Birman_138,178 60 377 73 677 62 877 73 1176 63 1377 73 1675 64 1876 74 2174 65 2375 75 2673 66 2874 77 3172 67 3373 78 3671 68 3872 78 4170 69 4372 78 4668 71 4871 79 5167 72 5370 80 5665 74 5870 79 6163 76 6369 80 6662 77 6868 80 7160 78 7367 81 7658 80 7866 82 8157 81 8364 83 8655 82 8863 84 9154 83 9361 86 9652 84 9859 87 10151 85 10357 89 10650 86 10854 92 11149 87 11349 96 11648 88 11843 102 12146 90 12339 106 12645 91 12837 108 13144 93 13334 111 13644 93 13832 112 14143 95 14330 114 14642 97 14828 116 15141 99 15326 118 15640 100 15824 120 16139 103 16322 122 16638 105 16820 123 17137 108 17319 124 17636 110 17817 126 18136 112 18316 126 18635 115 18815 126 19134 117 19314 126 19633 119 19813 127 20132 121 20312 127 20631 123 20811 127 21130 125 21309 128 21629 126 21808 128 22129 127 22307 128 22628 129 22805 129 23127 130 23304 130 23626 132 23802 131 24125 134 24300 133 24624 136 24798 134 25045 19 25123 138 25296 135 25544 27 25622 141 25794 137 26043 33 26121 143 26292 138 26542 38 26620 146 26790 139 27041 45 27118 151 27287 141 27540 54 27614 158 27783 144 28040 60 28108 319 28540 385 29039 385 29539 384 30039 382 30539 381 31039 378 31540 374 32040 371 32541 366 33041 363 33542 358 34042 356 34542 354 35042 351 35542 348 36043 344 36543 342 37043 341 37543 339 38044 336 38544 334 39045 331 39545 330 40046 327 40546 326 41047 324 41547 323 42048 320 42548 319 43049 316 43549 315 44050 312 44551 309 45051 307 45552 304 46052 303 46553 301 47054 298 47554 297 48055 295 48555 294 49056 292 49556 291 50057 289 50557 287 51058 285 51558 283 52059 280 52560 277 53060 274 53560 270 54061 265 54561 261 55062 258 55562 256 56062 254 56563 251 57063 250 57563 249 58063 248 58564 246 59064 245 59564 244 60064 244 60564 243 61064 243 61564 243 62064 243 62564 243 63064 243 63564 243 64064 244 64564 244 65064 245 65563 247 66063 248 66563 250 66886 13 67063 252 67383 20 67563 252 67880 26 68062 254 68377 31 68562 254 68875 35 69062 255 69373 39 69561 256 69871 43 70061 256 70369 46 70561 257 70867 49 71060 259 71365 52 71560 259 71864 54 72060 259 72362 57 72559 261 72860 59 73059 262 73359 61 73559 262 73857 64 74059 265 74355 66 74558 267 74852 70 75058 268 75350 72 75558 270 75845 78 76057 367 76557 367 77057 368 77556 369 78056 370 78555 371 79055 372 79554 373 80054 374 80554 374 81053 375 81553 376 82053 376 82553 377 83053 377 83552 378 84052 379 84552 379 85052 379 85552 379 86052 380 86552 380 87052 380 87552 380 88052 380 88552 380 89052 380 89552 380 90052 380 90552 380 91052 380 91552 380 92052 380 92551 381 93051 381 93551 381 94051 381 94551 380 95051 380 95551 380 96052 379 96552 379 97052 379 97552 378 98052 378 98553 377 99053 377 99553 377 100053 376 100553 376 101053 376 101553 376 102054 375 102554 375 103054 374 103554 374 104054 374 104554 375 105053 376 105553 376 106052 377 106551 378 107050 379 107549 380 108046 383 108544 385 109043 386 109541 388 110039 390 110537 392 111036 392 111535 393 112034 394 112533 395 113032 396 113530 398 114028 400 114527 401 115026 402 115525 403 116024 404 116523 405 117022 406 117521 406 118021 406 118519 408 119019 408 119518 409 120016 410 120515 411 121013 413 121512 414 122011 414 122510 415 123010 415 123509 415 124010 414 124510 374 124888 35 125011 368 125394 28 125511 365 125896 26 126013 361 126399 22 126515 358 126902 17 127018 353 127406 10 127522 348 128031 338 128536 332 129040 327 129547 319 130056 309 130562 302 131065 297 131569 292 132072 288 132575 284 133077 280 133579 277 134081 229 134312 42 134583 221 134821 31 135084 217 135327 22 135586 213 135832 14 136087 210 136588 207 137089 205 137590 202 138091 200 138592 198 139093 196 139594 194 140094 193 140595 191 141095 189 141596 187 142096 186 142596 185 143097 183 143597 182 144098 180 144598 179 145099 177 145600 175 146100 174 146601 172 147105 167 147613 158 148115 155 148618 151 149121 147 149623 145 150125 142 150627 139 151129 136 151631 134 152132 132 152633 130 153134 129 153635 127 154136 126 154636 125 155137 123 155637 123 156137 122 156637 122 157137 121 157637 121 158137 120 158638 119 159138 118 159638 118 160138 117 160638 116 161139 115 161639 114 162139 113 162638 114 163138 113 163639 111 164139 110 164640 109 165140 108 165639 109
pug_73,77153 5 77481 26 77800 46 78129 54 78457 84 78787 94 79117 103 79448 111 79780 120 80111 138 80443 144 80774 146 81105 148 81437 149 81713 4 81768 151 82044 8 82099 153 82375 11 82431 154 82707 14 82724 5 82762 156 83029 35 83093 158 83358 40 83424 160 83688 44 83755 162 84020 46 84086 164 84352 47 84418 165 84684 49 84750 166 85015 51 85081 168 85348 52 85412 170 85680 55 85744 171 86012 59 86074 174 86344 237 86676 238 87009 238 87341 239 87673 240 88006 240 88338 241 88671 241 89004 241 89337 241 89670 241 90003 241 90336 241 90670 240 91004 239 91337 239 91671 238 92004 238 92337 238 92671 237 93004 237 93341 3 93347 227 93685 222 94023 217 94356 217 94688 218 95017 222 95333 4 95348 224 95663 10 95679 226 95995 13 96010 228 96327 244 96659 245 96991 246 97323 247 97656 247 97988 248 98320 249 98652 250 98985 250 99317 251 99649 252 99982 252 100314 253 100646 254 100979 254 101312 254 101644 255 101976 256 102309 256 102641 257 102974 257 103306 258 103639 258 103971 259 104304 259 104636 260 104969 260 105301 261 105634 261 105966 262 106299 262 106632 262 106964 263 107297 263 107630 263 107962 264 108295 264 108628 260 108961 257 109293 254 109626 251 109959 249 110292 248 110625 247 110958 246 111291 245 111624 244 111958 243 112291 242 112624 241 112957 240 113290 240 113623 239 113956 238 114289 237 114622 236 114955 234 115289 231 115622 228 115955 224 116288 218 116620 218 116953 217 117286 217 117618 218 117951 217 118283 218 118616 218 118949 218 119281 219 119614 219 119946 220 120279 220 120611 221 120943 222 121275 223 121607 162 121773 58 121938 162 122106 58 122270 163 122439 58 122602 164 122772 58 122933 167 123105 58 123265 168 123438 57 123597 169 123771 57 123929 170 124104 57 124262 171 124437 57 124595 172 124769 58 124927 233 125260 234 125593 234 125926 234 126260 233 126593 233 126926 234 127260 233 127594 232 127929 230 128263 230 128597 229 128931 228 129265 228 129500 5 129599 227 129832 8 129933 227 130161 14 130266 248 130600 256 130859 4 130933 265 131267 266 131600 268 131933 269 132266 269 132599 269 132933 268 133266 268 133599 268 133932 268 134265 268 134598 268 134932 267 135265 217 135483 49 135598 217 135817 48 135931 213 136146 2 136150 48 136264 213 136479 2 136483 48 136597 213 136812 2 136816 48 136930 212 137145 2 137149 48 137263 212 137478 2 137482 48 137596 211 137811 2 137815 48 137929 211 138144 2 138147 49 138263 211 138477 2 138480 49 138596 211 138810 52 138929 212 139142 53 139262 266 139596 265 139929 265 140263 264 140596 264 140930 263 141264 262 141598 261 141932 260 142266 259 142600 258 142934 257 143268 256 143602 255 143936 254 144269 254 144603 253 144937 252 145272 250 145606 249 145942 246 146277 244 146612 242 146947 240 147281 239 147616 237 147952 234 148286 233 148621 231 148955 230 149289 229 149624 227 149958 226 150292 225 150627 223 150961 222 151295 221 151630 219 151964 218 152299 216 152633 215 152968 213 153302 212 153636 211 153970 210 154305 208 154640 206 154976 203 155314 177 155494 17 155649 171 155833 6 155984 164 156319 159 156654 155 156988 152 157321 151 157656 148 157990 146 158324 143 158658 142 158993 139 159327 137 159661 135 159995 131 160328 127 160661 125 160993 126 161326 125 161659 125 161992 125 162325 124 162658 124 162991 124 163323 125 163656 124 163988 101 164104 8 164322 96 164656 93 164990 88 165324 83 165657 81 165992 73 166326 70
english_setter_121,44892 3 45288 7 45685 9 46082 10 46479 12 46876 13 47274 14 47671 15 48069 16 48466 17 48864 17 49262 18 49659 19 50057 19 50454 21 50852 21 51249 22 51647 23 52044 24 52441 25 52839 25 53236 26 53633 28 54031 28 54428 29 54825 30 55222 31 55618 33 56015 34 56411 37 56807 39 57201 43 57586 56 57976 64 58369 70 58760 77 59154 81 59550 84 59943 89 60338 92 60733 95 61128 98 61524 100 61919 104 62314 107 62711 108 63107 110 63503 112 63900 113 64296 115 64692 117 65089 119 65485 121 65882 122 66279 123 66675 125 67072 126 67468 128 67864 130 68261 131 68657 133 69054 134 69450 136 69846 138 70243 139 70639 141 71035 143 71432 144 71828 146 72224 148 72582 10 72621 149 72977 16 73018 150 73373 20 73415 151 73768 25 73813 151 74165 27 74211 151 74561 29 74610 150 74958 30 75009 149 75355 32 75407 149 75753 32 75806 148 76150 33 76205 147 76547 34 76603 146 76945 35 77001 146 77342 36 77400 145 77740 36 77798 145 78138 36 78197 144 78535 37 78595 144 78933 38 78993 144 79331 38 79391 144 79728 39 79789 144 80126 39 80187 144 80524 39 80586 143 80922 40 80984 142 81319 41 81382 142 81717 41 81780 142 82115 42 82178 142 82512 43 82576 142 82910 43 82975 141 83308 44 83373 140 83706 44 83771 140 84104 45 84169 140 84501 46 84567 140 84899 47 84966 139 85297 47 85364 139 85695 48 85762 139 86093 48 86160 139 86491 49 86559 138 86889 49 86957 138 87287 49 87355 138 87685 49 87754 136 88083 49 88152 136 88481 48 88550 136 88879 47 88949 80 89066 17 89277 46 89347 70 89470 10 89675 45 89746 64 90073 43 90144 60 90471 34 90543 55 90869 30 90943 49 91267 27 91343 45 91666 24 91743 38 92064 24 92144 31 92462 23 92544 25 92861 21 93259 21 93657 20 94056 19 94455 18 94854 17 95253 15 95652 13 96053 9
boxer_7,18557 8 19029 12 19502 15 19975 18 20448 21 20922 23 21394 27 21867 30 22341 32 22814 35 23288 37 23762 39 24235 42 24709 44 25183 46 25656 49 26130 51 26603 54 27075 58 27549 60 28022 63 28496 65 28969 68 29442 71 29916 73 30390 75 30864 77 31338 79 31812 81 32286 83 32760 85 33234 87 33709 88 34183 90 34657 92 35132 93 35606 95 36081 96 36555 98 37030 99 37504 101 37979 102 38454 103 38928 105 39403 106 39878 107 40352 109 40827 110 41302 111 41777 112 42251 114 42726 115 43201 116 43676 117 44150 119 44625 120 45100 121 45574 123 46049 124 46524 125 46999 126 47171 9 47474 127 47644 15 47949 128 48119 17 48424 129 48594 20 48898 131 49069 24 49373 132 49544 27 49848 133 50020 28 50322 135 50496 30 50797 136 50971 33 51271 138 51447 34 51745 140 51923 35 52220 141 52398 38 52694 143 52874 39 53168 145 53350 40 53642 147 53826 41 54116 149 54301 44 54590 151 54777 45 55064 153 55253 46 55537 156 55729 47 56009 160 56205 49 56482 163 56681 50 56950 171 57157 51 57419 178 57633 52 57890 183 58109 54 58359 190 58585 55 58829 196 59061 56 59300 201 59537 57 59767 210 60013 58 60236 217 60489 59 60705 224 60964 61 61173 232 61440 62 61644 237 61916 63 62113 244 62392 65 62581 252 62868 66 63052 257 63344 67 63518 267 63821 67 63987 274 64297 68 64456 281 64773 69 64923 290 65249 70 65392 297 65725 71 65862 303 66201 72 66331 310 66677 73 66802 315 67153 75 67273 320 67629 76 67745 324 68105 78 68218 327 68581 80 68691 330 69057 82 69164 333 69533 84 69637 336 70009 87 70110 339 70485 91 70582 343 70961 440 71437 440 71913 440 72389 440 72865 440 73341 440 73816 441 74292 441 74768 441 75244 441 75720 441 76195 442 76671 442 77146 443 77622 443 78097 444 78573 444 79049 444 79524 445 79999 446 80474 447 80950 447 81425 448 81900 449 82375 450 82850 451 83325 452 83800 453 84275 454 84749 456 85224 457 85699 458 86174 459 86649 459 87124 459 87599 460 88074 461 88549 462 89024 462 89498 464 89973 466 90446 469 90921 470 91395 472 91870 473 92345 474 92821 474 93297 474 93773 446 94221 27 94249 444 94702 21 94725 442 95179 20 95201 441 95656 20 95677 440 96133 19 96153 439 96609 19 96629 438 97086 18 97105 438 97562 457 98038 18 98057 438 98515 456 98991 457 99467 458 99944 458 100420 459 100896 461 101372 463 101848 464 102324 465 102800 466 103276 467 103751 469 104227 469 104703 470 105178 473 105653 7159 112813 475 113289 475 113765 475 114241 475 114717 475 115193 474 115669 474 116145 474 116621 474 117097 474 117573 474 118049 474 118525 473 119001 473 119477 473 119953 473 120429 473 120905 473 121381 473 121857 473 122333 473 122809 472 123285 473 123761 473 124237 472 124713 472 125189 472 125665 472 126141 472 126617 472 127093 472 127569 472 128045 472 128521 472 128997 472 129473 472 129949 472 130425 472 130901 472 131377 472 131853 471 132329 471 132805 471 133282 470 133759 469 134236 286 134535 168 134713 278 135018 161 135189 273 135497 158 135667 268 135975 155 136144 264 136452 154 136621 261 136930 152 137098 258 137408 150 137574 256 137885 149 138051 253 138362 148 138527 251 138840 146 139004 247 139318 143 139480 245 139795 142 139957 239 140274 139 140433 226 140752 138 140910 219 141230 136 141386 216 141710 132 141863 213 142189 129 142339 212 142668 126 142816 210 143147 124 143292 209 143625 122 143769 207 144103 121 144245 206 144581 119 144722 205 145058 119 145198 204 145536 118 145675 203 146014 117 146151 202 146491 118 146628 201 146968 117 147104 201 147445 116 147581 200 147922 115 148057 199 148400 113 148534 198 148877 112 149011 197 149354 111 149488 196 149831 110 149964 196 150308 109 150441 195 150785 108 150918 194 151262 107 151394 194 151739 106 151871 193 152216 105 152347 193 152693 104 152824 192 153171 102 153300 192 153648 101 153777 192 154125 100 154253 192 154602 99 154730 191 155080 97 155206 191 155557 96 155683 190 156035 94 156159 190 156512 93 156636 190 156990 91 157112 190 157468 89 157589 190 157945 88 158066 189 158423 86 158542 190 158900 85 159019 189 159378 83 159496 189 159855 82 159972 189 160332 81 160449 189 160810 79 160926 189 161287 78 161403 188 161764 77 161880 187 162242 75 162357 187 162719 74 162834 187 163196 73 163311 186 163674 71 163788 186 164151 70 164265 185 164629 68 164742 185 165106 67 165219 184 165584 65 165696 184 166061 64 166174 182 166539 62 166652 180 167017 60 167129 179 167495 58 167607 177 167973 56 168085 175 168452 53 168562 174 168929 52 169040 172 169408 49 169518 170 169887 46 169995 169 170366 43 170473 167 170846 39 170950 165 171325 36 171428 163 171805 32 171905 161 172284 29 172383 159 172763 26 172859 159 173244 21 173336 157 173729 3 173813 156 174290 154 174767 153 175245 150 175722 149 176198 148 176675 147 177152 145 177628 145 178105 143 178581 143 179058 142 179534 141 180011 140 180488 138 180964 138 181441 136 181918 135 182395 133 182871 132 183348 130 183825 128 184302 126 184779 123 185257 118 185735 14 185764 85 186248 73 186730 63 187210 54 187692 43 188176 22
chihuahua_161,239 62 538 63 837 64 1136 65 1435 66 1734 67 2033 68 2332 69 2631 70 2930 71 3229 72 3528 73 3827 74 4126 75 4424 77 4723 78 5022 79 5320 81 5619 82 5918 83 6217 84 6516 85 6815 86 7114 87 7413 88 7712 89 8011 90 8310 91 8608 93 8907 94 9206 95 9505 96 9804 97 10103 98 10402 99 10701 100 11000 101 11299 102 11598 103 11897 104 12196 105 12495 106 12794 107 13093 108 13392 109 13691 110 13990 111 14288 113 14587 114 14886 115 15185 116 15484 117 15783 118 16082 119 16380 121 16679 122 16978 123 17277 124 17576 125 17875 126 18174 127 18473 128 18773 128 19072 129 19372 129 19672 129 19971 130 20271 130 20570 131 20870 131 21169 132 21468 133 21767 134 22066 135 22364 137 22662 139 22961 140 23259 142 23557 144 23855 146 24154 147 24451 150 24748 153 25042 159 25335 166 25584 6 25628 173 25876 21 25924 177 26166 38 26219 182 26461 240 26748 253 27041 260 27339 262 27639 262 27939 262 28239 262 28540 261 28840 261 29142 259 29443 258 29744 257 30046 255 30348 253 30650 235 30892 3 30951 230 31253 227 31554 225 31857 221 32159 219 32461 217 32764 213 33066 211 33367 209 33669 207 33970 205 34271 203 34571 202 34872 200 35173 198 35473 198 35774 196 36074 195 36374 194 36675 192 36975 191 37276 189 37576 189 37876 188 38177 187 38477 187 38777 188 39077 189 39377 190 39677 193 39977 200 40277 206 40577 216 40876 225 41176 225 41475 226 41775 226 42074 227 42374 227 42673 228 42972 229 43271 230 43571 230 43870 231 44169 171 44385 16 44469 166 44694 7 44768 163 45067 160 45366 156 45666 152 45965 148 46264 129 46564 41 46641 2 46660 28 46863 38 46968 15 47163 36 47462 36 47761 36 48061 35 48360 35 48660 33 48960 32 49259 32 49559 29 49859 27 50159 23 50459 21 50759 18 51060 14 51364 6
basset_hound_191,5883 5 6256 10 6629 13 7002 16 7376 18 7750 20 8124 22 8498 24 8872 26 9247 26 9621 28 9995 30 10370 30 10744 31 11119 32 11493 33 11868 33 12243 33 12617 34 12992 34 13366 36 13741 36 14116 36 14490 37 14865 37 15240 37 15615 37 15989 38 16364 38 16739 37 17114 37 17488 38 17863 38 18238 38 18612 39 18987 39 19361 40 19736 40 20110 41 20485 41 20859 42 21234 41 21608 42 21983 42 22357 43 22732 43 23106 44 23481 44 23855 45 24230 45 24604 45 24979 45 25353 46 25728 46 26102 47 26477 47 26851 48 27226 48 27601 47 27975 48 28349 49 28724 49 29099 49 29473 50 29848 49 30222 50 30597 50 30971 51 31346 51 31720 51 32095 51 32470 51 32844 52 33219 52 33594 52 33969 52 34344 51 34718 52 35093 52 35468 52 35843 52 36217 53 36592 53 36967 53 37342 53 37717 53 38091 54 38466 54 38841 53 39216 53 39590 54 39965 54 40340 54 40715 54 41090 54 41465 54 41839 55 42214 55 42589 55 42964 55 43339 55 43714 55 44089 55 44464 55 44839 55 45214 55 45589 55 45964 55 46339 55 46714 55 47089 55 47464 55 47838 56 48213 56 48588 56 48963 56 49338 56 49713 56 50088 56 50463 55 50838 55 51213 55 51587 56 51962 56 52337 56 52712 56 53087 56 53462 56 53837 56 54211 57 54586 57 54961 57 55336 57 55711 57 56085 58 56460 58 56835 58 57209 59 57584 59 57937 5 57959 59 58308 10 58334 59 58678 16 58708 60 59050 20 59082 61 59424 22 59457 61 59797 24 59831 62 60171 25 60205 63 60545 27 60580 63 60918 30 60953 65 61292 32 61325 68 61665 103 62039 104 62412 106 62785 108 63157 111 63530 113 63903 115 64276 117 64650 118 65023 120 65397 121 65771 122 66145 123 66519 124 66894 124 67268 125 67642 126 68017 126 68391 127 68765 128 69140 128 69514 129 69889 129 70263 130 70638 130 71012 131 71387 131 71761 132 72136 132 72511 132 72885 133 73260 133 73635 133 74009 134 74384 134 74759 134 75133 135 75508 135 75883 134 76257 136 76632 136 77006 137 77381 136 77756 136 78130 137 78505 137 78880 137 79255 137 79629 138 80004 138 80379 138 80753 139 81128 139 81503 139 81878 139 82252 140 82627 140 83002 140 83376 142 83751 142 84126 142 84500 143 84875 143 85250 143 85625 143 85999 144 86374 144 86749 144 87124 144 87498 145 87873 145 88248 145 88623 145 88998 145 89372 146 89747 146 90122 146 90497 146 90872 146 91247 146 91621 147 91996 147 92371 147 92746 147 93121 147 93496 147 93870 148 94245 148 94620 148 94995 148 95370 148 95744 149 96119 149 96494 149 96869 149 97243 150 97618 150 97993 150 98367 151 98742 152 99117 152 99491 153 99866 153 100241 153 100616 153 100991 153 101366 153 101741 153 102116 153 102491 153 102866 153 103241 153 103617 152 103992 153 104368 152 104743 17 104761 134 105119 14 105137 133 105495 10 105512 133 105873 5 105887 133 106262 133 106637 133 107012 134 107386 135 107761 135 108136 135 108510 136 108885 137 109259 138 109634 138 110009 138 110383 140 110758 140 111132 141 111507 142 111881 143 112256 143 112630 145 113004 146 113379 146 113753 148 114128 148 114502 149 114876 150 115251 151 115625 152 116000 152 116374 154 116749 154 117123 155 117498 155 117872 157 118247 157 118621 158 118995 160 119370 160 119744 161 120118 162 120493 163 120867 164 121241 165 121615 166 121989 168 122363 169 122737 170 123112 171 123486 172 123860 173 124235 174 124609 175 124984 175 125358 176 125733 177 126108 177 126482 178 126857 179 127232 179 127607 179 127982 179 128357 179 128732 179 129107 180 129482 180 129857 180 130232 180 130607 180 130982 180 131358 179 131733 179 132108 179 132483 179 132859 178 133234 178 133610 177 133985 177 134361 176 134736 176 135112 175 135487 175 135863 174 136238 173 136614 172 136990 171 137365 171 137741 170 138117 169 138493 168 138868 167 139244 166 139620 165 139996 164 140372 163 140748 162 141124 161 141500 160 141876 160 142252 159 142628 158 143004 157 143380 156 143756 155 144131 156 144507 155 144882 155 145258 155 145633 155 146009 154 146384 154 146760 153 147135 154 147511 153 147887 152 148262 152 148638 151 149013 151 149389 150 149764 151 150140 150 150515 150 150890 150 151266 149 151641 149 152016 150 152392 149 152767 149 153142 149 153518 148 153893 148 154268 148 154643 148 155019 148 155394 148 155769 148 156144 148 156520 148 156895 148 157270 148 157645 149 158020 149 158396 149 158771 149 159146 150 159521 150 159896 151 160271 151 160647 150 161022 150 161397 150 161772 149 162147 149 162522 148 162897 148 163273 146 163648 145 164023 143 164398 126 164533 6 164773 120 165148 117 165523 116 165899 114 166274 114 166649 113 167024 112 167400 111 167775 110 168150 109 168526 108 168901 108 169277 107 169652 106 170028 105 170404 104 170779 104 171155 103 171531 102 171908 99 172284 98 172661 96 173037 95 173413 93 173789 92 174165 90 174541 88 174917 87 175293 47 175343 34 175669 41 175723 27 176045 38 176102 18 176421 34 176797 32 177174 28 177550 26 177927 22 178305 16
chihuahua_37,34180 2 34665 26 35160 37 35657 46 36155 51 36653 56 37152 60 37651 64 38150 67 38649 70 39149 73 39648 76 40148 78 40648 80 41148 81 41648 83 42148 85 42648 86 43149 88 43649 92 44150 98 44650 101 45151 102 45652 104 46153 105 46654 105 47155 106 47656 108 48156 111 48657 113 49158 114 49659 116 50160 117 50661 118 51161 119 51662 119 52163 119 52664 119 53164 120 53477 8 53665 119 53948 6 53968 20 54165 119 54440 50 54666 119 54936 56 55167 118 55433 60 55668 117 55930 64 56168 117 56428 68 56669 116 56926 71 57170 114 57425 73 57671 113 57923 78 58172 112 58422 79 58673 111 58921 80 59173 111 59420 81 59674 110 59919 82 60175 109 60418 80 60500 1 60676 108 60917 81 61177 107 61416 82 61678 107 61915 82 62179 106 62414 83 62680 106 62913 84 63181 106 63413 83 63682 107 63912 84 64183 107 64411 85 64684 108 64910 86 65186 108 65410 85 65687 110 65909 86 66188 111 66409 86 66689 113 66908 87 67190 114 67408 86 67691 115 67907 87 68193 116 68407 87 68694 117 68907 87 69195 119 69408 86 69696 120 69909 84 70197 121 70415 6 70437 56 70698 123 70943 50 71199 124 71445 48 71699 127 71947 47 72200 130 72448 46 72701 133 72949 45 73201 138 73450 44 73702 142 73951 44 74202 146 74452 43 74703 151 74952 44 75203 171 75453 43 75704 180 75953 43 76204 185 76454 43 76705 189 76954 43 77205 194 77455 43 77706 196 77955 46 78207 197 78456 45 78708 197 78956 45 79208 198 79456 45 79709 198 79957 44 80210 199 80457 44 80711 199 80958 43 81212 199 81458 43 81713 198 81958 43 82214 198 82459 42 82714 198 82960 41 83214 198 83460 41 83714 198 83961 40 84214 199 84462 39 84714 199 84963 38 85214 200 85463 38 85714 200 85964 37 86213 202 86465 36 86713 202 86965 36 87213 203 87466 35 87712 205 87967 34 88208 210 88468 33 88706 212 88968 33 89202 217 89469 32 89701 219 89970 31 90201 219 90470 31 90701 219 90971 30 91202 219 91471 30 91703 218 91972 29 92203 218 92472 29 92704 218 92973 28 93204 218 93474 27 93705 217 93974 27 94205 217 94475 26 94705 218 94976 25 95206 217 95477 24 95706 217 95978 23 96206 218 96479 22 96707 217 96980 21 97207 217 97481 20 97707 218 97983 18 98208 217 98484 17 98708 217 98985 16 99208 217 99486 15 99708 218 99987 13 100208 218 100488 11 100709 217 100988 11 101209 217 101489 10 101710 216 101989 10 102211 215 102489 10 102711 215 102988 10 103212 215 103488 10 103712 214 103987 10 104211 215 104486 11 104711 215 104984 13 105210 216 105483 13 105709 216 105977 15 106207 217 106471 20 106706 217 106968 23 106994 2 107205 217 107466 30 107704 217 107965 32 108201 219 108463 35 108699 220 108962 36 109196 222 109461 39 109694 223 109959 42 110191 225 110458 43 110689 226 110956 45 111186 228 111454 47 111684 229 111953 48 112181 231 112452 49 112678 233 112950 51 113176 234 113449 52 113674 235 113948 53 114172 236 114446 55 114669 238 114945 56 115167 239 115444 57 115664 240 115943 58 116162 240 116442 59 116659 241 116941 60 117156 241 117440 61 117654 238 117939 62 118152 217 118438 63 118649 210 118937 64 119145 207 119436 65 119642 204 119934 67 120139 202 120433 68 120637 198 120932 69 121134 195 121431 70 121632 192 121930 71 122129 191 122430 71 122627 189 122930 71 123124 189 123430 71 123622 188 123931 70 124120 186 124432 69 124617 187 124933 68 125114 186 125435 66 125612 185 125938 63 126110 183 126440 61 126608 181 126942 59 127105 178 127445 56 127602 177 127947 54 128100 174 128449 52 128598 173 128951 50 129095 173 129453 48 129594 171 129954 47 130093 170 130455 46 130593 169 130956 45 131092 19 131116 144 131457 44 131592 18 131616 143 131958 43 132092 17 132117 140 132459 42 132593 15 132618 138 132959 42 133094 13 133118 137 133460 41 133595 12 133619 134 133961 40 134095 11 134119 132 134461 40 134597 8 134619 131 134961 40 135120 128 135461 40 135620 127 135961 40 136120 126 136462 39 136621 124 136962 39 137121 122 137462 39 137622 120 137962 39 138123 118 138462 39 138624 117 138962 39 139125 115 139462 39 139625 114 139962 39 140127 111 140463 38 140628 109 140963 38 141129 107 141463 38 141630 105 141964 37 142132 102 142464 37 142634 99 142965 36 143136 96 143465 36 143638 92 143966 35 144141 87 144466 35 144644 80 144967 34 145146 69 145467 34 145650 57 145967 34 146154 49 146467 34 146660 36 146967 34 147171 14 147467 34 147968 33 148468 33 148968 33 149468 33 149969 32 150469 32 150970 31 151470 31 151970 31 152471 30 152972 29 153472 29 153973 28 154473 28 154974 27 155475 26 155976 25 156476 25 156978 23 157478 23 157979 22 158480 21 158982 19 159483 18 159986 15 160489 8
miniature_pinscher_98,51550 5 51924 8 52298 11 52672 13 53047 14 53421 16 53796 18 54171 19 54545 21 54920 22 55295 24 55670 25 56044 27 56419 29 56794 31 57169 33 57543 36 57918 38 58293 39 58668 41 59043 42 59418 44 59792 47 60167 50 60542 60 60917 65 61292 69 61669 71 62048 70 62426 69 62803 70 63181 69 63558 68 63934 69 64311 68 64687 67 65064 66 65440 66 65816 66 66192 66 66567 66 66943 66 67318 67 67694 66 68069 67 68445 66 68820 67 69195 68 69571 67 69946 68 70321 69 70696 70 71071 72 71446 73 71821 74 72196 75 72571 76 72946 77 73321 78 73696 79 74071 81 74445 83 74820 85 75195 88 75570 89 75944 92 76319 94 76694 95 77068 97 77443 83 77530 10 77818 79 78193 78 78568 77 78942 77 79317 77 79692 76 80067 76 80442 75 80816 76 81191 76 81566 76 81941 76 82316 76 82691 75 83065 76 83440 76 83815 76 84190 76 84565 76 84696 5 84939 77 85070 11 85314 77 85444 14 85689 78 85818 14 86064 79 86192 14 86439 79 86565 15 86813 83 86935 18 87188 85 87307 19 87438 26 87562 137 87812 30 87937 135 88186 33 88311 135 88561 35 88685 132 88937 35 89059 127 89312 36 89433 121 89688 36 89807 117 90064 36 90180 73 90261 34 90440 37 90554 72 90641 9 90816 39 90926 75 91192 41 91300 75 91569 51 91671 78 91946 57 92043 81 92323 57 92415 84 92700 62 92782 93 93077 173 93454 171 93832 169 94209 167 94585 166 94961 165 95337 164 95712 164 96088 164 96464 163 96839 163 97215 162 97590 162 97965 162 98341 162 98716 162 99091 162 99466 162 99841 162 100216 163 100591 163 100966 163 101341 164 101716 164 102091 164 102466 164 102841 164 103216 165 103591 165 103966 165 104341 164 104716 164 105091 164 105466 164 105840 165 106215 165 106590 165 106964 166 107339 166 107714 166 108088 168 108463 168 108837 169 109212 56 109276 106 109586 51 109655 103 109960 47 110031 102 110334 40 110408 101 110707 37 110783 102 111081 35 111159 102 111320 10 111455 33 111535 102 111690 21 111828 33 111910 103 112062 26 112202 32 112286 104 112427 38 112576 31 112661 112 112778 64 112950 31 113036 156 113198 18 113324 31 113412 149 113698 31 113787 146 114073 30 114162 142 114447 30 114538 132 114821 30 114913 122 115195 30 115288 119 115570 29 115663 102 115944 28 116038 96 116318 27 116413 87 116693 25 116788 83 117068 23 117163 79 117442 22 117539 74 117817 18 117914 69 118193 14 118289 67 118569 7 118664 65 119040 63 119415 62 119790 60 120166 59 120541 58 120916 57 121292 56 121667 56 122042 55 122418 54 122793 54 123168 54 123544 53 123919 54 124294 57 124669 59 125045 60 125420 61 125795 62 126170 63 126545 65 126920 66 127295 67 127670 69 128045 71 128420 76 128505 2 128514 5 128794 100 129169 100 129545 97 129926 89 130307 80 130685 74 131062 68 131439 49 131816 42 132194 36 132573 29 132951 22
Bombay_94,11095 5 11468 9 11842 12 12216 14 12590 16 12964 18 13339 19 13713 21 14087 23 14462 24 14836 25 15211 26 15586 27 15960 29 16335 29 16709 31 17084 32 17458 33 17833 34 18208 35 18582 37 18957 38 19332 38 19707 39 20081 41 20456 42 20831 43 21206 44 21580 45 21955 46 22330 47 22705 47 23080 48 23455 49 23829 50 24204 51 24579 52 24954 53 25329 53 25703 55 26078 56 26453 56 26828 57 27203 57 27578 58 27953 58 28328 59 28702 60 29077 60 29452 60 29827 61 30202 61 30577 61 30952 61 31327 62 31702 62 32077 62 32451 63 32826 64 33201 64 33576 65 33951 65 34326 65 34701 66 35076 67 35451 68 35826 69 36201 70 36575 72 36950 73 37325 73 37700 75 38075 76 38450 77 38825 79 39200 80 39575 81 39950 82 40325 83 40699 85 41074 85 41449 86 41824 86 42199 87 42573 88 42948 89 43323 89 43697 91 44072 91 44447 91 44821 93 45196 93 45570 95 45945 95 46319 97 46693 98 47068 99 47442 100 47817 101 48191 102 48565 104 48939 105 49313 107 49687 108 50061 110 50435 112 50809 113 51183 115 51557 117 51931 119 52304 122 52678 123 53051 126 53424 129 53798 131 54170 135 54543 138 54917 140 55289 144 55663 146 56036 149 56410 151 56783 154 57157 156 57530 159 57904 160 58278 162 58651 165 59025 167 59399 168 59773 170 60147 172 60521 174 60894 176 61268 178 61642 180 62016 181 62390 183 62764 185 63138 187 63512 189 63885 192 64259 193 64633 195 65007 197 65381 199 65755 201 66129 203 66503 205 66877 208 67252 209 67626 212 68000 215 68374 218 68748 220 69122 223 69497 224 69871 227 70245 229 70619 231 70993 233 71368 234 71742 236 72115 161 72284 69 72489 159 72662 67 72863 158 73038 67 73237 156 73415 66 73611 155 73791 66 73985 155 74167 66 74358 156 74542 67 74732 155 74918 66 75106 155 75293 67 75479 156 75669 66 75853 156 76044 67 76226 158 76420 66 76600 158 76795 67 76972 160 77170 67 77344 162 77545 68 77717 164 77920 68 78029 42 78088 167 78295 69 78397 233 78671 68 78769 236 79046 69 79141 238 79421 70 79514 240 79796 70 79887 242 80171 71 80260 243 80546 72 80634 244 80921 73 81008 245 81296 76 81382 246 81671 78 81757 246 82046 80 82131 247 82420 81 82507 245 82795 81 82882 245 83170 81 83257 245 83545 81 83633 244 83920 81 84008 244 84294 82 84384 243 84669 82 84759 243 85044 82 85135 242 85418 83 85511 241 85793 83 85887 240 86168 83 86263 239 86543 83 86639 238 86917 84 87015 238 87292 84 87391 237 87666 85 87767 236 88041 85 88143 236 88415 86 88519 235 88789 87 88895 234 89163 88 89271 234 89537 89 89647 234 89911 90 90023 233 90284 92 90399 233 90658 93 90775 234 91032 94 91151 234 91405 96 91528 235 91777 99 91904 347 92280 346 92656 345 93032 344 93408 343 93785 341 94161 340 94537 339 94914 337 95290 336 95667 334 96045 331 96421 330 96798 328 97175 326 97552 324 97928 323 98305 321 98681 320 99057 319 99433 318 99810 316 100186 315 100562 314 100939 312 101315 311 101691 310 102067 309 102443 308 102820 306 103197 304 103574 302 103951 300 104327 299 104703 298 105080 296 105456 295 105832 294 106209 292 106585 291 106961 290 107337 289 107713 288 108089 287 108465 286 108840 286 109216 285 109592 284 109967 284 110343 283 110718 283 111094 282 111470 281 111845 281 112220 281 112596 280 112972 279 113347 279 113723 278 114098 278 114474 277 114849 277 115225 276 115601 275 115976 275 116352 274 116727 274 117103 273 117479 272 117854 272 118230 271 118605 271 118981 270 119357 269 119732 269 120108 268 120483 268 120859 267 121234 267 121610 266 121985 266 122361 265 122736 265 123112 264 123487 264 123863 263 124238 263 124614 262 124989 262 125365 261 125740 261 126116 260 126491 260 126866 260 127242 259 127617 259 127992 259 128368 258 128743 258 129118 258 129493 258 129869 257 130244 257 130619 257 130994 257 131369 257 131744 257 132120 256 132495 256 132870 256 133245 256 133620 256 133994 257 134369 257 134744 257 135119 257 135494 257 135869 257 136243 258 136618 258 136993 258 137367 259 137742 259 138116 260 138491 260 138865 261 139240 261 139614 262 139988 263 140363 263 140737 264 141111 265 141485 266 141859 267 142234 267 142608 268 142982 269 143356 270 143730 271 144104 272 144479 272 144853 273 145227 274 145601 275 145975 276 146350 276 146724 277 147098 278 147472 279 147846 280 148220 281 148595 281 148969 282 149343 283 149717 284 150091 285 150466 285 150840 286 151215 286 151589 287 151964 287 152338 288 152713 288 153087 289 153462 289 153836 290 154211 290 154586 290 154960 291 155335 291 155710 291 156084 292 156459 292 156833 293 157207 294 157582 294 157956 295 158331 295 158706 295 159080 296 159454 297 159829 297 160203 298 160578 298 160952 299 161327 299 161701 300 162075 301 162450 301 162825 301 163199 302 163573 303 163948 303 164322 304 164697 304 165072 304 165446 305 165821 305 166195 306 166570 306 166944 307 167319 307 167693 308 168068 308 168443 308 168817 309 169192 309 169566 310 169941 310 170315 311 170690 311 171064 312 171438 313 171813 313 172187 314 172562 314 172936 315 173310 316 173685 316 174059 317 174433 318 174808 318 175182 319 175557 319 175931 320 176305 321 176680 321 177054 322 177428 323 177803 323 178150 1 178177 324 178522 4 178551 325 178895 6 178926 325 179269 6 179300 326 179644 5 179674 327 180018 5 180049 327 180393 4 180423 328 180797 329 181172 329 181546 330 181920 331 182294 332 182669 331 183043 332 183418 331 183793 330 184167 330 184543 328 184918 326 185294 323 185669 322 186044 321 186420 319 186796 38 186845 1 186867 245 187172 33 187246 240
Bombay_74,23206 7 23580 10 23953 14 24327 17 24701 19 25074 23 25448 25 25821 28 26193 32 26565 36 26935 42 27297 56 27668 61 28040 64 28413 67 28786 69 29159 72 29532 74 29905 77 30278 79 30651 82 31024 84 31397 87 31769 90 32143 91 32516 94 32889 96 33263 97 33637 98 34011 99 34384 101 34758 102 35132 102 35506 103 35879 105 36253 105 36626 106 37000 107 37374 107 37747 108 38121 108 38494 109 38867 109 39240 110 39612 112 39984 113 40355 115 40724 118 41094 120 41466 121 41836 122 42201 129 42571 129 42943 126 43264 174 43636 172 44009 173 44383 173 44757 173 45131 173 45505 174 45880 173 46255 173 46629 173 47004 173 47379 173 47754 173 48128 174 48503 174 48878 174 49253 174 49627 175 50002 175 50377 176 50752 176 51127 176 51501 177 51876 177 52251 177 52625 179 53000 179 53375 179 53749 180 54124 180 54498 181 54872 182 55247 182 55621 183 55995 184 56320 11 56368 186 56694 17 56741 188 57069 21 57114 189 57444 26 57486 192 57820 29 57854 199 58195 233 58571 232 58947 230 59323 229 59699 228 60075 227 60451 225 60827 224 61203 223 61578 223 61954 222 62330 220 62706 219 63081 219 63457 218 63833 217 64208 216 64584 215 64960 214 65335 214 65711 213 66087 212 66462 212 66838 211 67213 211 67589 210 67964 209 68340 208 68715 208 69091 207 69466 207 69841 207 70217 206 70592 206 70968 205 71343 205 71718 205 72093 205 72469 204 72844 205 73219 205 73594 205 73970 204 74345 204 74720 204 75095 204 75470 204 75845 204 76220 203 76595 203 76970 203 77346 202 77721 202 78096 202 78471 203 78846 203 79221 203 79596 203 79971 203 80346 203 80721 204 81096 204 81471 204 81846 204 82221 205 82596 205 82971 205 83346 205 83722 203 84097 203 84472 203 84847 203 85222 203 85597 203 85972 203 86348 201 86723 201 87098 200 87473 200 87848 199 88223 199 88598 198 88974 196 89349 195 89724 194 90099 192 90474 191 90850 189 91225 187 91600 186 91975 184 92350 183 92725 182 93101 180 93476 179 93851 178 94226 178 94601 177 94976 177 95351 176 95726 176 96101 175 96477 174 96852 174 97227 173 97602 173 97977 173 98351 173 98726 173 99101 173 99476 172 99851 172 100226 172 100601 172 100976 172 101351 171 101726 171 102101 171 102476 171 102851 170 103226 170 103601 170 103976 170 104351 170 104727 168 105102 168 105477 168 105852 168 106227 168 106602 168 106977 168 107352 168 107726 169 108101 168 108476 168 108851 168 109226 168 109600 169 109975 169 110350 169 110725 169 111100 124 111230 39 111475 123 111607 37 111850 123 111982 37 112226 122 112358 36 112603 120 112734 35 112981 6 112996 102 113109 34 113375 7 113388 85 113485 33 113774 74 113860 33 114180 44 114236 31 114559 40 114611 30 114938 37 114986 29 115314 37 115361 28 115691 36 115736 27 116067 36 116110 26 116443 37 116484 26 116819 65 117195 63 117571 60 117946 59 118322 57 118698 54 119074 52 119449 51 119825 48 120201 46 120576 44 120952 42 121328 40 121703 39 122079 38 122455 36 122831 34 123206 34 123582 32 123958 30 124334 28 124710 27 125085 26 125461 25 125836 24 126212 23 126587 22 126963 21 127339 19 127714 18 128090 17 128465 16 128841 14 129217 12 129592 11 129968 8 130344 5
Persian_59,32975 2 33452 8 33931 11 34409 14 34888 16 35367 18 35846 21 36324 24 36803 26 37214 8 37281 28 37692 13 37760 30 38169 18 38238 33 38647 23 38717 35 39124 31 39195 37 39601 37 39674 39 40079 41 40153 41 40558 44 40632 42 41037 47 41111 44 41517 50 41589 46 41996 53 42067 49 42476 61 42545 51 42955 121 43435 122 43916 121 44395 122 44876 122 45356 122 45836 122 46316 123 46796 123 47276 123 47757 122 48237 122 48717 122 49196 124 49676 124 50156 124 50636 124 51115 126 51595 126 52074 127 52553 129 53032 130 53511 131 53989 133 54467 136 54946 137 55424 139 55902 142 56380 144 56858 146 57335 149 57813 152 58290 155 58768 157 59245 160 59722 163 60199 166 60675 171 61153 173 61629 177 62106 180 62583 184 63061 186 63539 189 64018 191 64497 192 64976 194 65456 195 65935 197 66414 199 66894 200 67373 201 67853 202 68332 203 68812 204 69291 206 69771 207 70251 208 70731 208 71211 209 71690 211 72170 212 72650 213 73129 214 73609 214 74089 214 74568 215 75048 215 75528 215 76007 215 76487 215 76966 216 77446 216 77926 216 78405 217 78885 217 79364 218 79844 218 80323 219 80803 219 81282 220 81762 220 82241 221 82720 223 83200 223 83679 224 84158 225 84637 226 85116 228 85595 229 86074 230 86553 231 87032 233 87511 234 87991 234 88470 235 88949 237 89428 238 89908 238 90387 239 90866 241 91345 242 91825 242 92304 243 92783 244 93262 245 93741 247 94221 247 94700 248 95179 249 95658 250 96137 251 96617 251 97096 252 97575 253 98054 254 98533 255 99013 255 99492 257 99971 258 100450 259 100929 260 101408 262 101887 263 102366 264 102845 265 103324 267 103802 269 104281 270 104759 273 105237 275 105715 277 106193 280 106668 285 107129 304 107605 309 108084 310 108563 311 109042 313 109521 314 110000 315 110480 316 110959 317 111439 318 111918 319 112398 319 112877 321 113357 321 113837 322 114317 322 114796 324 115276 324 115756 324 116236 325 116716 325 117196 326 117676 326 118156 326 118636 327 119116 327 119597 326 120077 327 120557 327 121037 327 121517 328 121997 328 122477 328 122957 329 123437 329 123917 329 124398 328 124878 329 125358 329 125838 329 126318 330 126798 330 127279 329 127759 330 128239 330 128719 330 129199 330 129679 330 130160 330 130640 330 131120 330 131600 330 132080 330 132561 330 133041 330 133521 330 134001 330 134481 330 134962 330 135442 330 135922 330 136402 330 136882 330 137362 331 137842 331 138322 331 138802 332 139282 332 139762 332 140242 333 140722 333 141202 333 141682 333 142162 334 142642 334 143122 334 143602 334 144082 335 144562 335 145042 335 145522 335 146002 336 146482 336 146963 335 147443 335 147923 336 148403 336 148882 337 149362 337 149842 338 150322 338 150802 338 151282 338 151762 338 152242 339 152723 338 153203 338 153683 338 154163 338 154643 339 155123 339 155603 339 156082 341 156562 341 157042 341 157522 342 158002 342 158482 342 158962 342 159441 344 159921 344 160401 344 160881 345 161361 345 161840 346 162320 347 162800 347 163280 347 163760 347 164239 349 164719 349 165199 349 165679 350 166159 350 166639 350 167118 352 167598 352 168078 352 168558 352 169038 353 169518 353 169997 354 170477 355 170957 355 171437 355 171917 356 172397 356 172877 356 173357 356 173837 356 174317 357 174797 357 175277 357 175757 357 176237 357 176717 337 177068 5 177197 329 177677 326 178158 323 178638 321 179118 319 179598 318 180079 315 180559 313 181039 312 181520 310 182000 309 182480 308 182961 306 183441 305 183921 304 184402 302 184882 302 185362 301 185843 298 186323 297 186803 296 187284 295 187764 293 188245 291 188726 289 189208 285 189689 283 190172 277 190655 272 191138 266 191621 259 192104 125 192235 115 192588 116 192720 53 192795 7 192813 8 193073 109 193203 41 193556 104 193687 31 194041 97 194171 21 194527 90 195015 81 195500 75 195984 71 196467 67 196950 63 197432 61 197914 58 198396 56 198878 53 199360 51 199842 49 200324 46 200805 45 201288 41 201771 38 202254 35 202737 31 203220 28 203703 24 204185 22 204667 19 205150 15 205634 9
boxer_4,34429 11 34742 33 35070 39 35395 48 35538 22 35719 58 35866 29 36047 64 36181 49 36378 67 36506 58 36712 67 36833 66 37046 67 37159 75 37381 66 37488 80 37717 64 37818 84 38051 64 38148 89 38385 64 38479 93 38719 64 38808 98 39052 64 39134 108 39387 63 39464 113 39721 62 39796 66 39868 44 40056 60 40128 65 40219 27 40391 58 40460 65 40556 24 40726 56 40792 65 40891 23 41059 56 41124 65 41227 20 41392 55 41457 64 41562 19 41726 54 41790 63 41897 17 42058 55 42123 63 42231 16 42391 55 42456 62 42566 13 42724 50 42789 62 42901 11 43056 50 43122 61 43235 10 43389 50 43444 1 43454 62 43570 7 43721 50 43777 2 43785 64 43905 4 44053 51 44110 3 44116 65 44385 52 44443 71 44717 54 44776 71 45049 56 45109 71 45381 57 45442 71 45713 59 45775 71 46046 60 46107 73 46378 61 46440 73 46711 61 46774 73 47043 62 47107 3 47111 69 47376 57 47434 4 47440 3 47445 69 47709 57 47767 4 47773 2 47778 70 48041 58 48100 4 48112 1 48116 66 48374 58 48433 3 48450 66 48707 58 48766 3 48783 67 49039 59 49099 3 49116 68 49372 59 49433 1 49450 69 49704 60 49766 1 49783 70 50037 60 50116 72 50369 61 50449 74 50702 61 50782 75 51034 63 51098 1 51115 76 51367 65 51448 77 51699 64 51764 1 51781 78 52031 65 52114 79 52363 66 52447 80 52696 65 52779 81 53028 67 53112 82 53359 69 53445 83 53691 72 53777 84 54022 74 54110 85 54354 74 54442 87 54687 75 54774 88 54881 3 55020 75 55107 89 55212 6 55353 76 55439 91 55544 7 55688 74 55771 93 55876 8 56034 61 56104 95 56207 10 56375 54 56436 114 56712 49 56768 116 57046 48 57101 116 57380 46 57432 119 57715 44 57765 120 58049 44 58096 123 58383 172 58717 172 59051 171 59385 28 59417 139 59718 26 59750 139 60052 24 60083 139 60385 26 60415 139 60719 167 61052 166 61386 162 61719 159 62053 150 62386 145 62720 141 63053 138 63387 135 63720 132 64054 129 64387 128 64721 125 65054 124 65388 122 65721 121 66055 119 66388 118 66722 115 67056 114 67389 112 67723 110 68056 110 68390 108 68724 106 69057 105 69391 103 69724 102 70058 100 70392 98 70725 98 71059 96 71392 95 71726 93 72059 93 72393 91 72727 89 73060 88 73394 87 73727 84 74061 82 74394 81 74728 80 75061 78 75152 6 75394 78 75483 10 75728 76 75814 13 76061 74 76146 15 76395 71 76478 18 76729 68 76810 20 77064 65 77142 22 77399 63 77473 25 77735 60 77805 27 78071 60 78135 31 78405 95 78740 93 79074 93 79409 92 79744 91 80040 3 80079 89 80370 6 80415 87 80701 7 80753 83 81032 8 81090 81 81362 10 81429 78 81694 9 81766 76 82026 9 82101 79 82358 9 82437 78 82690 9 82772 78 83021 10 83106 78 83354 7 83442 75 83687 2 83776 74 84111 73 84446 72 84781 70 85117 68 85454 63 85790 47 86135 23
shiba_inu_113,25223 8 25719 17 26218 24 26364 38 26717 34 26808 9 26856 56 27217 54 27303 18 27347 69 27717 61 27799 27 27841 77 28217 202 28717 203 29218 202 29718 202 30218 202 30719 201 31220 200 31720 200 32221 199 32721 200 33222 199 33722 199 34223 198 34723 198 35223 198 35724 197 36224 197 36724 197 37223 198 37723 198 38223 198 38723 198 39223 198 39723 198 40223 198 40722 199 41222 199 41722 199 42221 200 42721 199 43221 199 43721 199 44221 199 44721 199 45221 199 45721 199 46221 199 46721 199 47221 199 47721 199 48221 199 48721 199 49221 199 49721 199 50221 199 50722 198 51222 198 51722 198 52222 198 52722 198 53222 198 53722 198 54222 198 54722 198 55222 198 55722 198 56221 199 56721 199 57220 200 57720 200 58219 201 58719 201 59218 202 59717 203 60217 203 60716 204 61216 204 61715 205 62215 205 62715 205 63215 205 63715 205 64216 204 64717 16 64749 171 65220 7 65255 165 65760 160 66263 158 66767 154 67270 151 67774 147 68277 144 68781 140 69284 137 69787 134 70289 132 70791 130 71294 127 71795 126 72298 123 72800 121 73303 63 73384 37 73807 5 73840 14 73888 33 74391 30 74893 28 75394 27 75895 26 76397 24 76898 23 77399 22 77900 20 78401 19 78902 18 79403 17 79905 15 80406 14 80909 10 81412 6
english_setter_166,79235 1 79607 11 79981 16 80355 20 80729 23 80791 6 81104 27 81164 12 81478 29 81537 16 81852 35 81911 21 82227 43 82285 25 82601 51 82657 29 82976 87 83350 89 83725 90 84100 91 84475 92 84849 95 85224 96 85599 97 85974 99 86349 100 86724 102 87099 104 87474 107 87849 109 88223 112 88598 113 88973 114 89348 114 89723 115 90098 115 90472 116 90847 117 91222 117 91597 118 91972 119 92347 119 92722 119 93097 120 93472 120 93847 121 94222 122 94597 122 94973 122 95348 123 95723 123 96098 124 96474 123 96849 124 97225 124 97600 127 97733 7 97976 145 98351 162 98727 164 99103 166 99478 167 99854 168 100230 168 100605 170 100981 170 101357 171 101733 171 102108 173 102485 173 102860 174 103237 174 103613 174 103989 173 104365 173 104741 172 105117 172 105493 171 105869 169 106245 164 106621 151 106997 147 107373 144 107749 141 108125 139 108501 138 108877 136 109253 135 109629 133 110005 132 110381 131 110757 131 111133 130 111509 129 111886 128 112261 129 112638 129 113013 150 113389 154 113765 162 114140 164 114516 165 114891 165 115267 164 115642 164 116018 163 116393 163 116768 142 116915 15 117143 141 117293 11 117519 139 117673 2 117894 138 118270 136 118645 136 119021 133 119396 133 119771 131 120147 129 120523 127 120898 126 121274 124 121649 123 122025 121 122401 118 122777 116 123152 115 123529 111 123905 109 124282 105 124658 102 125035 98 125411 95 125787 92 126164 88 126540 84 126917 80 127293 73 127669 65 128046 58 128423 51 128800 47 129178 34 129557 18 129935 12
scottish_terrier_123,15923 6 16294 12 16616 13 16644 7 16653 30 16986 21 17014 45 17359 77 17732 81 18105 85 18478 89 18852 93 19225 100 19599 103 19974 105 20348 108 20722 110 21096 112 21471 113 21845 115 22220 116 22595 117 22969 120 23344 121 23719 123 24094 126 24469 128 24844 130 25219 132 25595 132 25970 134 26345 134 26720 135 27095 136 27470 137 27845 138 28220 138 28595 139 28971 138 29346 139 29721 139 30096 139 30471 138 30847 137 31222 136 31597 136 31972 135 32347 134 32722 134 33096 134 33471 134 33846 133 34221 133 34596 132 34971 132 35346 132 35721 132 36096 132 36471 132 36846 132 37221 132 37596 132 37971 132 38346 132 38721 133 39096 133 39471 133 39845 135 40220 135 40595 136 40970 137 41345 138 41720 139 42095 141 42470 142 42845 144 43220 145 43595 146 43969 149 44132 7 44344 152 44501 16 44719 175 45094 176 45469 177 45844 179 46219 180 46594 181 46969 184 47344 186 47719 198 48094 202 48469 207 48844 214 49219 218 49594 221 49970 223 50345 225 50720 227 51095 228 51470 230 51846 230 52221 230 52596 231 52971 232 53347 232 53722 233 54097 235 54473 235 54848 236 55223 238 55598 239 55974 239 56349 241 56724 243 57100 244 57475 247 57851 249 58226 253 58601 261 58976 264 59352 264 59727 266 60102 266 60477 268 60853 267 61228 268 61603 269 61978 270 62353 270 62728 270 63104 269 63479 269 63854 269 64229 269 64604 270 64979 270 65354 270 65729 270 66104 269 66479 269 66854 269 67229 269 67604 268 67979 268 68354 266 68729 265 69104 265 69478 265 69853 264 70228 263 70603 262 70978 261 71353 259 71727 259 72102 257 72477 255 72852 254 73227 253 73601 254 73976 253 74351 253 74725 253 75100 253 75475 253 75850 252 76224 253 76599 253 76974 253 77349 252 77723 253 78098 253 78473 253 78848 253 79222 254 79597 254 79972 254 80347 254 80722 254 81096 254 81471 254 81846 254 82221 254 82596 253 82970 254 83345 233 83580 18 83720 227 83960 12 84095 224 84340 5 84470 221 84845 219 85219 218 85594 216 85969 215 86344 213 86719 211 87094 210 87469 208 87844 206 88218 205 88593 202 88968 199 89343 196 89718 193 90093 191 90468 188 90843 185 91218 184 91593 181 91967 135 92110 37 92342 133 92487 34 92717 132 92864 30 93092 131 93240 27 93466 131 93616 24 93841 131 93993 20 94216 130 94370 16 94590 130 94746 13 94895 9 94965 130 95125 5 95269 14 95340 129 95642 20 95714 129 96017 29 96047 5 96088 128 96391 42 96462 128 96766 46 96836 128 97140 51 97209 129 97515 56 97581 132 97890 197 98266 196 98641 196 99016 196 99392 195 99767 196 100143 195 100519 195 100895 195 101271 196 101647 196 102023 196 102399 196 102775 195 103152 194 103528 193 103904 193 104280 192 104656 191 105032 190 105408 190 105783 190 106159 189 106535 188 106911 187 107287 186 107663 185 108039 184 108415 183 108791 183 109166 183 109542 182 109918 181 110293 181 110669 180 111045 179 111421 178 111796 178 112172 177 112548 177 112924 176 113301 175 113677 174 114054 173 114431 172 114808 171 115185 171 115562 171 115938 172 116315 172 116691 173 117066 174 117442 174 117818 174 118193 174 118569 174 118945 174 119320 175 119696 175 120071 176 120446 177 120821 177 121196 178 121572 178 121947 179 122322 179 122697 180 123072 180 123448 180 123823 181 124198 182 124574 182 124949 183 125324 183 125699 184 126074 185 126450 184 126825 185 127200 185 127575 186 127950 186 128325 186 128700 187 129076 186 129451 187 129826 187 130201 187 130576 187 130951 188 131327 187 131702 188 132077 188 132452 188 132828 188 133203 188 133578 188 133953 189 134329 188 134704 188 135079 189 135454 189 135830 188 136205 188 136581 187 136956 188 137332 187 137707 187 138083 186 138459 185 138835 185 139210 185 139586 184 139962 183 140338 182 140714 181 141090 180 141466 179 141842 179 142218 178 142593 178 142969 177 143345 176 143721 175 144097 173 144473 172 144849 171 145225 169 145601 168 145977 166 146353 165 146729 164 147106 161 147482 160 147858 158 148234 157 148610 156 148987 154 149363 152 149739 151 150115 150 150491 149 150868 146 151245 144 151622 142 152000 138 152382 131 152762 125 153144 118 153525 112 153908 104 154287 99 154665 96 155043 92 155420 90 155797 88 156174 85 156550 84 156926 82 157303 80 157679 78 158055 76 158432 74 158809 71 159185 69 159562 66 159939 63 160315 61 160692 58 161068 56 161445 54 161821 52 162198 50 162574 48 162951 46 163327 45 163704 42 164082 39 164459 36 164838 31 165216 28 165594 24 165972 20 166350 16 166728 12 167106 7
Russian_Blue_90,21608 7 22103 18 22598 27 23093 35 23589 42 24082 52 24578 59 25076 64 25575 67 26072 73 26569 79 27068 84 27568 88 28067 94 28567 103 29067 129 29568 137 30068 144 30568 148 31068 151 31568 154 32068 157 32568 161 33069 164 33569 167 34069 170 34569 173 35069 176 35569 178 36069 180 36569 182 37069 183 37568 186 38068 187 38568 188 39068 189 39568 190 40068 191 40568 192 41068 193 41567 195 42067 196 42567 197 43067 198 43567 199 44067 201 44567 202 45066 205 45566 206 46066 208 46566 209 47066 211 47566 213 48066 215 48566 216 49066 218 49567 219 50067 221 50567 223 51067 225 51567 226 52067 228 52568 228 53068 230 53568 231 54068 232 54568 233 55069 234 55569 235 56069 236 56569 238 57069 239 57569 241 58069 243 58569 245 59069 247 59569 249 60070 250 60570 252 61070 254 61570 255 62070 257 62569 260 63069 262 63569 264 64068 267 64568 270 65068 272 65567 276 66067 279 66566 283 67066 286 67565 291 68065 293 68564 298 69064 301 69564 304 70064 307 70564 311 71065 313 71567 14 71598 283 72102 282 72604 283 73106 284 73608 289 74109 297 74611 301 75112 303 75613 305 76115 304 76615 306 77116 305 77617 305 78118 304 78619 304 79119 304 79620 303 80120 304 80621 303 81121 302 81622 301 82123 300 82623 299 83124 297 83625 295 84125 294 84626 292 85127 290 85628 287 86129 284 86631 278 87132 273 87634 267 88135 263 88637 259 89138 256 89640 253 90141 251 90643 248 91144 247 91645 246 92146 244 92647 243 93148 242 93648 241 94149 240 94650 240 95150 240 95650 240 96150 241 96650 241 97151 241 97651 241 98151 242 98651 242 99151 242 99651 243 100151 243 100651 243 101151 244 101651 244 102151 244 102651 244 103151 244 103651 244 104151 244 104651 244 105151 244 105651 244 106151 244 106651 245 107152 244 107652 244 108152 244 108652 244 109152 244 109652 244 110152 244 110652 245 111152 245 111652 245 112152 245 112653 244 113153 244 113653 245 114153 245 114654 244 115154 244 115654 245 116154 245 116655 244 117155 245 117656 244 118156 245 118656 245 119157 245 119657 245 120157 245 120658 245 121158 245 121659 244 122159 245 122660 244 123160 244 123661 243 124161 243 124662 242 125162 242 125663 241 126163 241 126664 240 127165 239 127665 239 128166 238 128666 237 129167 236 129668 234 130169 232 130670 230 131171 228 131672 225 132173 222 132674 218 133175 214 133676 211 134176 210 134677 207 135178 204 135680 202 136181 199 136682 197 137183 195 137685 191 138187 189 138689 186 139190 184 139692 181 140194 177 140696 173 141197 169 141699 163 142200 157 142702 151 143203 145 143705 140 144207 135 144709 130 145210 128 145712 125 146214 122 146715 120 147217 118 147718 117 148220 115 148722 113 149224 112 149725 112 150227 111 150729 111 151231 112 151733 114 152235 117 152738 120 153240 123 153742 124 154244 125 154747 126 155249 130 155752 135 156256 133 156759 131 157262 129 157765 127 158268 125 158770 123 159274 119 159777 116 160280 113 160783 110 161285 108 161788 105 162291 102 162793 100 163296 97 163798 96 164300 94 164802 92 165304 91 165805 90 166307 88 166808 87 167310 85 167812 84 168314 81 168815 80 169318 76 169820 46 169877 16 170324 27 170831 6
english_setter_164,70688 11 71058 18 71429 23 71795 33 72163 40 72536 42 72908 46 73282 47 73656 48 74029 50 74403 52 74777 53 75151 55 75526 55 75900 57 76274 58 76648 60 77022 61 77397 62 77771 64 78145 66 78520 67 78894 69 79269 72 79643 75 80017 79 80392 83 80767 88 81141 102 81516 108 81890 111 82265 114 82639 119 83014 123 83389 128 83763 139 84138 144 84513 147 84888 148 85262 150 85637 151 86012 152 86387 152 86762 153 87137 153 87512 153 87887 154 88262 154 88636 155 89011 155 89386 156 89761 156 90136 157 90511 157 90886 158 91063 6 91261 158 91435 10 91636 159 91807 13 92011 162 92180 15 92387 183 92762 183 93137 183 93512 183 93887 183 94263 181 94638 180 95013 179 95389 178 95764 177 96140 174 96515 173 96891 171 97266 170 97642 167 98017 166 98393 164 98768 163 99144 162 99519 161 99895 160 100270 159 100645 159 101021 158 101396 158 101771 158 102147 157 102522 157 102897 157 103273 157 103648 157 104024 156 104399 156 104775 156 105150 156 105526 156 105901 156 106276 157 106651 157 107026 158 107401 158 107776 159 108151 160 108526 161 108901 162 109276 163 109650 166 110025 170 110207 9 110399 194 110774 196 111148 197 111522 198 111897 198 112271 198 112645 198 113019 198 113394 195 113768 173 114142 172 114516 171 114891 169 115265 169 115639 168 116013 167 116388 166 116762 164 117136 162 117510 161 117885 159 118259 120 118389 29 118633 117 118767 24 119007 115 119147 16 119381 114 119525 11 119755 113 120129 112 120503 111 120878 109 121252 108 121626 108 122000 107 122374 106 122748 105 123123 103 123497 103 123871 103 124245 102 124619 102 124993 102 125367 102 125740 103 126114 103 126488 104 126862 104 127235 105 127609 105 127983 105 128357 105 128731 105 129104 105 129478 105 129852 105 130226 104 130599 105 130973 105 131347 104 131720 105 132094 105 132467 106 132841 106 133215 105 133588 106 133961 107 134335 106 134708 107 135082 107 135456 107 135830 107 136203 109 136577 109 136951 110 137325 110 137700 109 138074 109 138448 108 138823 108 139197 109 139571 111 139946 126 140320 131 140695 133 141070 134 141444 135 141819 135 142194 134 142569 132 142944 126 143318 125 143693 121 144068 119 144443 117 144818 116 145193 115 145568 114 145943 113 146318 112 146693 111 147068 111 147443 110 147818 109 148193 108 148568 108 148943 107 149318 106 149693 105 150068 104 150444 103 150819 102 151194 100 151569 99 151944 97 152319 95 152694 93 153070 90 153445 88 153820 86 154195 84 154570 81 154946 78 155321 76 155696 74 156071 72 156446 69 156822 66 157197 64 157572 61 157947 59 158322 56 158697 55 159073 52 159448 51 159823 50 160198 49 160573 48 160948 47 161324 45 161699 44 162074 43 162449 43 162824 42 163200 40 163575 39 163951 37 164326 37 164701 36 165077 33 165453 31 165829 28 166205 25 166581 22 166960 13
japanese_chin_27,31919 3 32250 9 32582 12 32915 14 33247 18 33579 22 33912 25 34243 29 34573 35 34901 44 35225 59 35550 72 35879 84 36207 92 36536 98 36866 102 37197 106 37527 111 37858 115 38189 119 38520 123 38851 127 39183 130 39515 133 39847 137 40180 139 40512 142 40844 145 41175 149 41505 154 41835 160 42165 165 42495 170 42823 178 43152 185 43483 190 43815 195 44147 200 44479 204 44812 207 45145 211 45478 215 45812 218 46146 221 46480 223 46814 226 47148 228 47482 231 47816 234 48150 236 48484 239 48818 241 49153 242 49487 244 49821 247 50155 248 50489 251 50824 252 51158 254 51492 258 51827 261 52161 264 52495 269 52829 276 53164 277 53498 277 53832 277 54167 276 54501 276 54835 276 55169 276 55503 276 55837 276 56171 276 56505 276 56839 276 57173 276 57507 276 57841 276 58175 276 58509 276 58843 276 59177 276 59510 277 59844 277 60178 277 60512 276 60846 274 61180 271 61513 270 61847 269 62181 268 62515 267 62849 266 63183 265 63516 265 63850 265 64184 264 64518 264 64852 263 65186 263 65520 263 65853 263 66187 263 66521 263 66855 263 67189 263 67522 263 67856 263 68190 263 68524 263 68858 263 69192 263 69526 263 69860 262 70194 262 70528 262 70862 262 71196 261 71530 261 71864 261 72198 261 72532 261 72866 261 73200 261 73534 260 73868 260 74202 259 74536 259 74870 258 75204 258 75538 258 75872 257 76206 257 76540 256 76874 256 77207 257 77541 257 77875 257 78209 257 78543 257 78877 257 79211 257 79545 257 79879 258 80214 257 80548 258 80882 258 81216 258 81550 259 81884 259 82219 259 82553 259 82887 260 83222 259 83556 260 83890 261 84225 260 84559 261 84894 261 85228 261 85563 261 85897 262 86232 262 86566 263 86901 263 87235 264 87570 266 87904 271 88176 1 88239 272 88573 272 88908 271 89243 270 89577 270 89912 269 90247 268 90582 267 90917 266 91251 266 91586 262 91921 232 92163 14 92256 228 92591 225 92926 222 93260 220 93595 217 93930 215 94264 213 94599 210 94934 207 95268 205 95603 203 95938 200 96272 198 96607 196 96941 194 97275 193 97610 190 97944 189 98279 187 98613 186 98948 183 99282 182 99616 181 99951 179 100285 178 100620 176 100954 175 101288 174 101622 173 101957 171 102291 170 102625 170 102960 168 103294 167 103628 167 103963 165 104297 164 104632 163 104966 162 105301 161 105635 160 105970 159 106305 157 106639 157 106974 155 107309 154 107644 152 107979 150 108314 148 108649 146 108984 143 109319 141 109654 137 109990 133 110325 128 110660 124 110995 121 111331 116 111665 114 112000 112 112335 110 112670 108 113005 107 113340 105 113675 103 114010 102 114345 100 114680 99 115015 97 115351 95 115686 94 116021 92 116356 91 116691 89 117027 86 117362 83 117698 81 118034 78 118369 77 118705 74 119041 65 119377 59 119713 56 120048 54 120384 50 120722 45 121064 1 121070 30 121412 20 121748 15 122085 11
japanese_chin_169,144 47 520 46 895 45 1270 45 1645 46 2019 47 2393 48 2767 49 3140 51 3513 53 3887 54 4261 54 4635 55 5009 56 5384 56 5758 57 6133 57 6508 57 6882 58 7257 58 7631 59 8006 59 8381 59 8755 60 9129 60 9504 60 9879 60 10253 61 10628 60 11002 61 11377 61 11751 62 12125 62 12499 63 12874 63 13248 64 13622 64 13997 64 14372 63 14746 64 15121 64 15495 65 15870 65 16244 66 16619 66 16993 68 17367 69 17742 70 18116 71 18491 72 18865 74 19240 74 19614 76 19989 77 20363 78 20738 79 21113 80 21487 82 21862 83 22237 83 22612 84 22986 86 23361 87 23736 88 24111 90 24485 92 24860 93 25235 95 25609 97 25984 99 26358 102 26733 103 27107 106 27482 107 27856 110 28231 111 28605 113 28980 114 29355 115 29729 116 30104 117 30479 118 30853 119 31228 120 31602 121 31977 122 32352 123 32726 124 33101 125 33476 126 33851 126 34226 127 34601 128 34975 130 35350 131 35725 132 36100 133 36475 135 36850 136 37226 136 37601 137 37976 138 38351 138 38726 139 39102 139 39477 140 39852 141 40227 142 40602 142 40978 142 41353 142 41728 143 42103 143 42478 144 42853 144 43228 145 43604 144 43979 144 44354 144 44729 144 45104 145 45478 146 45853 146 46228 146 46603 146 46978 146 47353 147 47728 147 48103 147 48477 148 48852 148 49227 148 49602 149 49977 149 50351 150 50726 150 51101 150 51476 151 51851 151 52226 151 52601 152 52976 152 53351 153 53726 153 54101 154 54476 154 54851 154 55226 155 55601 155 55976 156 56351 157 56726 157 57101 158 57476 158 57851 158 58226 159 58601 159 58976 160 59351 160 59725 162 60100 162 60475 162 60850 163 61225 163 61600 164 61975 164 62349 166 62724 166 63099 167 63474 167 63849 168 64224 168 64599 169 64974 169 65349 170 65724 170 66099 171 66474 171 66849 172 67224 172 67599 173 67974 173 68350 173 68725 173 69100 173 69475 173 69850 174 70226 173 70601 173 70976 173 71351 173 71726 174 72102 173 72477 173 72852 173 73227 173 73603 172 73978 172 74353 173 74728 173 75104 172 75479 172 75854 172 76229 172 76605 171 76980 171 77355 172 77731 171 78107 170 78482 170 78858 169 79233 170 79609 169 79984 169 80360 168 80736 168 81111 168 81487 167 81862 167 82238 166 82613 167 82989 166 83364 166 83740 165 84115 165 84490 166 84866 165 85241 165 85616 165 85991 166 86367 165 86742 165 87117 165 87492 166 87867 166 88242 166 88618 165 88993 166 89368 166 89743 166 90118 166 90493 167 90868 167 91243 167 91618 167 91993 168 92368 168 92743 168 93118 168 93493 169 93868 169 94243 169 94618 169 94993 169 95368 169 95743 169 96118 169 96493 170 96868 170 97242 171 97617 171 97992 171 98366 172 98741 172 99115 173 99490 173 99864 175 100239 175 100613 176 100987 178 101362 178 101736 179 102111 180 102485 181 102860 182 103234 183 103609 184 103983 185 104358 186 104732 188 105107 188 105481 190 105856 191 106230 193 106605 195 106980 196 107354 198 107729 200 108103 202 108478 204 108852 206 109227 208 109601 210 109976 212 110351 214 110725 216 111100 218 111474 221 111849 223 112223 226 112598 228 112973 229 113347 231 113722 232 114097 233 114471 236 114846 237 115221 239 115596 240 115971 242 116346 244 116721 171 116898 69 117096 169 117275 69 117470 169 117651 70 117845 168 118027 73 118220 168 118402 75 118595 169 118778 76 118970 170 119153 78 119345 170 119528 80 119720 172 119903 81 120094 173 120278 82 120469 174 120653 83 120844 175 121028 85 121219 176 121403 87 121593 178 121778 88 121968 179 122153 90 122343 179 122528 91 122717 180 122903 93 123092 180 123278 95 123467 180 123653 97 123841 181 124027 99 124216 181 124402 99 124590 183 124776 100 124965 183 125150 101 125340 286 125714 287 126089 287 126464 287 126838 288 127213 288 127588 288 127962 289 128337 289 128711 290 129086 290 129461 290 129836 290 130210 291 130585 291 130960 291 131335 291 131709 292 132084 292 132459 292 132834 292 133208 293 133583 293 133958 293 134333 293 134708 293 135083 293 135457 294 135832 294 136207 294 136582 294 136957 294 137332 294 137707 294 138082 294 138457 294 138832 294 139207 294 139582 294 139958 293 140333 293 140708 293 141083 293 141459 292 141834 292 142209 292 142585 291 142960 291 143336 290 143711 290 144086 290 144462 289 144837 289 145212 289 145588 288 145963 288 146338 288 146713 288 147089 287 147464 287 147839 287 148214 287 148589 287 148964 287 149340 286 149715 286 150090 286 150465 286 150840 286 151215 286 151590 286 151965 286 152340 286 152715 286 153090 286 153465 284 153840 284 154215 283 154590 283 154965 283 155340 283 155715 283 156090 283 156465 283 156840 283 157215 283 157590 283 157965 283 158340 283 158716 282 159091 282 159466 189 159656 92 159842 184 160035 88 160217 183 160412 86 160592 181 160789 84 160968 180 161166 82 161343 179 161543 80 161719 177 161920 78 162094 176 162298 75 162470 174 162676 72 162845 173 163052 71 163221 171 163428 70 163597 169 163805 68 163972 168 164181 67 164348 166 164557 66 164724 163 164933 65 165100 161 165310 63 165475 160 165686 62 165851 157 166062 61 166227 155 166438 60 166602 152 166814 59 166978 141 167190 58 167354 136 167566 57 167729 133 167942 56 168105 130 168318 55 168480 128 168695 13 168709 39 168856 125 169074 3 169087 36 169231 123 169464 34 169607 121 169839 34 169982 120 170215 33 170358 118 170591 32 170734 115 170966 31 171109 114 171342 30 171485 112 171717 30 171860 111 172093 29 172236 108 172468 28 172611 107 172844 26 172987 105 173219 25 173363 102 173594 25 173738 100 173970 24 174114 97 174345 24 174490 94 174720 23 174866 91 175094 24 175242 88 175469 25 175617 86 175844 25 175993 82 176219 25 176370 78 176595 24 176746 76 176970 24 177122 74 177345 24 177498 72 177720 24 177875 69 178095 23 178252 66 178470 23 178629 63 178845 23 179005 61 179220 23 179383 57 179595 23 179760 53 179971 21 180137 28 180346 21 180515 20 180721 20 180893 14 181096 20 181272 7 181471 20 181846 19 182221 19 182597 18 182972 17 183347 17 183722 17 184097 17 184473 16 184848 16 185223 15 185599 14 185975 12 186350 11 186725 11 187100 11 187475 10
pug_30,14598 6 15095 12 15594 16 16093 20 16592 24 17091 28 17590 31 18089 36 18588 39 19088 42 19587 46 20086 50 20585 53 21085 56 21584 59 22083 62 22582 64 23082 66 23581 69 24081 70 24580 71 25079 73 25579 73 26078 74 26578 74 27077 75 27577 75 28076 76 28258 9 28576 76 28750 24 29075 77 29242 38 29575 78 29733 51 30074 79 30226 62 30574 79 30722 69 31073 81 31218 76 31573 82 31715 81 32073 83 32212 86 32572 85 32709 91 33072 87 33205 97 33571 90 33702 102 34071 91 34199 107 34571 94 34695 112 35070 98 35192 117 35570 102 35687 124 36070 242 36570 244 37069 246 37569 248 38068 251 38568 252 39068 254 39567 256 40067 258 40566 260 41065 263 41565 264 42064 267 42563 269 43063 270 43562 272 44061 274 44560 275 45059 277 45559 278 46058 279 46557 281 47056 282 47556 283 48055 284 48555 285 49054 286 49553 287 50053 288 50553 288 51052 289 51552 290 52051 291 52551 292 53051 292 53551 293 54051 294 54419 5 54550 295 54916 9 55050 296 55413 12 55550 297 55911 14 56050 298 56408 17 56550 300 56906 19 57050 301 57404 20 57550 302 57902 22 58050 304 58399 24 58550 307 58897 26 59051 308 59394 29 59551 312 59890 33 60051 320 60385 37 60551 371 61050 371 61550 371 62050 370 62550 370 63050 369 63550 367 64050 366 64550 364 65050 361 65550 358 66050 352 66550 333 67050 327 67549 323 68049 319 68549 317 69049 315 69549 313 70049 312 70549 311 71049 311 71549 310 72049 310 72549 309 73048 310 73548 309 74048 309 74548 309 75048 309 75548 309 76047 310 76547 310 77046 311 77546 310 78046 310 78546 266 78822 34 79045 264 79326 30 79545 263 79827 29 80045 262 80329 27 80545 261 80830 27 81044 261 81331 26 81544 260 81832 25 82044 260 82333 24 82543 260 82834 23 83043 260 83335 22 83543 260 83836 22 84043 259 84337 21 84543 259 84837 22 85043 259 85338 21 85543 259 85838 22 86043 259 86338 22 86543 259 86839 22 87043 259 87340 22 87543 259 87840 23 88042 260 88341 23 88542 261 88841 23 89042 261 89342 23 89542 262 89843 23 90042 262 90343 23 90542 262 90843 23 91042 263 91344 22 91542 263 91844 22 92042 263 92345 21 92542 263 92845 21 93042 264 93345 20 93542 264 93845 20 94041 265 94346 19 94541 265 94846 18 95041 265 95346 18 95541 265 95846 18 96041 265 96346 17 96541 265 96847 16 97041 265 97347 15 97541 265 97847 15 98041 265 98347 15 98541 265 98847 15 99041 265 99347 14 99541 265 99847 14 100041 265 100347 13 100541 265 100848 12 101041 265 101348 12 101541 265 101848 12 102041 265 102348 11 102541 265 102849 10 103041 264 103349 10 103541 264 103849 10 104041 264 104350 9 104541 263 104850 9 105041 263 105350 9 105541 262 105849 9 106041 262 106349 9 106541 261 106849 9 107041 261 107348 10 107541 261 107848 10 108041 261 108347 11 108541 261 108847 11 109041 261 109346 12 109540 262 109846 12 110040 262 110346 12 110540 263 110846 12 111040 264 111345 13 111540 265 111845 14 112039 267 112345 14 112539 268 112845 14 113039 269 113344 15 113538 271 113844 15 113912 6 114038 272 114344 15 114408 13 114538 274 114844 15 114904 19 115038 275 115344 16 115402 23 115538 276 115843 17 115899 27 116038 277 116343 18 116397 30 116538 278 116843 18 116894 33 117037 279 117343 19 117391 37 117537 280 117842 21 117888 40 118037 280 118342 22 118382 46 118537 280 118842 24 118878 51 119036 281 119342 26 119374 55 119536 281 119842 88 120036 281 120342 88 120536 282 120842 88 121036 282 121341 89 121536 282 121841 89 122036 282 122341 89 122536 283 122841 88 123036 283 123341 88 123536 283 123840 88 124035 284 124340 86 124535 284 124840 47 124904 21 125035 285 125339 40 125410 11 125535 285 125839 35 126035 286 126338 32 126536 285 126837 30 127036 285 127337 28 127536 286 127836 26 128037 286 128335 25 128537 288 128833 25 129037 289 129332 24 129538 317 130039 314 130539 312 131040 310 131540 308 132040 306 132541 303 133042 300 133542 298 134042 296 134543 293 135044 291 135544 290 136045 288 136545 287 137046 285 137546 284 138047 282 138547 281 139048 279 139548 278 140049 277 140549 276 141050 274 141550 273 142051 271 142551 270 143051 269 143552 266 144052 265 144553 262 145053 260 145554 258 146054 256 146554 254 147055 252 147555 250 148056 247 148557 244 149057 241 149558 238 150059 234 150559 231 151060 227 151561 222 152062 125 152189 89 152562 74 152652 28 152711 64 153063 65 153219 52 153564 59 153726 41 154065 55 154231 31 154565 53 155066 50 155567 48 156068 46 156568 44 157069 42 157570 39 158071 36 158571 34 159072 30 159573 26 160074 22 160575 17 161077 11
Egyptian_Mau_180,203 45 502 45 801 47 1100 49 1398 52 1696 56 1994 61 2289 66 2588 68 2887 70 3187 70 3488 69 3789 68 4089 69 4390 68 4691 67 4991 67 5291 67 5591 68 5891 13 5906 53 6190 14 6206 53 6296 1 6490 13 6507 52 6591 8 6790 13 6809 51 6889 12 7090 13 7110 50 7187 14 7390 13 7411 50 7486 15 7691 9 7715 47 7784 17 7992 8 8016 47 8082 19 8274 2 8295 1 8298 1 8318 47 8380 21 8572 4 8619 49 8678 23 8871 6 8922 79 9171 5 9227 74 9470 7 9501 5 9529 72 9770 7 9801 5 9831 70 10070 7 10101 5 10133 68 10370 7 10400 6 10435 66 10670 8 10700 6 10737 64 10969 11 10999 8 11038 63 11268 13 11299 7 11339 62 11567 15 11600 6 11640 61 11866 17 11900 5 11940 61 12165 18 12201 2 12241 60 12464 19 12542 59 12763 20 12842 59 13063 19 13143 58 13363 19 13443 58 13662 19 13743 58 13962 19 14043 58 14262 19 14343 58 14562 17 14644 57 14862 16 14944 57 15164 8 15244 57 15464 5 15544 57 15765 1 15844 57 16143 58 16443 58 16743 58 17042 59 17342 59 17642 59 17941 60 18241 60 18540 61 18839 62 19138 63 19437 64 19737 64 20036 65 20335 66 20634 67 20933 68 21232 69 21531 70 21831 70 22130 71 22429 72 22728 73 23027 74 23327 74 23626 75 23925 76 24224 77 24523 78 24823 78 25122 79 25421 80 25720 81 26019 82 26319 82 26618 83 26917 84 27215 86 27514 87 27813 88 28112 89 28411 90 28710 91 29009 92 29308 93 29607 94 29905 96 30204 97 30503 98 30802 99 31100 101 31400 101 31699 102 31998 103 32297 104 32596 105 32895 106 33194 107 33493 108 33792 109 34091 110 34390 111 34689 112 34988 113 35287 114 35586 115 35886 115 36185 116 36484 117 36784 117 37083 118 37382 119 37681 120 37980 121 38280 121 38579 122 38878 123 39177 124 39476 125 39775 126 40074 127 40373 128 40673 128 40972 129 41271 130 41570 131 41870 131 42169 132 42468 133 42768 133 43067 134 43366 135 43665 136 43964 137 44263 138 44562 139 44861 140 45160 141 45459 142 45758 143 46056 145 46355 146 46654 147 46953 148 47252 149 47551 150 47851 150 48150 151 48449 152 48749 152 49048 153 49347 154 49560 7 49646 155 49859 11 49945 156 50158 14 50245 156 50459 15 50544 157 50759 17 50843 157 51059 19 51142 157 51360 20 51442 155 51660 23 51741 155 51960 26 52040 155 52261 30 52339 155 52561 33 52639 153 52862 35 52938 153 53162 37 53237 152 53463 39 53536 151 53763 41 53835 151 54064 42 54134 150 54364 43 54432 151 54665 44 54731 150 54965 45 55029 151 55266 45 55328 151 55566 47 55626 151 55867 48 55924 152 56167 50 56221 153 56468 205 56768 204 57068 203 57369 201 57669 200 57969 198 58269 197 58569 196 58869 195 59169 194 59469 193 59769 192 60069 191 60368 191 60668 190 60968 189 61268 188 61567 189 61867 188 62167 187 62467 186 62766 186 63066 185 63366 184 63665 185 63965 184 64265 184 64565 184 64864 184 65164 184 65464 184 65764 183 66064 183 66363 184 66663 184 66963 184 67263 184 67563 183 67863 183 68163 183 68463 183 68762 184 69062 184 69362 185 69662 185 69962 185 70262 185 70562 185 70862 185 71162 185 71462 186 71762 186 72062 186 72362 186 72662 187 72962 187 73262 188 73562 188 73862 189 74162 137 74316 35 74461 136 74619 32 74761 134 74922 30 75061 132 75225 27 75361 130 75526 26 75661 128 75828 25 75960 127 76129 24 76260 86 76353 32 76431 22 76559 84 76656 27 76732 22 76859 82 76963 18 77033 21 77158 82 77273 2 77334 20 77458 80 77634 21 77757 79 77935 20 78056 79 78237 18 78356 78 78538 18 78655 78 78838 18 78954 78 79139 17 79253 78 79440 17 79552 77 79741 16 79851 77 80042 15 80150 77 80342 15 80449 76 80643 14 80748 75 80944 13 81047 74 81244 13 81346 72 81545 12 81645 71 81845 12 81944 70 82146 10 82243 68 82446 10 82542 66 82747 9 82841 65 83048 7 83140 64 83349 5 83439 63 83651 2 83738 61 84038 59 84338 55 84637 52 84938 47 85238 38 85539 28 85842 19 86146 10
wheaten_terrier_45,63487 14 63858 22 64232 25 64604 36 64978 40 65352 42 65726 45 66100 47 66474 50 66848 52 67222 55 67596 57 67971 59 68345 61 68550 7 68720 63 68923 11 69094 67 69296 14 69469 70 69670 16 69843 74 70043 19 70218 76 70417 20 70592 81 70791 22 70967 86 71165 23 71341 99 71538 26 71716 110 71912 27 72091 112 72285 29 72465 115 72658 32 72840 117 73030 35 73214 118 73401 39 73589 119 73773 43 73964 120 74141 50 74338 122 74512 55 74713 123 74884 58 75087 126 75255 63 75462 127 75627 66 75837 128 75998 71 76211 130 76370 74 76586 131 76743 77 76960 134 77115 80 77335 137 77487 84 77709 142 77858 88 78084 237 78458 239 78833 239 79208 239 79582 241 79957 241 80331 242 80706 242 81081 242 81456 242 81830 154 81985 88 82205 152 82363 84 82580 150 82739 83 82954 151 83115 82 83329 150 83491 81 83704 150 83866 80 84079 150 84241 80 84453 151 84616 80 84828 150 84991 79 85203 150 85366 79 85578 150 85742 78 85952 151 86117 77 86327 151 86493 76 86702 151 86869 75 87077 151 87245 74 87452 151 87621 72 87827 151 87996 72 88202 151 88372 71 88577 151 88748 70 88951 152 89123 70 89326 152 89498 69 89701 152 89874 68 90076 152 90249 68 90451 152 90625 67 90826 152 91000 67 91201 152 91376 66 91576 152 91751 66 91951 152 92127 65 92326 152 92503 64 92701 153 92878 64 93076 153 93255 62 93451 153 93631 61 93826 153 94010 57 94201 153 94387 55 94576 152 94764 52 94951 152 95140 51 95326 152 95516 50 95701 152 95892 49 96076 152 96268 48 96451 152 96644 46 96826 152 97019 46 97201 152 97394 46 97576 152 97769 46 97951 151 98144 45 98326 151 98518 46 98702 150 98892 47 99077 149 99267 47 99452 149 99640 49 99828 147 100014 50 100203 147 100385 54 100579 146 100755 59 100954 145 101127 62 101330 144 101499 65 101705 143 101871 68 102081 142 102244 70 102456 142 102617 72 102832 140 102991 73 103207 140 103364 75 103583 139 103738 76 103958 139 104112 77 104334 138 104486 79 104709 138 104859 81 105085 138 105226 89 105460 138 105599 91 105836 230 106211 230 106587 229 106962 230 107337 230 107713 229 108088 230 108464 229 108839 229 109215 228 109590 229 109966 228 110341 228 110717 227 111092 227 111468 226 111844 225 112219 225 112595 224 112970 223 113346 222 113722 221 114097 220 114473 219 114848 218 115224 217 115600 216 115975 215 116351 214 116727 213 117103 212 117478 211 117854 59 117920 144 118230 54 118300 139 118606 51 118678 136 118983 47 119056 132 119359 45 119432 131 119735 42 119809 129 120113 37 120186 126 120491 32 120562 125 120869 26 120938 124 121247 20 121314 122 121625 12 121690 121 122066 119 122442 118 122818 116 123194 115 123569 114 123945 113 124320 112 124696 111 125072 109 125447 109 125822 109 126198 107 126573 107 126949 106 127324 105 127699 105 128074 105 128450 104 128825 104 129200 104 129575 103 129951 102 130326 102 130701 102 131076 102 131452 101 131827 101 132202 101 132577 101 132953 100 133328 100 133703 100 134078 101 134454 100 134829 100 135204 100 135580 99 135955 99 136330 99 136706 99 137081 99 137457 98 137832 98 138208 97 138583 97 138959 97 139334 97 139710 96 140086 95 140461 95 140837 94 141213 93 141588 93 141964 92 142340 91 142716 90 143092 88 143467 88 143843 87 144219 86 144594 85 144970 84 145346 83 145721 82 146097 81 146473 80 146849 78 147225 77 147601 76 147977 74 148353 73 148729 71 149106 69 149482 67 149858 66 150235 63 150612 61 150990 57 151369 53 151747 49 152125 46 152504 42 152882 38 153262 33 153641 28 154019 24 154401 16 154780 11
Ragdoll_54,13768 9 14099 12 14429 18 14754 27 15085 30 15416 32 15749 32 16081 33 16413 34 16746 34 17078 34 17411 34 17743 34 18077 33 18411 31 18742 33 19075 32 19407 33 19738 34 20070 35 20402 35 20733 36 21064 38 21396 38 21727 40 22059 40 22390 42 22721 43 23053 44 23384 46 23716 47 24047 48 24379 49 24710 51 25030 2 25041 53 25361 5 25371 55 25691 10 25702 57 26023 69 26354 70 26684 73 27015 75 27346 77 27676 79 28006 82 28335 86 28666 87 28997 89 29328 91 29659 92 29991 93 30322 95 30654 95 30985 97 31317 98 31648 99 31980 100 32312 100 32643 102 32975 102 33306 104 33638 105 33969 106 34301 107 34632 109 34964 109 35294 112 35625 114 35955 117 36286 119 36584 10 36616 122 36907 25 36944 127 37233 170 37560 176 37887 182 38215 187 38544 190 38873 194 39204 196 39534 199 39865 200 40196 202 40527 204 40858 205 41189 207 41520 209 41851 210 42182 212 42513 214 42844 215 43176 216 43507 218 43838 219 44170 220 44502 221 44834 221 45166 222 45498 222 45831 222 46164 221 46497 221 46830 220 47164 219 47498 217 47832 216 48167 213 48501 212 48836 209 49171 207 49505 205 49840 203 50174 201 50507 201 50840 200 51173 200 51506 199 51838 200 52170 200 52503 200 52835 200 53167 200 53499 201 53831 201 54163 201 54495 201 54827 202 55158 203 55490 203 55822 203 56154 203 56485 204 56817 204 57148 205 57480 204 57811 205 58143 205 58475 205 58807 204 59139 204 59470 204 59802 204 60134 203 60466 202 60798 202 61130 202 61462 201 61794 201 62127 200 62459 199 62791 199 63124 197 63456 197 63789 195 64121 195 64454 194 64786 195 65119 194 65452 193 65784 193 66117 193 66449 193 66782 192 67115 192 67447 192 67780 191 68112 191 68445 191 68777 191 69110 191 69442 193 69775 193 70107 194 70440 195 70772 196 71104 198 71436 199 71769 199 72101 200 72433 201 72765 201 73097 202 73430 202 73762 202 74094 203 74426 203 74757 205 75089 206 75420 207 75752 208 76084 209 76415 211 76747 211 77079 212 77410 215 77742 216 78074 216 78406 217 78738 218 79070 218 79402 219 79734 219 80066 220 80399 219 80731 219 81063 220 81395 220 81728 220 82060 220 82392 220 82724 221 83057 220 83389 220 83721 221 84053 221 84386 220 84718 220 85051 219 85383 219 85716 218 86048 218 86380 218 86713 217 87045 218 87378 217 87710 217 88042 216 88375 215 88707 215 89039 215 89371 216 89704 215 90036 215 90368 215 90700 215 91033 214 91365 214 91697 214 92030 213 92362 213 92695 212 93027 212 93359 212 93692 211 94024 212 94357 211 94690 210 95022 210 95355 209 95687 209 96020 208 96352 208 96685 207 97017 206 97350 205 97682 205 98015 204 98347 204 98679 204 99012 203 99344 203 99677 202 100009 202 100341 202 100674 201 101006 201 101339 200 101671 200 102004 200 102336 200 102668 200 103001 199 103333 199 103666 198 103998 198 104331 197 104663 197 104996 196 105328 196 105660 196 105993 195 106325 195 106658 194 106990 194 107322 194 107655 193 107987 193 108319 193 108652 192 108984 191 109316 191 109648 191 109981 190 110313 190 110645 190 110977 190 111310 189 111642 189 111974 189 112307 187 112639 187 112971 187 113304 186 113636 186 113968 186 114301 185 114633 184 114966 183 115298 183 115631 182 115963 182 116296 181 116629 179 116961 179 117294 178 117627 177 117960 175 118293 174 118626 173 118959 171 119292 170 119624 170 119957 169 120290 167 120623 166 120956 165 121289 164 121621 164 121954 163 122287 162 122620 161 122952 162 123285 161 123618 160 123951 159 124283 160 124616 159 124949 159 125281 159 125614 159 125947 158 126280 158 126612 158 126945 158 127278 158 127610 159 127943 159 128276 159 128609 159 128941 160 129274 161 129607 161 129940 161 130273 162 130605 163 130938 164 131271 164 131604 165 131936 166 132269 166 132601 167 132934 167 133266 168 133599 168 133931 169 134264 169 134596 170 134928 171 135261 171 135593 172 135925 173 136257 175 136589 176 136921 177 137253 178 137585 179 137917 180 138249 181 138581 182 138913 184 139245 186 139577 188 139910 189 140242 192 140574 194 140906 195 141238 195 141571 194 141903 194 142236 193 142569 192 142902 191 143235 190 143569 188 143903 186 144237 184 144571 182 144904 181 145238 179 145571 178 145904 177 146237 176 146570 175 146903 174 147235 174 147568 173 147901 172 148234 171 148567 170 148900 169 149233 168 149566 167 149899 166 150233 164 150566 163 150900 161 151234 159 151568 157 151902 155 152236 153 152571 150 152906 147 153240 145 153574 143 153907 142 154241 140 154575 138 154908 137 155241 136 155574 135 155907 101 156011 30 156240 43 156290 35 156351 22 156573 40 156623 32 156686 19 156906 37 156957 28 157021 16 157239 35 157291 24 157355 11 157571 34 157624 20 157691 3 157904 33 157958 12 158237 31 158570 29 158903 27 159235 27 159568 25 159902 23 160236 20 160570 17 160903 16 161236 14 161570 11 161903 5 162237 1
english_setter_78,80306 21 80802 30 81300 34 81623 10 81799 38 82120 16 82297 42 82618 19 82796 45 83115 24 83295 47 83614 26 83794 50 84112 30 84292 54 84611 32 84791 57 85109 35 85289 60 85608 38 85788 62 86107 39 86286 65 86375 6 86606 41 86783 68 86874 11 87105 43 87281 70 87374 13 87604 45 87756 12 87773 78 87875 13 88104 46 88254 97 88375 15 88603 48 88753 98 88876 17 89102 50 89252 100 89377 17 89601 52 89751 101 89878 18 90100 55 90250 102 90379 19 90599 57 90749 102 90880 19 91098 59 91248 103 91382 19 91598 61 91747 104 91884 19 92097 63 92246 105 92387 18 92596 65 92745 106 92888 18 93095 67 93244 107 93390 18 93595 68 93743 108 93891 20 94094 70 94242 109 94392 21 94593 72 94741 110 94894 21 95093 73 95240 111 95396 21 95592 75 95739 111 95898 20 96091 77 96237 113 96400 19 96591 78 96735 115 96901 17 97090 80 97212 9 97232 118 97405 12 97589 82 97711 139 97910 3 98089 83 98209 141 98588 85 98708 142 99088 86 99208 142 99587 88 99707 143 100086 90 100207 143 100586 91 100707 143 101085 93 101206 144 101585 94 101706 145 102084 96 102206 145 102584 97 102706 145 103084 97 103205 147 103583 99 103705 147 104083 99 104205 148 104582 101 104704 150 105082 102 105204 150 105581 104 105703 152 106081 105 106203 153 106580 107 106703 155 107080 108 107203 156 107579 111 107702 158 108079 115 108202 159 108578 118 108701 161 109077 286 109576 287 110076 287 110575 289 111074 290 111574 290 112073 291 112572 292 113071 293 113571 293 114070 294 114570 294 115069 295 115569 294 116069 293 116568 278 116852 8 116912 3 117068 275 117354 5 117568 274 117856 1 117880 9 118067 275 118377 18 118567 274 118876 26 119067 173 119244 97 119375 30 119567 169 119749 92 119875 30 120067 167 120251 90 120374 31 120566 166 120752 89 120874 31 121066 165 121253 89 121374 31 121566 164 121753 89 121873 32 122066 164 122253 90 122373 32 122566 163 122754 91 122848 1 122872 33 123066 163 123254 97 123372 33 123566 163 123754 99 123871 34 124066 162 124254 101 124370 35 124566 162 124754 104 124868 37 125066 161 125254 151 125566 161 125754 151 126067 160 126254 152 126567 160 126753 153 127067 160 127253 153 127567 159 127753 153 128067 159 128252 155 128567 159 128752 155 129067 159 129252 155 129567 158 129751 156 130067 158 130251 156 130567 157 130751 156 131067 157 131250 157 131567 157 131750 158 132067 156 132250 158 132567 156 132749 159 133067 156 133249 159 133567 155 133749 159 134067 155 134248 160 134567 154 134748 160 135066 155 135248 160 135566 155 135747 161 136066 155 136247 161 136566 154 136747 161 137066 154 137247 161 137567 153 137746 162 138067 152 138246 163 138567 152 138746 163 139067 152 139245 164 139567 151 139745 165 140067 151 140245 165 140567 151 140745 165 141067 150 141244 167 141567 150 141744 168 142068 149 142244 168 142568 148 142743 170 143068 148 143242 171 143568 148 143742 172 144069 146 144241 173 144569 146 144740 175 145069 145 145239 176 145570 144 145738 177 146070 143 146237 179 146570 143 146737 179 147071 141 147235 181 147571 141 147734 182 148072 139 148234 182 148572 138 148733 184 149072 137 149231 186 149573 135 149730 187 150073 133 150229 188 150573 131 150727 190 151074 127 151226 191 151574 118 151726 191 152075 114 152225 193 152575 111 152725 193 153076 107 153225 193 153576 106 153725 193 154077 103 154226 192 154577 101 154727 191 155077 100 155228 190 155578 97 155729 189 156078 96 156231 186 156579 94 156732 185 157079 92 157235 182 157580 89 157737 180 158080 86 158240 177 158581 82 158744 172 159081 79 159248 167 159582 76 159753 162 160082 74 160258 155 160582 72 160761 151 161083 69 161266 144 161584 66 161770 138 162084 65 162274 132 162585 62 162778 126 163086 60 163282 120 163587 58 163787 114 164088 55 164294 104 164589 53 164805 91 165090 51 165313 81 165592 48 165820 72 166094 45 166323 68 166595 43 166828 61 167097 39 167332 55 167599 36 167836 50 168103 30 168342 42 168606 25 168847 35 169109 19 169351 29 169613 10 169855 22 170360 14
newfoundland_171,52017 9 52346 16 52676 32 53006 38 53337 43 53668 47 53999 51 54331 55 54663 58 54995 62 55326 67 55658 71 55991 73 56323 78 56655 83 56987 88 57319 98 57652 101 57984 105 58316 108 58649 109 58981 111 59313 113 59646 114 59978 117 60310 119 60643 120 60975 122 61307 125 61640 126 61972 129 62304 132 62636 136 62968 138 63301 140 63632 144 63964 146 64296 148 64627 151 64958 154 65289 156 65620 159 65951 162 66283 164 66614 167 66946 169 67278 171 67610 173 67942 175 68274 177 68606 181 68938 184 69269 188 69601 195 69932 199 70264 203 70597 204 70930 206 71263 208 71596 209 71929 210 72262 211 72595 212 72928 214 73261 215 73594 216 73927 217 74260 218 74593 219 74926 221 75259 222 75592 223 75925 223 76258 224 76591 225 76924 226 77257 227 77590 228 77923 228 78256 229 78589 230 78922 230 79190 7 79255 231 79520 14 79588 232 79851 18 79921 232 80183 22 80254 233 80515 24 80587 234 80847 27 80920 236 81178 30 81253 238 81510 32 81586 240 81840 36 81919 243 82170 39 82252 291 82585 291 82918 291 83251 291 83584 292 83917 292 84250 292 84583 292 84916 291 85249 291 85582 255 85839 34 85915 253 86173 33 86248 251 86506 32 86581 250 86839 32 86914 249 87172 32 87247 248 87506 30 87580 247 87839 30 87913 247 88171 30 88246 246 88504 29 88579 246 88837 28 88912 245 89170 26 89245 244 89503 24 89578 244 89836 21 89911 242 90169 17 90244 242 90502 13 90577 241 90835 9 90910 239 91170 2 91243 238 91576 237 91909 236 92242 236 92575 235 92908 234 93241 233 93574 232 93907 231 94240 229 94573 229 94906 227 95239 226 95572 225 95905 224 96238 223 96571 221 96904 220 97237 219 97570 217 97903 215 98236 213 98569 212 98902 212 99235 211 99568 209 99901 208 100234 207 100567 206 100900 206 101233 205 101566 205 101899 204 102232 203 102565 203 102898 202 103231 202 103564 202 103897 202 104230 202 104563 202 104896 202 105229 202 105562 202 105895 202 106228 202 106561 202 106894 203 107227 203 107560 203 107893 203 108226 204 108559 204 108892 205 109225 205 109558 205 109891 206 110224 206 110557 207 110890 208 111223 208 111556 209 111889 209 112222 210 112555 212 112888 213 113221 213 113554 214 113887 215 114220 217 114553 219 114886 220 115219 222 115555 221 115890 220 116224 220 116558 221 116892 220 117226 220 117559 221 117893 220 118227 219 118561 219 118895 218 119231 215 119566 214 119901 213 120235 212 120569 211 120903 211 121237 209 121570 210 121904 209 122238 207 122572 206 122906 204 123240 203 123574 201 123908 199 124242 197 124576 196 124910 194 125244 193 125579 191 125913 190 126247 188 126581 187 126915 186 127249 184 127582 184 127916 182 128250 181 128583 181 128917 179 129251 177 129584 176 129918 175 130252 173 130587 170 130921 168 131256 165 131590 163 131926 159 132261 156 132596 154 132931 151 133266 148 133600 147 133934 145 134268 144 134602 143 134936 141 135269 141 135603 139 135936 139 136270 138 136603 137 136937 136 137270 135 137603 135 137937 134 138270 134 138603 134 138936 133 139270 132 139603 132 139936 132 140269 131 140603 131 140936 131 141269 131 141602 131 141935 131 142269 130 142602 130 142935 130 143268 130 143601 131 143935 130 144268 130 144601 130 144935 130 145268 129 145601 130 145935 129 146268 129 146602 128 146935 128 147269 126 147602 126 147936 124 148269 124 148603 122 148936 121 149270 119 149603 118 149937 114 150270 113 150604 112 150937 111 151270 110 151604 108 151937 107 152271 105 152605 104 152938 103 153272 101 153605 101 153939 99 154273 98 154607 96 154941 95 155275 94 155609 92 155944 89 156278 87 156613 84 156947 82 157282 79 157616 77 157951 72 158286 67 158633 51 158969 45 159304 37 159642 3 159660 5
Sphynx_189,37368 9 37863 16 38358 23 38853 29 39349 35 39845 40 40341 45 40836 51 41331 57 41827 62 42324 66 42822 69 43321 71 43819 74 44318 76 44817 78 45316 80 45815 82 46314 84 46813 86 47312 88 47812 89 48311 91 48809 94 49309 95 49807 98 50306 100 50804 103 51301 107 51798 111 52293 117 52786 125 53276 137 53766 148 54255 160 54750 167 55245 173 55741 179 56237 184 56733 190 57229 195 57725 201 58222 205 58718 211 59203 228 59699 233 60196 238 60694 242 61192 246 61690 250 62189 254 62687 258 63186 261 63685 264 64132 3 64184 267 64632 6 64683 270 65132 8 65181 274 65632 11 65680 276 66133 12 66178 279 66633 16 66676 281 67133 21 67174 283 67634 324 68134 324 68635 324 69135 324 69636 323 70137 322 70637 323 71138 322 71639 321 72139 321 72640 321 73141 320 73641 320 74142 319 74642 320 75143 319 75643 319 76144 318 76644 318 77145 317 77645 317 78145 317 78646 316 79146 316 79646 316 80146 316 80646 316 81146 316 81646 316 82146 315 82646 315 83146 315 83646 315 84145 316 84645 316 85145 315 85645 315 86144 316 86644 316 87144 315 87643 316 88143 315 88643 315 89143 314 89642 315 90142 314 90641 315 91141 314 91641 314 92140 314 92640 313 93140 313 93640 312 94140 311 94640 311 95139 311 95639 310 96139 309 96639 308 97139 307 97639 281 97930 15 98139 277 98432 12 98639 276 98933 10 99139 276 99435 7 99639 275 99937 4 100139 275 100639 274 101139 273 101639 272 102139 272 102639 271 103140 269 103640 269 104140 268 104641 267 105141 266 105642 265 106142 264 106643 263 107143 262 107643 261 108143 261 108644 259 109144 259 109644 258 110144 258 110645 256 111145 255 111645 255 112145 254 112646 252 113146 251 113646 251 114146 250 114647 249 115147 248 115647 248 116147 248 116481 10 116648 246 116977 16 117148 246 117474 20 117648 246 117971 24 118148 246 118468 28 118649 245 118966 30 119149 245 119464 33 119649 245 119962 35 120149 245 120460 37 120649 246 120958 39 121150 245 121456 41 121650 246 121954 43 122150 246 122451 46 122650 247 122949 48 123150 248 123446 51 123650 249 123942 55 124150 250 124437 60 124651 251 124934 63 125151 252 125431 66 125651 254 125929 69 126151 255 126427 71 126652 256 126925 73 127152 259 127421 78 127653 347 128153 347 128654 346 129154 346 129655 345 130156 343 130657 341 131159 339 131660 336 132162 332 132664 328 133167 323 133670 318 134174 312 134678 305 135182 296 135686 287 136189 280 136697 267 137207 253 137710 247 138213 241 138716 235 139220 5 139230 218 139735 209 140236 178 140429 9 140737 166 141238 160 141740 153 142240 148 142740 144 143220 1 143240 140 143719 3 143739 137 144218 5 144238 135 144718 6 144737 134 145218 6 145237 131 145718 6 145737 129 146218 6 146236 127 146718 7 146736 124 147219 8 147235 123 147719 9 147734 121 148218 12 148233 120 148718 132 149218 129 149718 123 150218 119 150718 115 151217 114 151717 112 152217 111 152717 109 153217 108 153717 107 154218 105 154718 104 155218 103 155718 102 156219 100 156719 100 157219 99 157719 98 158219 97 158719 96 159220 95 159721 92 160223 89 160725 87 161226 85 161726 84 162227 82 162728 81 163228 81 163728 80 164229 78 164730 75 165231 73 165730 74 166229 75
Russian_Blue_47,53923 24 54196 12 54230 50 54525 88 54854 92 55183 96 55512 100 55842 103 56172 106 56503 108 56833 111 57164 113 57493 117 57824 119 58155 121 58486 123 58818 124 59149 126 59480 128 59812 129 60144 130 60475 132 60807 133 61139 134 61470 136 61802 137 62134 138 62466 139 62798 140 62973 24 63130 141 63303 31 63462 142 63635 37 63794 143 63967 44 64126 144 64301 47 64457 146 64634 52 64789 147 64967 57 65120 149 65301 58 65452 150 65635 61 65783 152 65968 63 66113 155 66302 64 66444 157 66636 68 66774 160 66970 71 67104 163 67304 74 67434 166 67638 79 67765 168 67972 86 68096 170 68306 93 68427 172 68640 97 68757 175 68974 101 69085 180 69308 290 69643 288 69977 287 70311 285 70645 284 70979 283 71313 281 71647 279 71981 277 72315 273 72649 270 72983 267 73317 264 73651 262 73985 260 74319 258 74653 256 74987 254 75320 253 75654 251 75987 250 76320 250 76654 249 76987 249 77320 249 77654 249 77987 250 78320 251 78653 252 78986 252 79319 253 79652 253 79985 254 80318 254 80651 255 80984 255 81317 256 81650 256 81983 256 82316 256 82649 256 82982 256 83315 256 83648 256 83981 255 84314 255 84647 255 84980 254 85313 254 85646 253 85978 254 86311 253 86644 253 86977 252 87310 252 87643 251 87977 249 88310 249 88643 248 88976 245 89309 242 89642 240 89976 240 90309 241 90642 242 90975 244 91309 243 91642 245 91975 246 92308 249 92642 249 92975 250 93308 252 93641 253 93974 255 94308 256 94641 257 94974 258 95307 259 95640 259 95973 260 96306 260 96639 260 96972 259 97305 259 97638 258 97971 258 98304 256 98637 251 98970 245 99302 241 99635 235 99968 230 100300 228 100633 226 100965 226 101298 225 101630 225 101962 225 102295 224 102627 225 102959 225 103291 226 103624 225 103956 225 104288 225 104620 224 104952 222 105284 100 105390 114 105616 94 105732 103 105948 93 106071 68 106147 14 106281 91 106409 60 106613 90 106746 53 106945 90 107083 46 107277 89 107419 41 107609 88 107755 13 107778 13 107942 85 108274 84 108606 83 108938 81 109270 76 109603 68 109935 65 110267 63 110600 60 110932 57 111265 52 111597 50 111930 46 112263 42 112595 40 112928 37 113261 34 113594 30 113928 25 114262 20 114596 14
great_pyrenees_109,16201 4 16697 15 17194 23 17693 31 18191 38 18690 44 19188 51 19687 54 20186 56 20684 60 21183 62 21682 64 22180 67 22678 70 23176 73 23674 76 24170 81 24656 97 25153 102 25651 106 26147 112 26644 117 27141 123 27637 130 28129 141 28624 150 29120 157 29617 162 30116 167 30613 173 31095 8 31110 179 31593 199 32091 206 32590 210 33089 213 33588 218 34087 222 34586 227 35085 233 35584 247 36084 252 36583 256 37082 259 37582 144 37732 113 38081 141 38235 113 38581 138 38736 115 39080 138 39237 118 39579 137 39737 125 40079 136 40238 129 40579 135 40739 133 41079 134 41239 141 41578 135 41740 149 41935 4 42078 135 42240 202 42578 135 42740 203 43077 136 43240 203 43577 136 43740 203 44077 136 44240 203 44577 137 44740 202 45077 137 45239 202 45576 138 45739 202 46076 138 46239 201 46576 138 46739 79 46823 115 47076 138 47240 76 47326 107 47576 138 47740 75 47827 96 48076 138 48240 74 48329 79 48576 139 48740 74 48831 68 49076 139 49240 74 49332 63 49576 139 49740 74 49833 58 50075 140 50240 74 50335 50 50575 140 50740 74 50838 30 51075 140 51240 74 51343 14 51575 140 51740 74 52075 139 52240 75 52575 139 52740 75 53075 139 53240 75 53575 139 53740 75 54075 139 54240 76 54575 138 54740 76 55075 138 55239 78 55575 139 55739 78 56075 139 56239 79 56576 139 56739 79 57076 139 57239 79 57576 139 57738 81 58076 140 58238 82 58576 141 58737 84 59076 142 59237 84 59576 143 59736 86 60076 144 60235 88 60576 145 60734 90 61076 148 61232 93 61576 150 61729 98 61894 7 62076 276 62392 12 62576 287 62891 15 63077 289 63389 19 63577 292 63887 23 64077 296 64385 26 64577 335 65077 336 65578 335 66078 336 66578 336 67078 336 67579 335 68079 335 68579 334 69080 333 69580 333 70081 331 70581 331 71081 330 71582 329 72082 328 72583 327 73083 326 73584 325 74084 325 74585 323 75085 323 75586 321 76087 320 76587 320 77088 318 77588 318 78089 317 78590 315 79090 314 79592 311 80093 310 80595 307 81097 304 81605 295 82110 290 82612 287 83114 285 83615 284 84116 284 84617 286 85119 287 85621 287 86124 286 86627 285 87131 285 87633 11 87653 267 88135 6 88157 267 88657 274 89157 279 89658 280 90160 280 90661 279 91161 280 91662 279 92163 279 92664 278 93165 277 93667 275 94168 273 94670 271 95172 268 95674 266 96177 262 96679 259 97181 256 97684 252 98186 249 98688 246 99190 243 99692 241 100194 238 100696 236 101198 233 101700 231 102201 230 102703 227 103204 226 103705 225 104206 223 104707 222 105208 221 105710 219 106211 217 106712 216 107213 215 107714 214 108216 212 108718 210 109219 208 109721 206 110223 204 110724 89 110823 104 111226 82 111324 2 111330 97 111728 80 111831 97 112230 77 112332 96 112731 76 112833 95 113233 73 113333 94 113734 72 113833 94 114236 69 114334 93 114738 68 114834 93 115239 68 115335 91 115741 68 115835 91 116243 71 116334 92 116745 74 116825 4 116834 91 117248 177 117751 173 118259 165 118763 5 118770 5 118779 145 119284 140 119786 138 120287 137 120790 134 121295 129 121800 124 122302 122 122805 119 123307 117 123809 116 124310 115 124812 113 125314 111 125815 110 126315 111 126816 110 127317 109 127818 108 128318 108 128819 107 129320 106 129820 106 130321 104 130821 104 131322 103 131823 102 132323 102 132824 101 133324 102 133824 102 134325 101 134825 101 135326 100 135826 100 136327 98 136828 97 137328 97 137829 95 138330 94 138830 93 139331 92 139832 91 140333 89 140833 89 141334 88 141835 87 142335 86 142836 85 143337 84 143837 83 144338 82 144838 82 145339 81 145839 81 146340 80 146840 79 147341 78 147841 78 148341 78 148842 76 149342 76 149843 75 150343 74 150843 74 151343 74 151844 72 152344 72 152844 72 153345 70 153845 70 154346 69 154846 69 155347 68 155847 67 156348 66 156848 66 157349 64 157850 63 158351 61 158851 61 159352 59 159853 57 160354 56 160856 53 161357 51 161858 50 162360 47 162861 45 163363 42 163864 40 164366 36 164868 28 165369 24 165871 21 166373 18 166875 14 167378 8
Birman_81,7327 5 7649 8 7972 9 8295 11 8618 12 8941 13 9264 14 9587 15 9911 14 10234 15 10557 16 10880 17 11204 17 11527 17 11851 17 12174 18 12497 18 12821 18 13144 18 13468 18 13792 17 14115 18 14439 18 14762 18 15086 18 15409 18 15733 18 16056 18 16380 18 16703 19 17026 19 17349 20 17672 21 17995 21 18317 23 18620 11 18634 30 18933 55 19254 57 19575 60 19896 63 20217 66 20539 68 20861 70 21182 73 21502 77 21823 80 22144 82 22466 84 22788 86 23110 88 23431 91 23751 95 24071 99 24392 102 24714 104 25036 106 25358 108 25681 109 26004 110 26327 111 26650 112 26972 114 27294 116 27616 118 27938 120 28233 7 28259 124 28557 15 28576 131 28882 149 29072 3 29206 149 29394 7 29531 148 29716 10 29856 147 30039 12 30180 147 30362 14 30505 146 30685 15 30830 145 31008 17 31154 146 31332 17 31479 145 31655 19 31804 144 31978 20 32129 143 32301 21 32453 143 32625 21 32778 142 32948 22 33103 141 33272 23 33427 141 33595 24 33752 140 33919 24 34076 141 34243 24 34401 140 34566 25 34725 140 34890 25 35050 139 35214 25 35374 139 35537 26 35698 139 35861 26 36023 138 36184 27 36347 138 36508 27 36671 138 36831 27 36996 138 37155 27 37320 138 37478 28 37644 138 37802 28 37968 138 38125 28 38292 138 38448 29 38617 137 38771 29 38941 137 39095 29 39265 138 39418 29 39589 138 39741 30 39913 138 40064 30 40237 139 40387 30 40561 140 40710 31 40885 141 41032 32 41209 178 41533 178 41857 177 42181 176 42505 176 42829 175 43154 173 43478 173 43802 172 44127 170 44451 170 44775 170 45100 168 45424 168 45748 167 46072 167 46397 166 46721 165 47045 165 47369 165 47693 165 48017 164 48341 164 48665 164 48989 164 49312 165 49636 164 49960 164 50283 165 50607 165 50931 165 51254 166 51578 166 51902 166 52225 167 52549 167 52873 167 53197 167 53521 167 53845 167 54169 167 54493 22 54520 139 54818 14 54848 135 55143 9 55174 133 55499 132 55824 131 56149 130 56474 129 56799 128 57123 128 57447 128 57772 127 58096 126 58420 126 58745 125 59069 125 59393 125 59717 125 60042 124 60366 124 60690 123 61014 123 61338 123 61662 123 61986 123 62310 123 62635 122 62959 121 63283 121 63607 121 63931 121 64255 120 64579 120 64903 120 65227 120 65551 119 65875 119 66199 119 66523 118 66847 118 67171 118 67495 117 67819 117 68143 117 68467 117 68792 115 69116 115 69440 115 69764 114 70088 114 70412 114 70736 113 71060 113 71384 113 71708 113 72032 112 72356 112 72680 112 73003 113 73327 113 73651 112 73975 112 74299 112 74623 112 74947 112 75271 112 75595 112 75919 111 76243 111 76567 111 76891 111 77214 112 77538 112 77862 112 78186 112 78510 112 78834 112 79158 112 79482 112 79806 112 80130 112 80454 112 80778 112 81102 112 81425 114 81749 114 82073 114 82397 114 82721 114 83045 114 83369 114 83693 114 84016 116 84340 116 84664 116 84988 116 85312 117 85636 117 85960 117 86284 117 86607 119 86931 119 87255 119 87579 120 87903 120 88227 120 88551 121 88875 121 89199 121 89523 121 89847 122 90170 123 90494 123 90818 123 91142 124 91466 124 91790 125 92114 125 92438 125 92762 126 93086 126 93410 127 93734 127 94058 127 94383 127 94707 127 95031 128 95355 128 95679 128 96003 129 96327 129 96651 129 96975 130 97299 130 97623 130 97947 130 98272 129 98596 130 98920 130 99244 130 99568 130 99893 129 100217 129 100541 129 100865 129 101189 129 101514 128 101838 129 102162 129 102487 128 102811 129 103135 129 103460 128 103784 128 104108 128 104433 128 104757 128 105082 127 105406 127 105731 126 106056 125 106380 125 106705 125 107029 125 107354 124 107678 124 108003 123 108328 122 108652 123 108977 122 109302 121 109626 121 109951 120 110276 119 110600 119 110925 118 111250 117 111574 117 111899 116 112224 115 112549 114 112873 114 113198 113 113523 112 113848 110 114172 110 114497 109 114822 108 115147 107 115471 106 115796 105 116120 105 116445 104 116770 102 117094 102 117419 101 117743 100 118068 99 118392 98 118716 97 119041 95 119365 95 119690 92 120014 90 120338 88 120663 85 120987 83 121311 82 121636 79 121960 78 122284 77 122608 76 122933 74 123257 73 123581 72 123905 72 124229 71 124553 70 124878 69 125202 68 125526 67 125850 66 126174 65 126498 64 126822 63 127146 62 127471 60 127795 59 128119 58 128443 57 128767 57 129091 56 129415 55 129739 54 130064 53 130388 52 130712 52 131036 51 131360 51 131684 51 132008 51 132333 50 132657 49 132981 49 133305 49 133630 48 133954 48 134278 48 134602 48 134927 47 135251 47 135576 46 135900 46 136225 45 136549 45 136874 44 137198 44 137523 43 137847 43 138172 42 138496 42 138821 41 139146 39 139470 39 139795 38 140120 36 140444 36 140769 35 141093 34 141418 33 141743 31 142067 31 142392 29 142716 28 143040 28 143365 26 143689 26 144014 24 144338 24 144662 24 144986 24
american_pit_bull_terrier_195,32957 3 33256 5 33554 7 33853 8 34151 10 34449 12 34747 13 35042 17 35337 21 35593 11 35605 51 35886 67 36157 11 36177 70 36452 91 36750 87 37047 80 37345 75 37643 72 37941 69 38239 67 38537 68 38835 69 39132 71 39426 75 39719 81 40014 87 40279 8 40303 99 40578 124 40877 125 41176 126 41476 127 41776 127 42076 127 42376 128 42677 128 42977 128 43277 129 43577 129 43878 129 44178 130 44478 131 44779 131 45079 132 45379 133 45680 133 45980 134 46281 133 46582 132 46884 130 47185 130 47486 129 47787 128 48088 128 48388 129 48689 128 48990 128 49290 128 49591 128 49891 33 49928 92 50192 30 50231 90 50359 7 50493 27 50533 89 50653 14 50793 25 50835 88 50938 29 51094 23 51137 130 51394 21 51440 127 51695 19 51743 124 51996 17 52046 120 52296 17 52349 117 52597 15 52652 83 52758 6 52897 15 52959 57 53197 15 53266 44 53498 13 53570 35 53798 13 53873 30 54098 13 54176 25 54399 12 54477 22 54699 12 54778 19 55000 11 55079 18 55301 10 55380 16 55602 9 55680 16 55904 7 55981 13 56207 4 56282 11 56584 7
wheaten_terrier_146,45483 6 45811 14 46140 21 46466 31 46796 38 47127 42 47455 49 47784 55 48112 62 48438 71 48763 82 49092 88 49402 7 49421 93 49725 124 50055 128 50386 131 50718 133 51051 134 51383 136 51716 138 52048 140 52381 141 52713 144 53045 146 53377 149 53710 152 54042 155 54375 158 54707 161 55040 162 55372 164 55704 166 56036 167 56368 169 56700 171 57032 173 57364 175 57696 176 58029 177 58361 179 58693 181 59026 181 59359 182 59691 183 60024 184 60357 184 60690 185 61022 187 61355 188 61688 188 62021 189 62354 191 62686 193 63019 194 63352 195 63684 197 64017 198 64350 199 64682 200 65015 201 65347 202 65680 203 66013 204 66345 205 66677 207 67010 207 67342 209 67675 209 68007 210 68340 211 68672 213 69005 213 69337 214 69670 214 70003 214 70335 215 70668 201 70872 12 71001 199 71206 12 71333 199 71540 11 71666 199 71874 10 71999 199 72207 10 72331 199 72540 9 72664 199 72874 8 72997 199 73208 2 73211 1 73213 1 73329 200 73662 200 73995 200 74327 201 74660 201 74993 202 75325 203 75658 203 75990 205 76323 205 76655 207 76988 208 77320 210 77653 210 77986 211 78318 215 78651 219 78871 1 78984 223 79317 229 79650 230 79983 232 80316 233 80649 233 80982 234 81315 235 81648 235 81981 236 82315 235 82648 235 82981 235 83314 236 83647 236 83980 236 84313 237 84646 237 84980 236 85313 236 85646 236 85979 236 86312 237 86644 239 86890 1 86977 239 87223 3 87310 239 87554 1 87556 3 87643 241 87885 1 87887 6 87976 250 88309 251 88642 251 88975 251 89308 252 89641 252 89974 253 90307 253 90640 253 90973 253 91234 2 91306 254 91567 2 91639 255 91899 4 91972 255 92231 5 92304 265 92637 265 92970 266 93303 230 93538 5 93544 1 93546 23 93636 229 93877 25 93969 228 94211 24 94302 227 94545 23 94634 227 94877 24 94967 227 95210 24 95300 227 95544 23 95633 227 95877 23 95965 227 96210 23 96298 227 96543 23 96630 229 96878 20 96963 229 97211 20 97296 229 97544 20 97628 231 97878 18 97961 231 98212 17 98293 233 98545 16 98626 234 98879 15 98959 235 99213 13 99291 237 99547 11 99624 238 99880 8 99957 240 100213 8 100291 243 100545 12 100624 244 100875 16 100957 245 101207 18 101291 267 101624 268 101958 268 102292 268 102626 268 102960 268 103294 269 103629 268 103963 267 104297 266 104631 265 104965 264 105299 263 105633 262 105967 261 106302 259 106636 258 106971 256 107306 254 107640 253 107975 251 108309 250 108644 248 108978 247 109313 245 109647 244 109982 242 110316 241 110650 240 110983 240 111317 239 111651 238 111984 238 112318 237 112652 236 112985 236 113319 235 113652 235 113986 234 114319 234 114653 233 114987 232 115320 232 115654 231 115987 231 116321 230 116655 229 116988 229 117322 228 117656 227 117989 227 118323 226 118657 225 118990 225 119324 224 119658 223 119991 223 120325 222 120659 221 120992 221 121326 220 121660 219 121994 218 122328 217 122662 216 122996 215 123330 214 123664 213 123999 211 124333 210 124667 209 125001 208 125334 208 125668 206 126002 205 126336 203 126670 202 127004 200 127337 200 127671 198 128005 195 128339 192 128673 187 129007 185 129341 183 129675 180 130009 179 130344 175 130678 173 131012 171 131347 167 131681 163 132015 160 132350 156 132684 154 133018 152 133353 149 133687 147 134021 144 134356 141 134690 139 135025 135 135194 5 135361 131 135524 8 135697 126 135855 10 136036 119 136186 12 136373 114 136517 14 136708 110 136848 16 137043 106 137179 18 137378 101 137509 21 137712 98 137841 22 138047 94 138173 23 138381 90 138505 24 138716 86 138836 26 139050 83 139167 28 139384 81 139498 30 139719 78 139828 33 140053 75 140159 35 140387 73 140486 41 140721 71 140816 44 141055 70 141144 49 141389 69 141475 51 141723 68 141806 53 142057 135 142391 134 142725 133 143059 132 143393 131 143727 130 144060 130 144394 129 144728 128 145061 128 145395 127 145729 126 146062 126 146396 125 146729 125 147063 124 147396 124 147730 123 148063 123 148397 122 148730 122 149064 121 149397 121 149731 120 150064 120 150398 119 150731 119 151065 118 151398 118 151732 117 152066 116 152399 116 152733 115 153066 115 153400 114 153733 114 154067 113 154400 113 154734 112 155067 112 155400 112 155734 111 156067 111 156401 110 156734 110 157068 109 157401 109 157734 109 158068 108 158401 108 158735 107 159068 107 159401 107 159735 106 160068 106 160401 106 160735 105 161068 105 161401 105 161734 105 162067 105 162400 105 162733 105 163067 104 163400 104 163733 104 164066 104 164400 103 164733 103 165066 103 165399 103 165732 103 166065 103 166398 102
Bengal_150,5834 19 6002 36 6171 48 6347 52 6523 56 6700 59 6877 63 6963 3 7054 66 7139 7 7231 69 7316 10 7409 72 7494 12 7586 75 7670 15 7761 104 7936 109 8113 112 8290 114 8456 128 8632 131 8809 133 8986 135 9163 136 9340 138 9517 139 9695 140 9872 142 10049 144 10226 146 10403 147 10581 148 10759 150 10937 153 11115 154 11293 154 11471 154 11649 155 11827 156 12005 157 12183 158 12361 159 12539 160 12717 162 12895 163 13073 164 13251 165 13429 167 13605 170 13784 170 13963 170 14142 170 14321 170 14500 170 14679 170 14858 170 15037 170 15216 169 15395 169 15574 168 15753 168 15932 167 16111 166 16290 166 16469 166 16648 166 16827 165 17006 165 17185 165 17364 164 17543 165 17722 165 17901 165 18080 165 18259 165 18438 166 18617 167 18796 169 18975 170 19154 171 19333 172 19512 173 19691 174 19870 174 20049 175 20228 175 20407 175 20586 174 20765 174 20944 174 21123 174 21302 173 21481 173 21660 173 21839 172 22018 172 22197 172 22376 172 22555 172 22734 172 22913 172 23092 171 23271 171 23450 171 23629 170 23808 170 23987 170 24166 169 24345 169 24524 168 24703 168 24883 166 25065 163 25245 161 25425 160 25605 158 25785 156 25965 155 26144 154 26324 152 26504 150 26683 150 26863 148 27042 147 27222 146 27401 145 27581 143 27761 141 27941 139 28120 138 28300 136 28480 135 28660 133 28840 131 29020 129 29200 128 29381 126 29561 125 29741 124 29921 123 30101 122 30281 121 30461 120 30641 119 30821 118 31001 117 31181 117 31361 116 31541 115 31721 114 31901 112 32081 111 32261 110 32442 86 32531 19 32622 83 32710 19 32803 80 32889 18 32984 77 33069 17 33164 72 33248 17 33345 70 33423 20 33525 68 33601 21 33705 67 33780 20 33885 66 33959 18 34065 66 34139 5 34146 6 34245 65 34319 3 34326 1 34425 64 34499 1 34605 63 34785 62 34964 63 35144 62 35323 62 35503 61 35682 60
Birman_56,48187 10 48560 15 48932 19 49304 24 49678 26 50052 28 50426 30 50800 32 51174 34 51548 36 51923 37 52297 39 52671 41 53046 42 53420 44 53794 46 54168 48 54543 49 54917 51 55291 54 55665 56 56040 59 56414 62 56789 65 57163 69 57537 74 57912 82 58286 89 58660 95 59034 100 59409 104 59783 108 60157 111 60532 112 60906 115 61281 116 61655 118 62030 120 62404 123 62778 126 63153 129 63527 134 63902 138 64276 142 64651 148 65025 152 65400 155 65774 158 66149 160 66523 162 66898 163 67272 165 67647 166 68022 167 68396 168 68771 169 69146 169 69520 170 69895 171 70270 171 70645 171 71019 172 71394 172 71769 173 72144 173 72518 174 72893 174 73268 174 73643 174 74017 175 74392 175 74767 175 75142 175 75517 175 75891 176 76266 175 76641 175 77016 175 77391 175 77766 175 78141 175 78515 175 78890 175 79265 175 79640 175 80015 174 80390 174 80765 174 81140 174 81515 173 81890 173 82265 173 82640 173 83015 173 83390 173 83765 172 84140 172 84515 172 84890 172 85265 172 85640 172 86015 172 86390 172 86764 173 87139 173 87514 173 87889 173 88264 173 88639 173 89014 173 89388 174 89763 174 90138 174 90513 174 90888 174 91262 175 91637 175 92012 175 92387 175 92761 176 93136 176 93511 176 93886 176 94261 176 94636 176 95011 176 95386 176 95761 176 96136 176 96511 176 96886 176 97261 176 97636 176 98011 176 98386 176 98761 175 99136 175 99511 175 99886 175 100260 175 100635 175 101010 175 101384 175 101759 175 102134 174 102509 174 102884 174 103259 173 103633 174 104007 175 104371 185 104743 188 105117 189 105491 190 105866 190 106241 190 106616 190 106991 190 107366 190 107741 190 108117 189 108492 189 108867 189 109243 188 109618 154 109782 24 109993 140 110159 22 110369 136 110536 20 110744 135 110913 18 111120 133 111289 18 111495 132 111665 17 111870 131 112041 16 112246 129 112417 15 112621 128 112792 15 112997 127 113168 14 113372 126 113544 13 113748 125 113919 13 114123 124 114295 12 114499 122 114670 12 114874 122 115046 11 115250 120 115421 11 115625 119 115796 11 116000 119 116172 10 116376 117 116547 10 116751 116 116922 10 117127 115 117297 10 117502 114 117672 10 117878 114 118047 10 118253 114 118422 10 118629 114 118797 9 119004 114 119172 9 119379 115 119547 9 119755 115 119922 9 120130 115 120297 9 120505 116 120671 10 120880 117 121046 9 121255 118 121421 9 121630 119 121796 9 122006 119 122170 10 122381 120 122544 10 122756 121 122919 10 123130 126 123293 11 123505 130 123667 11 123880 134 124040 13 124254 140 124413 15 124629 174 125004 173 125379 173 125753 174 126128 173 126503 173 126877 174 127252 173 127627 173 128002 172 128377 172 128752 171 129127 170 129502 170 129877 169 130252 168 130627 167 131002 166 131378 164 131753 163 132128 162 132503 160 132878 159 133253 157 133628 154 134003 150 134379 137 134754 133 135129 131 135504 129 135878 129 136253 128 136628 127 137003 127 137377 127 137752 126 138126 127 138501 126 138875 126 139250 126 139624 126 139999 125 140373 126 140748 125 141123 125 141497 125 141872 125 142246 125 142621 125 142996 124 143370 125 143745 125 144119 125 144494 125 144868 125 145243 125 145617 125 145992 125 146366 125 146740 126 147115 125 147489 125 147864 124 148238 124 148613 123 148988 121 149362 120 149737 118 150112 116 150487 22 150525 77 150862 19 150903 72 151237 17 151283 65 151613 14 151662 59 151988 12 152041 51 152364 10 152421 43 152740 7 152800 36 153116 5 153179 28 153562 15
Russian_Blue_176,54531 18 54902 25 55215 16 55270 35 55588 24 55642 41 55962 32 56012 48 56337 100 56712 101 57087 103 57463 103 57838 104 58214 104 58590 105 58966 104 59342 104 59718 104 60095 103 60471 103 60847 103 61223 103 61600 102 61976 102 62352 102 62728 102 63104 102 63481 102 63857 102 64232 103 64608 104 64984 104 65360 105 65735 106 66111 106 66486 107 66861 108 67236 109 67611 110 67986 110 68361 111 68736 112 69111 113 69487 113 69862 113 70236 115 70611 116 70986 116 71361 117 71736 117 72111 118 72485 119 72860 120 73235 120 73610 121 73985 122 74359 123 74734 124 75109 124 75484 125 75859 126 76234 127 76608 130 76983 131 77358 133 77733 136 78108 145 78482 161 78857 163 79232 164 79607 165 79982 165 80356 167 80731 167 81106 167 81481 167 81856 168 82231 168 82606 168 82981 168 83356 168 83731 168 84106 168 84481 168 84856 168 85231 168 85605 169 85980 169 86355 169 86730 169 87105 169 87480 169 87855 169 88230 169 88605 169 88980 169 89355 168 89730 168 90105 168 90480 168 90854 169 91229 169 91604 169 91979 169 92354 168 92729 168 93104 168 93479 168 93853 169 94228 169 94603 168 94978 168 95353 168 95727 169 96102 169 96477 169 96851 169 97226 169 97601 169 97976 169 98350 170 98725 170 99100 169 99474 170 99849 170 100224 170 100599 170 100974 169 101349 169 101723 170 102098 169 102473 169 102848 169 103223 169 103598 168 103972 169 104347 169 104722 168 105097 168 105471 169 105846 168 106221 168 106595 168 106970 168 107345 168 107720 167 108095 167 108469 168 108844 167 109219 167 109594 167 109969 166 110343 167 110718 167 111093 167 111467 168 111842 167 112217 167 112592 167 112966 168 113341 168 113716 168 114091 168 114465 168 114840 168 115215 168 115590 168 115965 168 116340 168 116714 169 117089 168 117464 168 117839 168 118214 168 118588 169 118963 169 119338 169 119713 169 120088 169 120462 170 120837 170 121212 170 121586 171 121961 171 122336 171 122710 172 123085 172 123460 172 123835 172 124209 174 124584 174 124959 174 125333 175 125708 175 126083 175 126458 175 126832 176 127207 176 127582 177 127956 178 128331 178 128706 178 129080 179 129455 179 129830 179 130204 180 130579 180 130954 180 131328 181 131703 181 132077 182 132452 182 132827 182 133201 183 133576 183 133951 183 134325 184 134700 184 135075 184 135450 184 135825 184 136199 185 136574 185 136949 185 137323 186 137698 186 138073 185 138447 186 138822 186 139197 186 139571 187 139946 187 140321 187 140695 188 141070 188 141444 189 141819 188 142193 189 142568 189 142943 189 143317 190 143692 190 144066 190 144441 190 144816 190 145190 191 145565 191 145940 191 146314 192 146689 191 147064 191 147439 191 147814 191 148188 192 148563 192 148938 192 149313 192 149688 192 150063 191 150438 191 150813 191 151188 191 151564 190 151939 190 152314 190 152689 190 153064 190 153439 190 153814 190 154189 190 154565 189 154940 189 155315 188 155690 188 156065 188 156440 188 156816 187 157191 187 157566 187 157941 187 158317 186 158692 186 159067 186 159442 186 159818 185 160193 185 160568 185 160944 184 161319 184 161695 183 162070 182 162445 182 162821 181 163196 181 163572 180 163947 180 164323 179 164698 178 165074 177 165450 176 165825 176 166201 174 166576 174 166952 173 167328 172 167703 171 168079 170 168455 169 168830 168 169206 167 169582 166 169957 166 170333 164 170709 163 171085 162 171461 161 171836 160 172212 159 172588 158 172964 157 173340 155 173717 153 174093 151 174469 150 174845 149 175221 147 175597 146 175974 143 176350 142 176726 140 177102 139 177478 137 177854 136 178231 133 178607 132 178983 130 179360 127 179736 126 180113 123 180489 122 180866 119 181242 118 181618 116 181995 114 182371 112 182747 111 183123 109 183499 108 183875 107 184251 105 184627 104 185002 103 185378 102 185754 100 186131 98 186507 97 186882 96 187258 95
Birman_173,55908 8 56236 17 56565 23 56894 29 57220 36 57547 43 57874 49 58201 56 58528 62 58855 68 59183 74 59513 77 59842 81 60171 85 60498 91 60826 97 61153 103 61480 109 61808 114 62097 26 62135 120 62414 174 62743 178 63074 180 63404 183 63735 185 64064 189 64395 191 64723 196 65052 201 65383 203 65712 207 66043 209 66374 211 66704 214 67035 216 67366 218 67695 222 68026 225 68356 228 68686 231 69016 234 69337 1 69340 243 69663 253 69993 256 70318 264 70648 267 70980 268 71311 270 71642 272 71974 273 72304 276 72635 278 72954 7 72963 283 73286 293 73617 295 73949 296 74281 297 74613 298 74944 300 75276 301 75609 273 75889 21 75941 272 76223 20 76274 266 76558 18 76607 263 76891 17 76941 261 77226 15 77274 260 77560 14 77608 259 77894 13 77942 257 78228 11 78276 256 78563 8 78610 254 78899 3 78944 253 79279 251 79613 250 79948 248 80282 247 80616 246 80951 244 81285 243 81619 242 81953 241 82287 240 82621 240 82954 240 83288 240 83622 239 83955 240 84288 240 84622 240 84955 240 85288 241 85622 241 85955 241 86288 242 86621 243 86955 244 87288 247 87621 250 87954 253 88288 258 88621 262 88889 5 88954 277 89287 279 89620 280 89953 281 90286 282 90620 282 90953 283 91286 283 91619 284 91952 284 92285 284 92618 284 92951 284 93284 284 93617 284 93950 284 94283 283 94616 283 94949 283 95282 282 95614 282 95947 281 96280 280 96613 276 96946 270 97279 268 97612 267 97945 266 98277 266 98610 265 98943 265 99276 264 99608 72 99687 186 99940 68 100023 182 100273 66 100358 180 100605 65 100693 178 100937 63 101027 176 101270 61 101361 175 101602 57 101695 174 101935 39 102029 173 102269 32 102363 172 102602 29 102696 172 102935 25 103030 171 103268 22 103364 170 103602 17 103698 169 103937 12 104032 169 104272 8 104365 169 104699 168 105033 167 105367 166 105701 166 106035 165 106369 164 106703 163 107036 163 107370 162 107704 161 108038 160 108372 159 108706 158 109040 157 109374 156 109708 154 110042 153 110377 151 110711 149 111045 147 111379 146 111713 144 112047 142 112381 140 112716 137 113050 135 113385 132 113720 128 114054 126 114389 123 114724 120 115058 118 115392 116 115727 112 116060 111 116395 108 116729 106 117063 103 117397 101 117731 99 118066 96 118400 94 118735 91 119069 88 119405 84 119740 81 120075 78 120411 73 120746 70 121081 64 121416 59 121751 55 122087 50 122423 46 122762 38 123103 29 123443 21 123779 17 124115 13 124450 10 124785 6
leonberger_71,139 229 639 230 1139 231 1638 232 2138 233 2637 235 3137 235 3636 236 4136 235 4635 235 5135 234 5634 233 6133 232 6632 232 7131 232 7630 231 8130 229 8629 228 9127 229 9627 227 10125 228 10624 228 11123 228 11622 228 12121 228 12620 228 13119 228 13618 228 14117 228 14617 226 15116 226 15615 225 16114 224 16613 223 17112 222 17612 220 18111 220 18610 219 19110 217 19609 216 20109 214 20608 214 21108 212 21607 211 22107 209 22606 209 23106 207 23606 206 24105 205 24605 204 25104 203 25604 201 26104 199 26603 199 27103 197 27602 197 28102 196 28602 195 29101 195 29601 195 30101 195 30601 195 31101 195 31600 196 32100 196 32600 197 33100 198 33599 199 34099 200 34599 201 35098 204 35356 8 35598 205 35853 14 36098 207 36352 18 36598 210 36849 23 37097 214 37347 27 37597 218 37844 31 38097 230 38341 36 38597 281 39096 283 39596 285 40096 286 40595 288 41095 289 41595 291 42095 292 42594 294 43094 296 43594 298 44094 299 44593 302 45093 303 45593 304 46093 306 46592 308 47092 309 47592 310 48092 312 48591 314 49091 315 49591 316 50091 317 50590 319 51090 320 51590 321 52090 323 52590 324 53090 325 53590 326 54089 329 54589 330 55089 331 55589 332 56089 333 56589 334 57089 335 57589 337 58089 338 58589 339 59089 339 59588 341 60088 342 60588 342 61088 343 61588 343 62088 343 62588 344 63088 344 63588 293 63888 44 64088 288 64393 39 64588 286 64896 36 65088 284 65398 34 65588 282 65900 32 66087 281 66401 31 66587 279 66901 31 67087 278 67402 30 67587 277 67903 29 68087 275 68403 29 68587 273 68904 28 69087 271 69404 28 69588 269 69904 29 70088 268 70404 29 70588 267 70904 28 71088 266 71405 27 71588 265 71906 26 72088 264 72407 25 72588 263 72908 24 73088 262 73409 23 73588 261 73910 22 74088 260 74411 21 74589 258 74912 20 75089 258 75413 19 75589 257 75913 19 76089 256 76414 18 76589 255 76914 17 77090 252 77415 16 77590 252 77915 16 78090 251 78416 15 78590 251 78916 15 79090 251 79416 14 79591 250 79916 14 80091 250 80417 13 80591 250 80918 12 81091 252 81418 11 81592 251 81919 10 82092 252 82420 8 82592 253 82920 8 83092 254 83422 5 83592 256 83923 3 84092 258 84593 258 85093 259 85593 260 86093 262 86593 264 87094 265 87594 268 88094 271 88594 274 89095 276 89595 279 90095 284 90595 288 91095 295 91595 300 92095 304 92595 307 93095 312 93595 325 94096 327 94596 328 95096 330 95596 331 96096 334 96596 336 97096 338 97596 342 98096 344 98596 346 99096 349 99596 351 100096 353 100596 354 101096 356 101596 357 102096 358 102596 359 103096 359 103596 360 104096 360 104596 361 105096 361 105596 361 106096 362 106596 362 107096 362 107596 362 108096 362 108596 363 109096 363 109596 363 110096 363 110596 363 111096 363 111596 363 112096 363 112595 364 113095 364 113595 364 114095 365 114595 365 115095 365 115594 366 116094 366 116594 366 117094 365 117593 366 118093 366 118593 327 118933 26 119092 322 119439 20 119592 314 119943 16 120092 304 120446 13 120591 298 120948 11 121090 293 121450 8 121590 290 121952 6 122089 289 122454 3 122588 287 123088 286 123587 285 124085 286 124584 286 125083 286 125582 286 126081 286 126579 287 127077 288 127576 289 128075 289 128573 291 129071 293 129570 294 130069 296 130567 298 131066 300 131565 301 132064 303 132563 305 133062 306 133561 308 134060 310 134559 312 135058 313 135558 314 136057 316 136556 319 137056 320 137556 320 138055 322 138555 323 139054 325 139554 327 140053 329 140553 330 141053 332 141552 334 142052 335 142551 338 143051 340 143551 342 144051 344 144550 347 145050 350 145550 352 146049 355 146549 357 147049 359 147549 361 148048 364 148548 195 148759 155 149048 192 149263 154 149548 191 149766 153 150047 190 150269 22 150297 124 150547 189 150772 14 150801 122 151047 187 151275 7 151304 121 151547 186 151807 120 152046 186 152308 121 152546 186 152810 121 153046 185 153311 122 153546 185 153811 124 154045 185 154312 125 154545 185 154812 126 155045 185 155312 127 155545 185 155812 128 156045 185 156312 128 156544 186 156812 128 157044 186 157312 129 157544 186 157811 130 158044 186 158311 130 158543 187 158810 132 159043 187 159309 133 159543 188 159808 134 160043 188 160306 136 160543 188 160804 138 161043 189 161302 141 161543 189 161800 143 162043 190 162297 146 162542 192 162794 149 163042 193 163292 151 163542 195 163790 153 164042 197 164288 102 164407 35 164542 200 164786 97 164912 30 165042 204 165285 84 165415 27 165542 209 165783 56 165918 24 166042 214 166282 49 166420 22 166542 217 166780 45 166922 20 167041 223 167277 43 167423 19 167541 274 167924 18 168041 270 168426 16 168541 266 168926 16 169041 262 169427 15 169541 259 169928 14 170041 256 170429 13 170541 253 170930 12 171041 251 171430 12 171541 249 171931 10 172041 247 172431 10 172541 246 172932 9 173041 244 173432 9 173541 241 173932 9 174041 239 174433 7 174541 237 174933 7 175041 235 175433 7 175541 233 175934 6 176042 230 176434 5 176542 227 176935 4 177042 225 177436 2 177542 223 178043 219 178543 217 179043 215 179543 213 180044 210 180544 208 181044 206 181545 203 182045 202 182545 200 183045 199 183546 196 184046 195 184546 193 185047 191 185547 189 186047 187 186548 184 187048 183 187549 180 188049 178 188549 176 189050 173 189550 170 190050 168 190551 165 191051 163 191552 161 192052 159 192553 156 193053 154 193554 152 194054 151 194555 148 195056 146 195556 144 196057 142 196558 139 197058 138 197559 136 198060 133 198561 130 199062 128 199562 126 200063 124 200564 122 201065 120 201566 118 202067 116 202568 114 203069 113 203569 112 204070 111 204571 109 205072 107 205573 106 206074 104 206576 102 207077 100 207578 99 208080 96 208581 95 209083 93 209584 92 210085 91 210587 89 211089 86 211590 85 212092 84 212594 82 213095 81 213597 78 214099 76 214601 74 215103 72 215604 71 216106 68 216608 66 217110 64 217612 61 218114 59 218616 56 219118 53 219621 49 220125 44 220630 38 221133 33 221635 30 222138 26 222640 22 223143 17 223647 10
pomeranian_98,2095 10 2592 18 3090 22 3589 25 4088 29 4586 35 5084 40 5583 43 6082 45 6581 48 7078 51 7577 52 7682 7 8074 55 8178 15 8572 57 8676 19 9070 58 9174 23 9569 57 9672 27 10069 53 10123 1 10171 29 10568 49 10669 32 11068 47 11165 39 11565 48 11661 45 12064 48 12157 50 12562 49 12656 53 13060 50 13153 58 13558 51 13636 2 13650 63 14057 51 14131 11 14144 71 14556 52 14627 90 15053 54 15125 95 15546 2 15550 58 15622 103 16043 66 16121 107 16542 69 16618 113 17041 73 17115 118 17540 195 18040 198 18539 201 19039 203 19538 206 20037 209 20537 212 21037 214 21536 217 22036 220 22536 221 23035 224 23535 226 24034 230 24534 234 25033 237 25533 239 26033 242 26532 246 27032 248 27531 251 28031 254 28530 257 29030 261 29529 267 30029 272 30528 279 31028 281 31527 284 32027 285 32526 286 33026 287 33525 289 34025 290 34525 290 35024 292 35524 293 36023 295 36523 296 37023 297 37522 300 38022 301 38521 303 39020 305 39520 306 40019 308 40518 310 41017 312 41516 314 42015 316 42513 319 43012 320 43512 321 44011 323 44511 324 45010 326 45509 328 46009 329 46507 332 47006 334 47506 336 48006 337 48506 339 49006 340 49506 342 50006 344 50506 346 51005 350 51505 352 52005 357 52505 362 53005 369 53504 376 54004 380 54504 384 55004 387 55503 391 56003 394 56503 396 57003 398 57503 400 58003 401 58503 403 59003 404 59503 406 60004 406 60505 406 61005 407 61506 408 62006 409 62506 410 63006 411 63506 412 64006 414 64507 414 65007 415 65507 416 66007 417 66506 419 67006 420 67505 421 68005 422 68505 423 69004 424 69504 424 70004 424 70504 425 71004 425 71504 425 72004 425 72504 425 73005 424 73505 424 74005 425 74505 425 75005 425 75505 425 76005 426 76506 425 77006 426 77506 426 78006 427 78506 428 79007 427 79508 427 80010 426 80511 426 81012 426 81513 427 82014 427 82515 428 83017 427 83518 428 84021 426 84522 427 85023 427 85524 428 86025 429 86526 430 87027 430 87529 430 88030 432 88531 432 89032 433 89534 433 90035 433 90535 434 91036 434 91537 434 92037 435 92537 436 93037 437 93537 438 94037 438 94537 439 95037 439 95537 440 96037 440 96537 441 97037 441 97536 442 98036 443 98536 443 99036 443 99536 443 100035 445 100535 445 101035 445 101535 445 102035 445 102534 446 103034 446 103534 446 104034 446 104534 396 104935 45 105034 392 105440 40 105535 388 105944 36 106035 385 106448 32 106535 382 106951 28 107035 380 107454 25 107536 378 107957 21 108036 376 108461 16 108536 375 108965 10 109037 373 109537 372 110038 370 110538 369 111038 368 111539 367 112039 366 112539 365 113040 364 113540 363 114040 363 114540 363 115040 363 115540 362 116040 362 116539 363 117039 363 117539 363 118039 362 118539 362 119039 362 119538 363 120038 363 120538 363 121037 364 121537 364 122036 365 122534 367 123033 368 123532 369 124031 370 124531 370 125030 371 125530 371 126028 372 126528 372 127028 372 127529 370 128030 369 128531 368 129032 366 129532 366 130033 364 130534 363 131036 360 131536 360 132037 358 132537 358 133037 357 133537 357 134037 356 134537 355 135038 354 135538 353 136039 351 136539 350 137040 348 137540 346 138041 344 138541 343 139042 340 139543 338 140043 336 140543 335 141044 333 141544 332 142044 331 142545 329 143045 328 143545 327 144046 325 144546 324 145047 323 145548 321 146049 319 146550 317 147051 315 147551 314 148053 311 148555 308 149057 305 149559 302 150063 297 150568 291 151074 284 151577 280 152080 276 152583 272 153086 267 153588 264 154091 260 154594 255 155101 245 155610 234 156115 226 156620 218 157124 209 157628 199 158132 191 158635 184 159138 176 159643 166 160148 157 160652 148 161156 140 161660 132 162163 124 162665 117 163167 109 163670 95 164173 77 164677 16 164718 20
Birman_82,9639 3 9958 13 10278 20 10599 25 10920 29 11241 34 11562 37 11884 40 12207 41 12529 44 12851 46 13174 47 13497 48 13819 50 14142 51 14465 52 14788 53 15111 54 15433 56 15756 57 16079 58 16402 59 16725 60 17048 61 17370 63 17693 63 18015 65 18338 66 18660 68 18982 70 19304 72 19626 74 19948 76 20270 78 20592 80 20914 82 21236 84 21558 86 21879 88 22201 90 22523 92 22845 94 23166 97 23488 99 23809 102 24131 104 24452 107 24771 112 25088 119 25409 122 25731 124 26052 127 26373 130 26694 133 27016 135 27337 138 27659 140 27981 142 28303 144 28625 146 28947 149 29270 150 29592 152 29915 153 30237 156 30560 157 30882 159 31203 163 31464 12 31521 169 31783 37 31825 189 32105 234 32428 235 32751 237 33075 237 33398 239 33722 239 34046 239 34370 240 34694 240 35019 240 35343 240 35668 240 35992 240 36317 240 36642 239 36967 239 37292 238 37617 237 37942 237 38267 236 38593 234 38918 234 39243 233 39568 232 39893 231 40219 230 40544 229 40869 228 41194 228 41519 227 41845 225 42170 225 42495 224 42820 223 43145 223 43469 223 43794 222 44119 222 44443 222 44768 222 45093 221 45417 222 45741 222 46066 222 46390 222 46714 223 47038 223 47362 224 47686 224 48010 225 48334 225 48658 226 48982 226 49305 227 49629 228 49953 228 50277 229 50601 229 50924 230 51248 231 51572 231 51895 233 52219 233 52543 234 52866 235 53190 236 53513 237 53837 238 54161 238 54484 240 54808 240 55132 241 55455 242 55779 243 56103 243 56427 244 56751 244 57074 246 57398 246 57722 246 58046 247 58370 247 58694 247 59019 246 59343 247 59667 247 59992 246 60316 246 60641 246 60966 245 61291 244 61615 244 61940 243 62264 243 62589 242 62913 242 63237 243 63561 243 63885 243 64209 243 64533 243 64857 243 65180 243 65504 243 65827 244 66151 244 66474 245 66798 245 67121 245 67444 246 67768 246 68091 247 68414 248 68737 248 69060 249 69384 249 69707 249 70030 250 70353 251 70677 250 71000 251 71323 252 71646 252 71970 252 72293 252 72617 252 72940 252 73264 251 73587 252 73911 251 74235 251 74559 250 74883 249 75207 249 75532 17 75561 218 75858 7 75885 217 76209 217 76533 216 76857 215 77180 216 77505 214 77829 213 78153 213 78477 212 78801 212 79124 212 79448 212 79772 211 80095 211 80419 211 80743 210 81067 209 81391 208 81714 208 82038 207 82362 206 82686 205 83010 204 83334 203 83658 202 83982 201 84306 200 84630 199 84954 198 85278 197 85602 195 85926 194 86250 193 86574 192 86898 191 87223 189 87547 189 87871 188 88195 187 88520 185 88844 184 89169 182 89493 181 89818 179 90142 178 90467 176 90791 174 91115 173 91440 172 91764 171 92089 169 92413 168 92738 167 93062 166 93387 165 93711 165 94036 163 94361 162 94685 161 95010 160 95335 159 95660 157 95985 156 96311 153 96636 152 96961 151 97287 148 97612 147 97937 145 98263 142 98588 141 98914 138 99240 136 99566 133 99892 130 100217 128 100543 125 100869 122 101195 119 101522 114 101848 110 102175 105 102502 100 102829 95 103158 87 103501 66 103846 43 104174 38 104502 34 104828 31 105153 30 105478 28 105803 27 106127 27 106452 26 106776 26 107101 26 107426 25 107750 25 108075 25 108399 25 108724 25 109048 25 109373 25 109697 25 110022 25 110346 26 110671 25 110995 26 111319 27 111644 26 111968 27 112292 27 112617 27 112941 27 113265 28 113590 27 113914 28 114239 27 114563 28 114888 28 115213 27 115537 28 115862 27 116186 28 116511 28 116836 27 117160 28 117485 28 117809 28 118134 28 118458 29 118783 29 119107 29 119432 29 119757 29 120081 29 120406 29 120731 29 121055 30 121380 29 121705 29 122029 30 122354 30 122679 29 123004 29 123328 30 123653 30 123978 30 124303 30 124627 30 124952 30 125277 30 125602 30 125926 31 126251 31 126576 31 126901 31 127225 31 127550 31 127875 31 128200 31 128525 31 128850 31 129175 31 129500 31 129824 32 130149 32 130474 31 130799 31 131124 30 131448 31 131773 30 132098 30 132423 29 132748 28 133073 27 133398 27 133723 26 134048 25 134374 23 134699 22 135025 20 135351 18 135677 15 136003 13 136330 9 136657 5
Abyssinian_152,18376 7 18872 12 19370 16 19868 19 20366 22 20865 24 21364 25 21864 26 22363 28 22862 29 23361 31 23860 32 24359 34 24858 35 25357 37 25857 37 26355 39 26855 40 27354 41 27853 42 28352 43 28851 44 29351 44 29850 45 30349 46 30849 46 31348 47 31847 48 32346 49 32846 49 33345 50 33844 51 34342 53 34827 2 34840 55 35326 9 35338 57 35825 70 36324 71 36824 71 37323 72 37822 73 38322 73 38821 74 39320 75 39820 75 40319 76 40818 77 41317 78 41816 80 42315 81 42814 82 43314 82 43813 83 44313 83 44813 83 45312 84 45812 84 46312 84 46811 85 47311 84 47810 85 48310 85 48809 85 49308 86 49808 86 50307 87 50806 88 51306 88 51805 89 52303 91 52802 92 53301 93 53800 94 54300 93 54799 94 55298 95 55798 95 56297 96 56796 97 57295 98 57795 98 58294 99 58794 98 59293 99 59792 101 60292 101 60792 101 61291 102 61791 102 62291 103 62791 103 63291 103 63790 105 64290 106 64789 107 65289 107 65789 107 66288 108 66788 109 67287 110 67787 110 68287 110 68786 112 69286 112 69785 113 70285 113 70784 114 71284 114 71783 114 72283 114 72782 115 73281 116 73781 115 74280 116 74779 117 75278 117 75777 118 76277 118 76776 86 76869 26 77275 82 77371 23 77774 78 77872 22 78273 71 78374 20 78773 63 78875 18 79272 59 79375 18 79772 55 79876 16 80271 53 80376 16 80770 52 80877 14 81269 50 81377 13 81768 49 81877 13 82267 47 82378 11 82766 46 82879 9 83265 45 83379 8 83764 44 83880 6 84263 43 84382 2 84559 5 84762 42 85058 9 85260 43 85558 12 85759 42 86058 15 86257 43 86559 17 86756 42 87059 19 87255 42 87560 22 87753 43 88061 23 88252 43 88562 25 88750 44 89063 26 89249 45 89563 29 89747 46 90064 30 90244 48 90565 31 90739 52 91066 32 91235 55 91566 35 91730 60 92067 37 92225 64 92568 39 92721 67 93069 43 93218 69 93570 48 93715 71 94071 50 94211 73 94572 52 94707 76 95072 55 95203 80 95573 58 95700 81 96074 61 96195 83 96575 65 96692 82 97075 75 97188 85 97576 100 97679 92 98077 192 98577 191 99078 188 99579 184 100079 183 100580 180 101081 178 101582 177 102082 176 102583 175 103083 174 103584 173 104085 172 104585 171 105086 170 105586 170 106087 169 106587 169 107088 168 107588 168 108089 167 108589 167 109090 167 109590 167 110090 167 110591 166 111091 167 111592 166 112092 166 112592 166 113092 166 113593 165 114093 165 114593 165 115093 166 115593 166 116094 165 116594 166 117094 166 117594 166 118094 166 118594 167 119094 167 119594 167 120094 168 120594 168 121094 168 121594 168 122094 169 122594 169 123094 169 123594 170 124094 170 124594 170 125094 170 125594 170 126094 171 126594 171 127094 171 127594 172 128094 172 128594 172 129094 173 129594 173 130094 174 130594 174 131093 176 131593 176 132093 176 132593 177 133093 177 133593 177 134093 178 134593 178 135093 178 135593 178 136092 179 136592 179 137092 179 137592 179 138092 179 138593 178 139093 178 139593 178 140093 178 140593 178 141093 178 141593 177 142093 177 142594 176 143094 176 143594 176 144094 176 144594 176 145094 176 145594 175 146094 175 146595 174 147095 174 147595 174 148095 174 148596 173 149096 172 149597 171 150097 171 150598 170 151099 169 151601 167 152104 164 152612 156 153122 1 153125 143 153645 2 153661 107 154171 5 154194 73 154710 57 155216 51 155718 49 156223 44 156725 41 157227 39 157729 37 158231 34 158733 31 159235 28 159738 24 160240 19 160744 11
Russian_Blue_102,58913 4 59238 19 59567 24 59896 30 60202 10 60221 40 60530 64 60861 67 61192 70 61523 72 61855 73 62187 74 62519 75 62851 76 63183 77 63514 79 63846 80 64178 81 64510 82 64842 83 65174 84 65506 85 65837 86 66169 87 66501 88 66833 89 67165 89 67497 90 67828 92 68160 93 68492 94 68824 94 69155 96 69487 97 69819 98 70151 99 70483 99 70814 101 71146 102 71478 102 71810 103 72141 105 72473 106 72805 106 73137 107 73469 108 73801 108 74133 109 74464 111 74796 111 75128 112 75460 113 75792 114 76124 115 76456 116 76788 117 77120 119 77452 120 77784 122 78116 124 78448 126 78780 128 79112 129 79444 131 79776 133 80108 134 80440 136 80773 136 81105 138 81437 139 81769 140 82101 141 82433 143 82765 144 83097 146 83429 147 83762 150 84094 157 84426 160 84758 162 85090 163 85422 164 85755 164 86087 164 86419 165 86751 166 87083 167 87416 167 87748 168 88080 169 88412 170 88745 169 89077 170 89409 170 89742 170 90074 170 90406 170 90738 170 91071 170 91403 170 91735 170 92067 170 92400 169 92732 169 93064 169 93396 169 93729 168 94061 168 94393 168 94725 168 95057 168 95389 168 95721 168 96053 168 96385 168 96717 167 97049 167 97381 167 97713 167 98045 166 98377 166 98709 165 99041 164 99373 164 99705 163 100037 162 100369 161 100700 161 101032 160 101364 159 101696 158 102028 158 102360 157 102692 157 103023 158 103355 158 103687 157 104019 157 104351 157 104682 158 105014 158 105346 158 105678 158 106009 158 106341 158 106673 158 107004 159 107336 159 107667 160 107999 160 108330 161 108662 162 108993 163 109325 163 109657 163 109988 164 110320 164 110651 165 110983 165 111314 166 111646 166 111978 166 112309 168 112641 168 112972 169 113304 169 113636 169 113967 170 114299 170 114630 171 114962 171 115294 171 115625 172 115957 173 116288 174 116620 174 116951 175 117283 175 117615 175 117946 176 118278 176 118610 176 118941 177 119273 178 119604 179 119936 179 120268 179 120599 180 120931 180 121262 182 121594 182 121926 182 122258 182 122589 184 122921 184 123253 184 123584 185 123916 185 124248 186 124580 186 124911 187 125243 187 125575 187 125907 188 126238 189 126570 189 126902 189 127234 189 127566 189 127897 191 128229 191 128561 191 128893 191 129225 191 129557 191 129889 191 130221 191 130553 191 130885 191 131217 192 131549 192 131880 193 132212 193 132544 193 132876 193 133208 193 133540 193 133872 192 134205 191 134537 191 134869 191 135201 191 135533 191 135865 191 136197 191 136529 191 136861 191 137193 191 137525 191 137857 191 138189 191 138521 191 138853 191 139185 190 139518 189 139850 189 140182 189 140514 188 140846 188 141178 188 141511 186 141843 186 142175 185 142507 184 142840 182 143172 182 143505 180 143838 178 144171 177 144504 175 144838 173 145172 170 145508 166 145849 157 146187 150 146526 143 146869 132 147209 123 147552 112 147896 100 148236 92 148580 79 148924 67 149266 56 149612 41 149955 30 150297 18 150640 4
keeshond_117,29850 5 30218 18 30583 33 30915 78 31284 86 31654 93 32026 97 32398 102 32771 105 33144 108 33516 112 33889 115 34262 119 34632 125 35004 129 35371 139 35738 148 36110 153 36482 158 36855 161 37228 165 37600 170 37974 172 38347 176 38721 179 39096 180 39470 183 39845 184 40220 186 40596 186 40971 187 41346 188 41721 189 42096 190 42472 190 42847 191 43222 192 43597 193 43972 194 44347 196 44722 198 45098 200 45473 202 45848 204 46223 205 46598 206 46973 206 47348 207 47723 207 48098 207 48473 207 48848 206 49223 206 49599 205 49974 205 50349 205 50724 205 51099 204 51474 204 51849 204 52224 204 52600 202 52975 202 53350 201 53725 201 54100 200 54475 199 54850 199 55225 198 55600 197 55975 196 56350 195 56725 195 57100 194 57475 193 57850 192 58225 191 58599 191 58974 191 59349 190 59724 189 60099 189 60474 188 60849 188 61224 187 61598 188 61973 188 62348 187 62722 188 63097 187 63471 188 63846 188 64220 189 64595 189 64969 189 65344 189 65719 189 66093 190 66468 190 66843 190 67218 190 67592 191 67967 191 68342 192 68717 192 69092 192 69467 192 69843 192 70218 192 70593 192 70968 192 71343 193 71718 193 72094 192 72469 192 72844 192 73219 193 73595 192 73970 192 74346 191 74721 191 75096 191 75472 189 75847 189 76222 188 76598 186 76973 185 77349 183 77724 182 78100 180 78475 179 78851 177 79226 176 79602 175 79977 174 80353 171 80728 170 81104 168 81479 167 81854 165 82230 163 82605 161 82981 158 83356 156 83731 154 84107 151 84482 150 84857 148 85232 147 85607 146 85982 145 86358 143 86733 142 87107 142 87482 140 87857 139 88232 138 88607 137 88982 136 89356 136 89731 135 90106 134 90481 133 90855 134 91230 133 91605 132 91980 132 92354 132 92729 131 93104 130 93478 130 93853 130 94227 130 94602 130 94977 129 95351 130 95726 129 96101 128 96475 129 96850 128 97225 128 97599 129 97974 128 98348 129 98723 129 99098 128 99473 128 99847 129 100222 128 100597 128 100971 128 101346 128 101721 127 102096 127 102470 128 102845 127 103219 127 103594 127 103969 127 104343 127 104718 127 105092 127 105467 127 105841 128 106216 127 106591 127 106965 128 107340 127 107715 127 108089 127 108464 127 108839 127 109213 127 109588 127 109963 127 110337 127 110712 127 111087 127 111462 127 111836 127 112211 127 112586 127 112961 126 113335 127 113710 127 114085 126 114460 126 114835 125 115210 125 115585 124 115960 124 116335 123 116710 123 117085 122 117460 122 117835 121 118210 121 118585 121 118960 120 119335 120 119710 119 120085 119 120461 118 120836 118 121211 117 121586 117 121961 117 122336 117 122712 115 123087 115 123462 115 123837 115 124213 114 124588 114 124963 113 125338 113 125714 112 126089 112 126464 112 126840 111 127215 111 127591 110 127966 110 128341 109 128717 108 129092 108 129468 107 129844 106 130219 106 130595 105 130970 105 131346 104 131721 104 132097 103 132472 103 132848 103 133223 103 133599 102 133974 102 134349 102 134725 101 135100 101 135476 100 135851 100 136226 100 136602 99 136977 99 137352 98 137727 98 138102 98 138478 96 138853 96 139228 95 139603 95 139978 94 140353 94 140728 93 141103 93 141478 92 141853 92 142228 91 142603 91 142978 90 143353 90 143728 90 144103 89 144478 89 144853 89 145228 88 145603 88 145977 88 146352 88 146727 87 147102 87 147477 86 147852 86 148227 85 148601 86 148976 85 149351 85 149726 84 150101 83 150476 83 150851 82 151225 82 151600 81 151975 80 152350 79 152725 78 153100 77 153475 76 153850 75 154225 74 154600 72 154975 71 155350 69 155725 68 156100 67 156475 65 156850 63 157225 61 157601 58 157976 57 158351 55 158726 54 159102 52 159477 52 159853 50 160228 49 160604 47 160979 46 161355 45 161731 44 162107 42 162483 41 162858 40 163234 39 163610 38 163985 37 164361 36 164737 34 165113 33 165489 32 165864 31 166240 30 166616 29 166992 27 167368 25 167743 24 168119 22 168495 20 168871 18 169247 16 169624 12 170001 7
Russian_Blue_185,136 194 635 200 1135 204 1634 208 2134 211 2634 214 3134 216 3634 217 4134 218 4634 218 5134 219 5634 219 6134 219 6634 219 7134 220 7634 220 8135 219 8635 219 9135 220 9635 220 10135 220 10635 220 11135 221 11635 221 12135 221 12635 222 13135 222 13635 222 14135 223 14635 224 15135 224 15635 226 16135 227 16635 228 17135 229 17635 230 18135 231 18635 232 19136 232 19636 233 20136 234 20636 235 21136 236 21636 237 22136 238 22636 239 23136 240 23636 241 24136 243 24637 243 25137 244 25637 245 26137 246 26637 248 27138 248 27638 249 28138 250 28638 251 29138 251 29639 251 30139 252 30639 253 31139 253 31639 254 32140 254 32640 255 33140 255 33640 256 34140 256 34640 257 35140 257 35639 259 36139 260 36638 261 37138 262 37637 264 38137 265 38636 267 39136 268 39539 17 39635 270 40034 33 40133 273 40531 41 40632 275 41029 47 41130 278 41528 51 41627 282 42027 56 42125 285 42526 62 42621 291 43025 78 43115 297 43525 388 44025 389 44525 390 45025 391 45526 391 46026 392 46527 392 47027 392 47528 392 48029 392 48530 391 49031 391 49532 391 50033 390 50535 389 51036 389 51537 389 52039 387 52540 387 53042 386 53543 386 54045 385 54546 385 55048 384 55550 383 56051 383 56553 382 57055 382 57556 382 58058 382 58559 382 59061 382 59563 382 60064 383 60566 383 61068 382 61570 381 62071 381 62573 380 63075 379 63576 379 64077 379 64579 378 65080 377 65581 377 66083 376 66584 375 67085 375 67586 375 68087 375 68588 374 69089 374 69590 373 70090 374 70591 373 71092 373 71592 373 72092 373 72593 373 73093 373 73593 373 74094 373 74594 373 75094 374 75595 373 76095 374 76595 375 77095 375 77595 376 78095 376 78595 377 79095 377 79595 377 80095 378 80595 378 81095 378 81595 378 82096 377 82596 377 83096 377 83596 377 84096 377 84596 377 85096 377 85596 377 86096 376 86597 375 87097 374 87597 374 88097 374 88597 373 89097 372 89597 370 90097 369 90597 366 91097 334 91445 12 91597 331 92097 329 92598 327 93098 326 93598 325 94098 324 94598 324 95099 322 95599 322 96099 321 96599 321 97099 321 97600 319 98100 319 98600 319 99100 319 99601 318 100101 317 100601 317 101101 317 101601 317 102101 317 102601 317 103101 317 103602 315 104102 315 104602 315 105102 315 105602 315 106102 315 106602 315 107102 315 107602 315 108102 315 108602 314 109102 314 109602 314 110102 314 110602 314 111102 314 111602 314 112102 314 112601 315 113101 315 113601 315 114100 316 114600 316 115099 317 115598 319 116098 319 116597 320 117096 321 117595 323 118095 323 118594 324 119093 326 119592 327 120091 329 120590 330 121090 331 121589 332 122088 334 122587 336 123086 338 123585 340 124084 342 124583 344 125082 348 125581 352 126080 356 126579 366 127078 377 127577 381 128076 384 128575 386 129073 389 129572 392 130071 394 130570 396 131069 151 131234 233 131568 142 131740 228 132067 134 132244 224 132566 129 132746 223 133064 126 133249 221 133563 123 133751 219 134062 117 134253 218 134561 107 134755 217 135060 80 135258 215 135559 77 135760 213 136058 75 136262 212 136557 73 136765 209 137056 72 137267 208 137555 71 137769 206 138054 69 138272 203 138553 67 138775 201 139052 64 139278 198 139551 62 139782 194 140050 59 140286 191 140549 57 140791 186 141049 54 141297 180 141548 53 141805 172 142047 51 142310 168 142547 49 142815 163 143046 49 143320 158 143545 48 143823 156 144045 45 144326 153 144545 43 144828 151 145044 41 145329 150 145544 38 145831 148 146044 35 146333 146 146544 32 146834 145 147045 28 147335 144 147545 25 147837 142 148046 20 148338 141 148549 11 148840 138 149342 73 149430 48 149843 68 149934 44 150344 64 150437 41 150846 58 150939 39 151347 54 151441 37 151849 49 151943 34 152350 46 152445 32 152853 41 152947 29 153355 36 153448 28 153858 30 153950 25 154361 24 154451 23 154864 18 154952 21 155370 8 155453 19 155954 17 156456 13 156957 10 157460 4
havanese_42,38166 1 38309 9 38366 5 38663 8 38805 18 38864 8 39162 12 39302 25 39361 11 39660 17 39799 33 39858 15 40159 21 40296 46 40351 22 40658 24 40794 80 41158 26 41290 84 41657 29 41785 90 42156 32 42280 95 42656 34 42775 101 43155 37 43270 106 43654 40 43762 114 44154 41 44253 124 44653 45 44746 132 45153 48 45238 141 45652 52 45736 144 46152 56 46235 146 46651 63 46734 148 47151 232 47650 236 48150 238 48649 242 49148 246 49647 249 50146 251 50645 253 51144 255 51643 257 52141 260 52640 262 53138 264 53635 268 54132 272 54628 277 55106 301 55597 311 56093 317 56590 321 57088 325 57587 327 58086 330 58584 334 59083 336 59582 339 60081 341 60579 345 61077 349 61576 351 62075 354 62575 356 63074 358 63573 361 64073 362 64572 365 65072 366 65571 367 66071 367 66570 368 67069 369 67569 369 68068 370 68567 371 69066 372 69564 374 70062 376 70560 378 71058 380 71557 382 72057 382 72556 383 73056 383 73556 383 74057 382 74557 382 75058 381 75558 381 76059 380 76559 380 77060 379 77561 378 78061 378 78562 377 79062 377 79563 375 80064 374 80564 373 81065 371 81566 369 82067 368 82568 366 83068 365 83569 363 84070 362 84570 361 85070 360 85570 359 86071 357 86571 356 87070 357 87570 356 88070 355 88570 355 89070 354 89569 355 90069 354 90569 353 91068 353 91568 353 92068 351 92567 351 93067 349 93567 347 94066 345 94566 343 95066 341 95565 341 96065 339 96565 337 97065 336 97565 336 98065 335 98565 334 99065 334 99565 334 100065 333 100565 333 101065 333 101565 333 102065 333 102566 332 103066 332 103566 332 104067 331 104567 331 105068 331 105568 331 106069 331 106569 332 107069 332 107570 332 108070 332 108571 332 109072 331 109572 332 110072 333 110573 332 111073 333 111574 332 112074 332 112575 332 113076 331 113576 331 114077 330 114578 330 115078 330 115579 329 116079 329 116580 328 117080 328 117580 328 118080 328 118580 328 119080 328 119581 327 120081 327 120581 327 121081 327 121582 326 122082 326 122582 326 123083 325 123583 326 124084 325 124584 325 125085 324 125585 324 126086 323 126587 322 127087 322 127588 321 128088 321 128589 320 129090 319 129590 319 130091 318 130592 317 131093 316 131594 315 132095 314 132596 313 133097 312 133598 311 134099 310 134601 308 135102 307 135604 304 136106 302 136607 301 137109 298 137612 295 138114 292 138616 289 139119 285 139622 281 140125 277 140627 274 141129 271 141631 268 142133 264 142634 261 143136 257 143638 251 144140 243 144642 237 145144 229 145645 222 146146 217 146648 210 147151 203 147656 11 147681 170 148184 164 148687 158 149190 152 149693 146 150195 141 150696 136 151147 5 151197 132 151647 5 151699 128 152146 7 152201 123 152646 7 152702 119 153147 5 153203 115 153648 2 153651 1 153703 112 154206 106 154708 101 155211 95 155713 89 156221 79 156733 64 157238 56 157739 52 158240 49 158742 45 159243 42 159744 38 160245 34 160746 30 161248 25 161750 20 162252 15 162754 11
keeshond_116,70 159 568 163 1067 165 1566 167 2065 169 2565 170 3064 171 3564 172 4064 172 4565 172 5065 172 5565 173 6065 173 6565 174 7065 175 7565 175 8065 176 8565 177 9065 178 9565 178 10065 179 10565 180 11065 181 11565 182 12066 182 12566 183 13066 184 13566 185 14066 187 14566 188 15066 189 15566 190 16067 190 16567 190 17067 191 17567 192 18067 193 18568 193 19068 193 19568 194 20068 195 20568 195 21069 195 21569 196 22069 196 22570 196 23070 197 23570 197 24071 197 24571 197 25071 198 25572 197 26072 198 26572 198 27073 198 27573 198 28073 198 28574 198 29074 199 29575 198 30075 198 30576 198 31076 198 31577 197 32077 198 32578 197 33079 197 33579 197 34079 197 34580 197 35080 198 35580 199 36081 199 36581 199 37082 199 37582 200 38082 201 38583 201 39083 203 39583 204 40084 205 40584 206 41084 208 41585 209 42085 210 42585 212 43086 212 43586 213 44086 214 44586 215 45087 214 45587 215 46087 216 46588 216 47088 217 47589 217 48089 218 48589 219 49090 219 49590 220 50091 220 50591 222 51091 223 51592 224 52092 227 52592 229 53092 231 53593 232 54093 234 54593 235 55093 237 55593 238 56094 238 56594 240 57094 241 57594 242 58094 243 58595 243 59095 244 59595 245 60095 246 60595 246 61095 247 61595 248 62096 247 62596 248 63096 249 63596 249 64097 248 64597 249 65097 249 65597 250 66098 249 66598 249 67098 250 67598 250 68099 249 68599 250 69099 250 69599 250 70100 250 70600 250 71100 251 71601 250 72101 250 72601 250 73101 251 73601 251 74102 250 74602 250 75102 250 75603 249 76103 249 76603 250 77103 250 77604 249 78104 249 78604 248 79104 248 79604 248 80105 247 80605 247 81105 247 81606 246 82106 246 82606 246 83106 246 83607 245 84107 245 84607 245 85107 245 85608 244 86108 244 86608 244 87109 243 87609 243 88109 244 88609 244 89110 243 89610 243 90110 243 90611 243 91111 243 91611 243 92112 242 92612 243 93112 243 93613 242 94113 243 94613 243 95114 242 95614 243 96115 242 96615 242 97115 243 97616 242 98116 243 98616 244 99117 243 99617 244 100117 245 100617 246 101117 248 101617 249 102117 250 102617 251 103118 252 103618 253 104118 254 104618 214 104840 33 105118 213 105343 32 105619 212 105845 31 106119 211 106348 29 106619 211 106849 29 107120 210 107351 28 107620 210 107853 27 108120 210 108354 27 108621 209 108855 27 109121 209 109357 27 109622 208 109857 28 110123 207 110359 27 110624 206 110860 27 111124 206 111361 27 111625 205 111862 27 112126 204 112363 27 112626 203 112864 26 113127 202 113365 26 113627 202 113866 26 114128 201 114367 25 114628 200 114868 25 115129 199 115369 24 115629 199 115870 23 116130 198 116371 23 116630 198 116872 22 117130 198 117373 21 117631 197 117874 20 118131 197 118375 20 118631 197 118876 19 119132 197 119377 18 119632 197 119878 17 120132 197 120379 17 120633 197 120880 16 121133 198 121381 16 121634 197 121882 15 122134 198 122383 15 122635 198 122884 14 123135 199 123385 13 123636 199 123886 13 124136 200 124387 12 124637 200 124888 10 125138 200 125390 8 125638 201 125893 3 126139 202 126640 202 127141 202 127641 203 128142 203 128643 204 129144 204 129645 204 130145 205 130646 205 131147 205 131647 207 132148 207 132648 162 132814 43 133148 156 133322 38 133648 152 133827 36 134148 149 134331 34 134648 146 134834 33 135148 143 135337 32 135648 140 135840 30 136149 137 136342 29 136649 135 136844 28 137152 129 137345 28 137663 116 137847 26 138177 100 138348 26 138685 90 138849 25 139190 83 139351 24 139693 78 139852 23 140196 74 140353 23 140698 70 140854 22 141200 66 141355 21 141702 62 141856 21 142204 59 142357 21 142706 55 142858 20 143207 52 143359 20 143709 48 143859 20 144211 44 144360 20 144714 38 144861 19 145216 33 145362 18 145718 27 145864 16 146222 19 146365 14 146727 8 146867 12 147369 8
Abyssinian_74,773 8 1272 13 1770 19 2268 24 2767 26 3267 27 3766 28 4264 30 4763 31 5261 33 5759 35 6257 38 6756 39 7255 40 7754 41 8252 44 8751 46 9251 47 9750 48 10250 49 10749 51 11248 52 11748 52 12247 53 12747 54 13246 55 13746 56 14246 56 14746 56 15246 57 15746 57 16246 57 16746 58 17246 58 17746 58 18245 59 18744 60 19244 60 19743 61 20242 62 20741 63 21240 64 21739 65 22239 65 22739 65 23238 67 23738 67 24063 8 24237 68 24561 14 24736 69 25061 18 25236 69 25560 23 25735 70 26060 27 26234 71 26561 30 26733 72 27061 34 27232 73 27561 39 27730 75 28062 42 28229 76 28563 47 28727 78 29064 52 29225 80 29565 55 29718 87 30067 56 30207 98 30569 58 30698 107 31071 63 31188 117 31574 75 31681 124 32076 229 32577 228 33078 227 33580 225 34082 223 34583 222 35084 221 35586 219 36087 218 36588 217 37088 217 37589 216 38090 215 38590 215 39091 214 39591 214 40092 213 40592 213 41093 212 41593 212 42094 211 42594 211 43094 211 43594 211 44095 210 44595 210 45095 210 45595 210 46095 210 46595 210 47095 210 47595 210 48095 210 48595 210 49095 210 49595 210 50095 210 50595 210 51095 210 51595 210 52095 210 52595 210 53095 211 53594 212 54094 212 54594 212 55094 213 55594 213 56094 213 56594 213 57094 213 57595 212 58095 213 58595 213 59095 213 59595 213 60095 213 60595 213 61095 214 61595 214 62095 214 62595 214 63095 214 63595 214 64095 214 64595 214 65095 214 65595 215 66095 215 66595 215 67095 215 67595 215 68095 215 68595 215 69095 215 69595 215 70095 215 70595 215 71096 214 71596 214 72096 214 72597 213 73097 213 73597 213 74097 213 74597 213 75097 213 75597 213 76097 213 76597 213 77097 213 77597 214 78097 214 78596 215 79096 215 79595 216 80095 216 80594 217 81094 218 81593 219 82092 220 82591 221 83089 223 83588 224 84087 225 84586 227 85086 227 85585 228 86084 229 86583 230 87083 231 87583 231 88083 18 88123 191 88585 8 88641 173 89148 166 89652 162 90157 157 90661 153 91163 151 91665 149 92167 147 92668 146 93169 146 93671 144 94172 143 94672 144 95173 143 95674 143 96175 142 96676 142 97176 143 97677 143 98177 145 98677 146 99178 147 99678 149 100178 151 100678 153 101178 155 101678 158 102178 160 102679 162 103179 165 103679 167 104179 171 104679 174 105179 177 105679 180 106179 183 106679 186 107179 189 107679 191 108179 194 108679 197 109179 199 109678 202 110178 205 110677 208 111177 211 111676 214 112176 217 112675 220 113174 223 113674 226 114173 229 114672 233 115172 236 115671 240 116170 244 116670 247 117169 251 117669 255 118169 257 118668 262 119168 265 119667 270 120167 273 120667 276 121166 281 121666 284 122166 288 122666 146 122831 127 123166 139 123336 126 123666 132 123840 126 124166 122 124344 125 124665 103 124848 124 125165 93 125351 125 125665 86 125856 123 126165 83 126359 123 126665 80 126864 122 127165 78 127368 121 127665 75 127873 119 128165 72 128378 119 128665 68 128882 117 129165 63 129386 115 129665 59 129891 110 130166 53 130396 105 130666 51 130901 100 131167 46 131406 95 131667 33 131910 91 132168 29 132416 85 132668 27 132922 79 133169 24 133430 71 133669 22 133936 65 134170 19 134440 61 134672 15 134945 56 135173 12 135449 52 135676 5 135952 49 136456 45 136959 42 137462 39 137965 36 138468 33 138970 31 139473 28 139976 25 140479 22 140983 18 141488 11
american_pit_bull_terrier_7,280 54 614 55 948 55 1282 55 1615 56 1948 57 2282 57 2615 58 2948 59 3281 60 3614 61 3947 62 4279 64 4612 65 4944 67 5277 68 5609 70 5942 71 6275 72 6460 12 6607 74 6791 18 6940 75 7123 22 7273 76 7455 26 7605 78 7788 28 7938 79 8120 31 8271 80 8453 34 8603 82 8786 35 8936 83 9119 37 9269 84 9452 39 9601 86 9785 41 9933 88 10118 43 10265 90 10451 45 10598 91 10785 46 10931 92 11118 48 11264 93 11451 50 11597 94 11784 52 11930 95 12118 53 12263 96 12451 55 12597 96 12784 56 12931 96 13118 57 13265 96 13451 59 13599 96 13784 60 13934 95 14118 61 14274 89 14451 62 14612 85 14785 62 14952 79 15118 64 15289 76 15452 64 15627 72 15785 66 15963 70 16119 66 16301 66 16452 67 16638 63 16786 68 16975 60 17120 68 17311 58 17453 69 17647 56 17787 69 17983 54 18121 70 18319 52 18455 70 18656 49 18789 70 18992 47 19122 72 19327 46 19456 72 19663 44 19790 73 19998 43 20124 73 20334 41 20458 73 20669 40 20792 73 21005 38 21126 74 21254 14 21341 36 21460 74 21583 22 21676 35 21794 75 21915 29 22012 33 22128 75 22246 38 22347 32 22462 76 22577 46 22683 30 22796 77 22908 56 23018 29 23130 77 23239 65 23353 28 23464 78 23569 73 23689 26 23799 78 23901 78 24024 25 24133 80 24230 85 24359 24 24467 81 24560 91 24694 23 24801 83 24890 96 25029 22 25135 187 25364 21 25470 188 25700 19 25804 189 26036 17 26138 191 26372 15 26472 193 26707 14 26806 195 27043 12 27140 197 27378 11 27475 198 27713 10 27809 200 28049 8 28143 201 28384 7 28477 203 28720 5 28811 204 29146 205 29480 207 29814 208 30148 209 30482 211 30816 212 31150 213 31484 214 31818 215 32152 216 32486 217 32820 218 33154 219 33488 220 33822 221 34155 223 34489 224 34823 225 35157 226 35490 228 35824 229 36158 230 36491 233 36825 234 37159 235 37493 236 37827 238 38160 240 38494 242 38828 243 39161 245 39495 246 39829 247 40163 250 40496 253 40830 253 41164 253 41498 253 41832 253 42165 254 42499 254 42833 254 43167 254 43501 254 43835 254 44169 254 44503 254 44837 254 45171 254 45505 254 45839 254 46173 254 46507 254 46841 254 47174 255 47508 255 47842 255 48176 255 48510 255 48844 255 49178 255 49512 255 49846 255 50179 256 50513 256 50847 256 51181 256 51515 256 51849 256 52183 256 52516 257 52850 257 53184 257 53518 257 53852 257 54185 258 54519 258 54853 258 55187 258 55521 258 55854 259 56188 259 56522 259 56856 259 57189 260 57523 260 57857 260 58191 260 58524 261 58858 261 59192 261 59526 261 59859 262 60193 262 60527 262 60861 262 61194 263 61528 263 61862 263 62196 263 62530 263 62863 264 63197 264 63531 264 63865 264 64199 264 64533 264 64867 264 65201 264 65534 265 65868 265 66202 265 66536 265 66870 265 67204 265 67538 265 67872 265 68206 265 68540 265 68874 265 69208 265 69542 265 69875 266 70209 266 70543 266 70877 266 71211 266 71544 267 71878 267 72212 266 72545 267 72879 267 73212 268 73546 268 73880 267 74213 268 74547 268 74880 269 75214 269 75547 270 75881 270 76214 270 76548 270 76882 270 77216 270 77549 270 77883 268 78217 266 78551 261 78884 260 79218 257 79552 256 79886 255 80219 255 80553 255 80887 254 81221 253 81555 252 81889 251 82222 252 82556 251 82890 250 83224 249 83558 249 83892 248 84226 247 84560 246 84894 246 85228 245 85563 243 85897 243 86231 242 86565 241 86900 240 87234 239 87569 238 87904 236 88238 236 88573 160 88743 64 88908 66 88982 81 89081 59 89243 62 89322 72 89420 54 89579 59 89661 65 89758 49 89914 57 90001 56 90097 42 90250 54 90339 49 90435 37 90586 51 90676 43 90772 31 90922 48 91014 35 91111 21 91258 45 91353 26 91450 9 91594 43 91931 39 92268 35 92605 32 92943 27 93280 23 93619 16 93959 7
Birman_30,296 44 380 30 795 45 880 30 1294 46 1380 30 1793 47 1880 30 2290 51 2379 32 2781 60 2879 32 3278 64 3378 33 3775 67 3878 32 4274 68 4377 33 4772 70 4877 34 5271 71 5377 35 5771 72 5877 35 6270 73 6377 35 6769 74 6876 36 7269 74 7376 36 7768 75 7876 36 8265 78 8376 35 8763 81 8876 35 9261 83 9376 34 9760 84 9876 33 10259 85 10376 32 10760 84 10876 31 11260 84 11376 31 11759 86 11876 30 12259 86 12376 30 12758 87 12876 30 13257 88 13376 31 13756 89 13876 31 14255 91 14376 31 14754 92 14877 31 14914 6 15252 94 15377 46 15751 95 15877 48 16250 97 16377 50 16749 98 16878 51 17248 99 17378 53 17747 100 17878 54 18246 102 18379 54 18745 103 18879 56 19244 104 19379 56 19742 106 19880 56 20239 110 20380 57 20736 113 20880 58 21234 115 21381 57 21733 116 21882 57 22231 118 22382 57 22731 119 22883 27 22913 27 23230 120 23384 23 23416 24 23729 121 23885 20 23918 23 24229 121 24386 18 24419 22 24728 122 24887 15 24920 22 25227 123 25389 11 25421 22 25726 124 25892 5 25922 21 25988 9 26225 125 26422 22 26486 15 26725 125 26922 23 26984 17 27224 126 27423 22 27481 20 27723 127 27923 23 27978 23 28221 129 28423 24 28476 25 28720 130 28923 26 28973 28 29218 132 29423 27 29470 31 29715 135 29923 29 29967 34 30212 138 30422 34 30462 39 30708 142 30922 79 31203 147 31422 79 31700 150 31921 80 32198 152 32421 80 32696 154 32920 81 33194 156 33420 81 33693 158 33920 81 34191 160 34420 81 34690 161 34919 82 35189 162 35419 82 35688 163 35918 83 36187 165 36418 83 36685 167 36918 83 37184 168 37418 83 37683 169 37872 3 37917 84 38182 170 38371 5 38417 84 38681 171 38870 7 38917 84 39180 173 39370 7 39416 85 39679 173 39870 7 39916 85 40178 174 40371 6 40416 85 40677 175 40871 6 40915 86 41176 176 41372 5 41415 86 41675 177 41873 4 41915 86 42174 178 42375 2 42414 87 42673 180 42914 87 43172 181 43413 88 43671 182 43913 88 44170 184 44413 88 44670 185 44912 89 45169 187 45411 90 45668 189 45910 91 46167 191 46409 92 46667 192 46909 92 47166 195 47407 94 47665 199 47906 95 48164 203 48374 7 48405 96 48663 220 48903 98 49162 224 49401 100 49661 227 49899 102 50160 341 50659 342 51157 344 51656 345 52155 346 52654 347 53152 349 53651 350 54150 351 54649 352 55147 354 55646 355 56145 356 56644 357 57143 358 57642 359 58141 360 58640 361 59139 362 59638 363 60137 364 60636 365 61135 366 61634 367 62133 368 62632 369 63131 370 63630 371 64129 372 64627 374 65126 375 65625 376 66124 377 66624 377 67123 378 67622 379 68122 379 68621 380 69121 380 69621 380 70120 381 70620 381 71120 381 71619 382 72119 382 72618 383 73118 383 73617 384 74116 385 74615 386 75114 387 75613 388 76113 388 76614 387 77115 386 77614 387 78113 388 78612 389 79111 390 79610 391 80110 391 80609 392 81109 392 81609 392 82109 392 82609 392 83108 393 83608 393 84108 328 84608 321 85109 314 85609 309 86109 305 86609 301 87109 297 87610 292 88110 287 88611 280 89111 276 89612 270 90112 265 90612 259 91112 256 91613 252 92113 250 92613 248 93112 247 93612 245 94111 245 94611 243 95111 241 95611 239 96111 238 96611 236 97111 235 97611 233 98111 231 98611 230 99110 230 99610 228 100110 227 100610 225 101110 224 101610 222 102110 221 102610 219 103110 217 103610 216 104110 214 104611 212 105111 211 105611 209 106111 208 106611 207 107111 206 107611 204 108111 203 108611 202 109111 201 109611 200 110111 199 110611 198 111111 197 111611 196 112111 195 112610 195 113110 194 113610 193 114110 192 114610 191 115110 190 115610 189 116110 188 116610 186 117110 185 117610 184 118110 183 118610 181 119111 179 119611 178 120111 176 120612 173 121112 172 121612 170 122112 168 122612 167 123112 165 123612 164 124113 161 124613 160 125113 159 125613 158 126113 158 126613 157 127114 156 127614 155 128114 154 128614 154 129114 154 129615 152 130115 152 130615 151 131115 151 131615 151 132115 151 132615 151 133115 150 133615 150 134115 150 134614 151 135114 151 135614 150 136114 150 136614 150 137114 150 137614 149 138114 149 138614 149 139113 150 139613 149 140112 150 140612 150 141112 149 141611 150 142111 150 142610 150 143110 150 143610 150 144109 150 144609 150 145108 150 145608 150 146107 150 146607 149 147107 149 147607 148 148107 148 148607 147 149107 146 149608 144 150108 18 150151 101 150609 11 150657 94 151111 5 151160 90 151662 87 152164 85 152666 82 153167 80 153668 78 154170 75 154671 73 155172 71 155673 70 156174 68 156676 65 157178 63 157679 61 158181 59 158684 55 159187 51 159690 48 160193 44 160697 38 161203 29 161716 12
Russian_Blue_140,155 178 488 178 821 179 1154 179 1488 178 1821 178 2154 178 2487 178 2821 177 3154 177 3487 177 3821 176 4154 176 4487 176 4820 176 5153 176 5486 176 5819 176 6152 176 6485 176 6818 176 7151 176 7484 176 7817 176 8150 176 8483 176 8816 176 9149 176 9482 176 9815 176 10148 176 10481 176 10814 176 11147 176 11480 176 11812 177 12145 177 12478 177 12811 177 13144 177 13476 178 13809 178 14142 178 14475 178 14807 179 15140 179 15473 179 15806 179 16139 179 16472 179 16805 179 17138 179 17471 179 17805 178 18138 178 18471 178 18805 177 19138 177 19471 177 19804 177 20137 177 20470 177 20803 177 21136 177 21469 177 21802 177 22135 177 22468 177 22801 177 23135 176 23468 176 23801 176 24134 176 24468 175 24801 175 25134 175 25468 174 25801 174 26134 174 26468 173 26801 173 27134 173 27467 173 27801 172 28134 172 28467 172 28800 172 29133 172 29466 172 29800 171 30133 171 30466 171 30799 171 31132 171 31466 170 31799 170 32132 170 32465 170 32798 170 33132 169 33465 169 33798 169 34131 169 34464 169 34797 169 35130 169 35463 169 35796 169 36129 169 36462 169 36795 169 37128 169 37460 170 37793 170 38126 170 38458 171 38791 171 39124 171 39456 172 39789 172 40121 173 40453 174 40786 174 41117 176 41449 177 41781 178 42112 180 42444 181 42775 183 42977 20 43107 184 43307 34 43438 186 43638 41 43769 188 43970 48 44101 189 44303 52 44432 191 44635 57 44764 192 44968 60 45096 193 45301 64 45427 195 45634 69 45759 196 45967 76 46090 198 46300 81 46421 200 46633 87 46752 202 46966 91 47082 205 47299 95 47413 207 47633 97 47743 210 47966 320 48300 319 48633 319 48967 318 49300 318 49634 317 49968 316 50302 315 50635 315 50969 314 51303 313 51637 312 51971 311 52304 311 52638 310 52972 309 53306 308 53640 307 53974 306 54307 306 54641 305 54975 304 55309 303 55643 302 55977 301 56310 301 56644 300 56978 299 57312 298 57646 297 57979 297 58313 296 58647 295 58981 294 59315 293 59649 292 59983 291 60317 290 60651 289 60985 288 61319 287 61652 287 61986 286 62320 285 62654 284 62988 283 63322 282 63656 281 63990 280 64323 280 64657 279 64991 278 65324 278 65658 277 65991 277 66324 277 66658 276 66991 276 67324 276 67657 276 67991 275 68324 275 68657 275 68990 275 69323 275 69657 274 69990 274 70323 274 70656 274 70990 273 71323 273 71656 273 71990 272 72323 272 72656 272 72989 272 73322 272 73655 272 73988 272 74321 272 74654 272 74987 272 75320 272 75653 272 75986 272 76319 272 76652 272 76985 272 77318 272 77651 272 77985 271 78318 271 78651 271 78984 271 79317 271 79650 271 79983 271 80316 271 80649 271 80982 271 81315 271 81648 271 81981 271 82314 271 82647 271 82980 271 83313 271 83645 272 83978 272 84311 272 84644 272 84977 272 85310 272 85643 272 85976 272 86310 271 86643 271 86976 271 87309 271 87642 271 87975 271 88308 271 88641 271 88974 271 89307 271 89640 271 89973 271 90306 271 90639 271 90972 271 91305 271 91638 271 91971 271 92304 271 92637 271 92970 271 93303 271 93636 271 93969 271 94302 271 94635 271 94968 271 95301 271 95634 271 95967 271 96300 271 96633 271 96966 271 97299 271 97632 271 97965 271 98298 271 98631 271 98964 271 99297 271 99630 271 99963 271 100296 271 100629 271 100962 271 101295 271 101628 271 101961 271 102294 271 102627 271 102960 271 103293 271 103626 271 103958 272 104291 272 104624 272 104957 272 105289 273 105622 273 105954 274 106286 275 106619 275 106951 276 107283 277 107615 278 107947 279 108279 280 108612 280 108944 281 109276 282 109608 283 109940 284 110272 285 110604 286 110936 287 111268 288 111600 289 111932 290 112264 291 112596 292 112928 293 113261 293 113593 294 113925 295 114257 296 114589 297 114921 298 115253 299 115585 300 115918 300 116250 301 116582 302 116914 303 117246 304 117578 305 117911 305 118243 306 118575 307 118907 308 119239 309 119572 309 119904 310 120236 311 120568 312 120901 312 121233 313 121565 314 121898 310 122230 307 122562 305 122895 302 123227 300 123560 298 123892 296 124225 294 124558 292 124891 290 125224 288 125557 98 125658 184 125890 90 125996 176 126223 83 126333 170 126556 75 126672 162 126890 67 127008 157 127224 62 127343 153 127558 59 127678 149 127893 54 128013 145 128228 48 128348 141 128564 41 128683 137 128903 17 128922 11 129018 133 129353 129 129689 124 130024 120 130360 115 130696 110 131032 105 131369 99 131706 92 132043 87 132379 81 132715 76 133051 72 133388 66 133724 62 134060 58 134397 53 134733 49 135070 43 135407 38 135743 34 136081 28 136417 24 136754 19 137090 15 137425 12 137761 7
Siamese_138,59700 8 60196 13 60693 17 61190 21 61688 24 62186 26 62684 29 63183 31 63682 32 64180 35 64678 38 65144 9 65176 42 65635 84 66130 91 66626 98 67122 105 67617 115 67829 21 68111 124 68319 32 68605 133 68807 45 69101 140 69293 59 69598 147 69780 72 70094 157 70270 82 70591 261 71088 264 71585 266 72082 269 72580 271 73078 273 73576 275 74076 275 74575 276 75075 276 75575 276 76076 275 76578 273 77081 270 77584 267 78088 264 78592 260 79096 256 79598 254 80101 251 80602 250 81104 248 81606 246 82107 245 82608 244 83109 243 83610 241 84110 241 84611 240 85111 240 85612 238 86112 237 86612 236 87113 234 87613 233 88114 231 88614 230 89115 228 89615 227 90115 227 90616 225 91117 224 91617 223 92118 222 92619 221 93120 219 93621 218 94122 76 94204 134 94624 65 94712 126 95125 58 95217 120 95627 52 95721 115 96129 47 96224 112 96631 43 96728 107 97133 39 97231 103 97634 36 97734 99 98135 33 98237 95 98636 30 98740 92 99136 28 99244 87 99636 27 99747 83 100137 24 100253 76 100637 23 100761 67 101137 23 101278 49 101637 22 101787 38 102137 21 102294 29 102637 21 102799 21 103137 21 103303 14 103637 21 103809 2 104137 20 104637 20 105137 20 105636 20 106136 20 106636 19 107136 18 107636 18 108136 17 108636 17 109135 17 109635 16 110135 16 110635 15 111134 15 111634 14 112134 13 112634 13 113134 12 113634 11 114134 11 114634 9 115134 9 115634 8 116134 6 116635 4
British_Shorthair_91,23753 3 24084 11 24416 16 24749 18 25083 20 25416 22 25749 24 26083 26 26416 28 26749 30 27082 31 27414 34 27746 37 28072 46 28404 49 28738 49 29071 51 29405 51 29739 52 30073 52 30407 53 30741 53 31075 53 31409 54 31743 54 32077 54 32410 55 32744 55 33078 55 33411 56 33744 57 34078 58 34411 59 34744 60 35078 61 35412 61 35745 63 36079 63 36413 64 36748 64 37082 66 37416 67 37750 68 38085 68 38419 69 38754 69 39088 70 39422 71 39757 72 40092 72 40426 73 40761 73 41095 74 41430 74 41764 75 42028 17 42099 75 42360 28 42433 76 42693 33 42768 76 43026 39 43103 76 43360 41 43437 77 43693 45 43772 77 44027 48 44106 78 44360 51 44441 77 44694 54 44775 78 45028 57 45110 78 45361 60 45444 78 45694 64 45778 79 46028 67 46112 80 46361 72 46446 80 46695 76 46780 80 47029 166 47362 167 47696 168 48029 170 48362 171 48695 173 49029 173 49360 177 49648 10 49691 181 49978 21 50022 184 50311 230 50646 230 50887 4 50980 231 51220 7 51316 230 51554 8 51651 229 51888 10 51986 229 52223 10 52322 228 52557 12 52658 227 52891 13 52993 228 53225 14 53329 227 53560 14 53664 228 53893 17 54000 245 54336 244 54671 245 55007 244 55343 243 55678 244 56014 243 56350 242 56686 241 57021 242 57357 241 57692 241 58028 240 58363 240 58698 241 59034 240 59369 240 59705 239 60040 239 60376 239 60711 239 61046 239 61382 238 61717 239 62053 238 62388 238 62724 237 63059 237 63395 237 63730 237 64065 237 64400 237 64735 237 65071 237 65406 237 65741 237 66076 237 66411 237 66746 237 67081 237 67416 237 67752 236 68086 237 68421 237 68757 236 69092 236 69427 235 69762 235 70097 235 70432 235 70767 235 71102 235 71437 235 71772 235 72107 235 72442 235 72777 234 73112 234 73447 234 73782 234 74117 234 74452 234 74787 233 75122 233 75457 233 75792 232 76128 231 76436 2 76463 231 76771 3 76798 230 77105 4 77133 230 77440 5 77468 229 77774 6 77803 229 78109 6 78138 229 78444 6 78473 228 78779 7 78808 228 79114 7 79143 227 79448 8 79478 227 79783 9 79814 225 80118 9 80149 225 80453 9 80484 224 80788 9 80819 224 81124 8 81154 223 81459 8 81489 222 81794 8 81825 221 82129 8 82160 220 82464 8 82495 219 82799 9 82830 219 83134 9 83165 218 83470 8 83500 217 83805 8 83836 216 84140 9 84171 215 84476 8 84506 214 84811 9 84841 213 85146 10 85177 210 85481 11 85512 209 85817 10 85847 207 86153 9 86182 206 86488 10 86517 205 86823 10 86853 203 87158 11 87188 202 87494 10 87523 201 87829 10 87858 200 88165 10 88194 199 88500 11 88529 198 88836 10 88864 197 89171 10 89199 197 89507 10 89535 195 89842 10 89870 194 90178 9 90206 192 90513 9 90541 191 90848 9 90876 190 91184 7 91212 189 91519 7 91547 188 91855 5 91883 187 92219 185 92554 184 92890 183 93225 182 93560 181 93896 180 94231 179 94567 177 94902 176 95237 175 95573 173 95908 172 96243 171 96578 170 96914 154 97071 10 97249 149 97408 6 97584 146 97744 4 97919 144 98254 142 98589 140 98925 138 99260 136 99595 134 99930 132 100265 130 100600 128 100935 126 101271 123 101606 120 101941 118 102276 116 102611 112 102946 109 103281 104 103616 63 103704 7 103951 40 104004 5 104287 27 104622 23 104957 20 105293 17 105629 14 105966 9
english_cocker_spaniel_188,7315 3 7809 12 8308 15 8807 18 9306 20 9805 22 10305 25 10804 27 11304 29 11804 32 12303 36 12803 40 13303 42 13803 45 14303 48 14803 50 15302 54 15802 56 16302 60 16802 63 17302 66 17802 68 18302 70 18802 72 19303 73 19803 74 20303 76 20692 9 20803 77 21190 12 21303 78 21688 16 21803 79 22186 19 22303 80 22684 23 22803 81 23183 26 23303 81 23681 30 23803 82 24180 32 24302 83 24678 36 24802 83 25177 39 25302 84 25676 41 25802 84 26174 44 26302 85 26673 46 26802 85 27171 49 27301 87 27670 51 27801 88 28168 53 28301 88 28667 54 28801 89 29165 57 29301 90 29663 59 29800 91 30161 61 30300 92 30658 64 30800 93 31156 65 31299 95 31654 67 31799 96 32153 67 32298 98 32651 68 32798 99 33150 69 33297 101 33648 70 33797 101 34147 70 34296 103 34645 72 34796 103 35144 72 35295 105 35643 73 35795 105 36142 73 36294 106 36640 75 36794 106 37139 76 37293 107 37638 77 37793 108 38137 77 38292 109 38635 79 38792 109 39134 80 39292 109 39633 81 39791 110 40132 82 40291 110 40631 83 40791 110 41130 84 41291 110 41629 85 41791 110 42128 86 42290 111 42627 87 42790 111 43126 88 43290 111 43626 88 43790 111 44125 89 44290 111 44624 90 44790 111 45123 91 45290 111 45622 92 45789 112 46121 93 46289 112 46620 94 46789 112 47119 95 47289 111 47618 96 47789 111 48118 96 48289 111 48617 96 48789 110 49116 97 49289 110 49616 97 49788 110 50115 98 50288 109 50614 99 50788 109 51113 100 51288 107 51612 101 51788 106 52111 102 52288 105 52611 102 52788 103 53110 103 53288 102 53609 104 53788 100 54108 105 54288 98 54608 105 54787 96 55107 106 55287 94 55606 107 55787 92 56105 108 56287 90 56605 108 56787 89 57104 109 57287 88 57604 109 57787 86 58103 110 58287 85 58602 110 58787 84 59102 110 59287 83 59601 111 59787 82 60101 111 60287 82 60601 111 60787 81 61100 112 61286 81 61600 112 61786 81 62099 113 62286 80 62599 113 62786 80 63099 113 63286 80 63599 113 63786 80 64098 114 64286 79 64598 114 64786 79 65098 114 65286 79 65598 114 65786 79 66097 115 66286 79 66597 114 66786 79 67097 114 67286 78 67596 115 67785 79 68096 115 68285 79 68595 116 68785 78 69095 116 69285 78 69595 116 69785 77 70094 117 70285 77 70594 117 70785 77 71094 117 71285 76 71593 118 71785 75 72093 118 72285 75 72592 119 72784 75 73092 119 73284 74 73591 120 73784 73 74091 120 74284 72 74590 121 74784 72 75089 122 75284 71 75588 123 75784 70 76087 124 76284 70 76587 124 76784 69 77086 125 77284 69 77585 126 77784 68 78084 127 78283 69 78583 128 78783 69 79083 128 79283 68 79582 130 79783 68 80081 131 80283 68 80580 132 80783 68 81079 133 81283 68 81578 134 81783 68 82077 135 82283 68 82576 136 82783 68 83076 136 83283 69 83575 137 83783 69 84074 138 84283 69 84573 139 84783 70 85073 139 85283 70 85572 140 85783 71 86071 141 86283 71 86571 141 86783 72 87070 142 87283 73 87570 143 87783 73 88069 144 88282 75 88569 145 88782 75 89068 146 89282 76 89568 147 89782 76 90067 148 90282 77 90567 149 90782 77 91067 150 91281 79 91567 150 91781 79 92066 152 92281 79 92566 153 92781 80 93066 153 93281 80 93566 154 93780 81 94066 155 94280 81 94566 155 94779 82 95066 155 95278 83 95566 156 95778 84 96066 157 96277 85 96566 157 96776 86 97066 158 97275 87 97566 158 97774 88 98066 158 98272 90 98567 158 98770 92 99067 158 99269 93 99567 159 99769 93 100067 159 100269 93 100567 160 100769 93 101067 160 101269 93 101568 160 101769 93 102068 160 102268 94 102568 160 102768 94 103068 161 103267 95 103568 161 103766 96 104069 160 104266 95 104569 161 104765 96 105069 161 105265 96 105570 161 105764 96 106070 161 106264 96 106570 161 106764 96 107070 162 107264 95 107571 161 107764 95 108071 161 108265 93 108571 161 108765 93 109072 161 109265 92 109572 161 109766 90 110073 160 110267 88 110573 161 110768 87 111074 160 111269 85 111574 161 111770 83 112075 161 112272 80 112576 161 112773 78 113077 160 113275 76 113578 159 113777 73 114079 158 114279 71 114580 157 114781 68 115081 155 115283 66 115582 154 115786 62 116083 152 116288 60 116585 150 116790 57 117086 149 117291 55 117588 146 117793 53 118089 145 118295 50 118591 143 118797 48 119092 141 119299 45 119594 139 119801 43 120095 138 120303 40 120597 135 120806 36 121098 134 121310 31 121600 131 121816 24 122101 130 122320 19 122602 128 122825 13 123104 125 123327 10 123605 124 123830 5 124107 121 124608 119 125109 117 125611 114 126112 112 126614 109 127116 26 127143 78 127618 15 127657 63 128121 7 128163 56 128668 50 129172 44 129676 39 130180 33 130683 26 131185 18 131688 12 132191 6
great_pyrenees_134,69980 16 70025 24 70125 12 70465 29 70508 37 70601 34 70952 88 71083 48 71439 95 71566 67 71927 102 72046 85 72414 211 72902 216 73390 222 73878 227 74366 232 74854 237 75342 242 75830 247 76318 251 76806 255 77294 259 77783 262 78271 265 78759 268 79247 272 79736 273 80224 276 80712 279 81200 281 81689 282 82177 284 82665 286 83153 288 83642 289 84130 291 84618 293 85107 294 85595 296 86083 298 86572 299 87060 301 87548 303 88037 304 88525 306 89014 307 89502 309 89991 310 90479 312 90968 314 91456 316 91945 317 92433 319 92922 321 93410 323 93899 325 94388 327 94876 331 95365 334 95853 340 96342 345 96830 349 97319 353 97807 356 98296 359 98784 364 99273 367 99761 370 100246 377 100735 378 101224 380 101713 381 102202 382 102691 383 103180 383 103669 384 104158 385 104647 386 105136 386 105625 387 106114 388 106603 390 107092 391 107581 392 108070 394 108559 396 109048 399 109537 403 110026 407 110515 410 111004 413 111493 418 111982 423 112471 430 112960 435 113449 451 113938 457 114427 462 114916 466 115405 468 115894 467 116383 466 116872 464 117361 456 117850 443 118339 432 118828 427 119317 423 119806 421 120295 420 120784 419 121273 419 121762 419 122251 419 122740 420 123229 421 123718 423 124186 11 124207 427 124670 18 124696 435 125152 27 125185 443 125636 34 125674 486 126163 7827 133991 485 134480 485 134970 484 135459 484 135949 483 136438 483 136927 483 137417 482 137906 482 138395 482 138885 481 139374 481 139863 481 140353 480 140842 480 141331 476 141821 472 142310 469 142799 466 143289 462 143778 458 144268 454 144757 450 145247 445 145736 441 146226 437 146715 433 147205 429 147695 425 148184 420 148674 416 149163 394 149653 383 150142 375 150632 368 151122 364 151611 362 152101 359 152591 356 153082 352 153573 349 154064 345 154555 341 155047 337 155538 334 156029 330 156520 327 157010 325 157501 322 157992 318 158482 316 158973 313 159463 311 159954 308 160446 304 160937 300 161430 295 161923 289 162417 282 162914 271 163407 263 163898 256 164389 245 164880 237 165370 229 165860 221 166351 212 166841 201 167331 193 167822 184 168312 175 168803 168 169293 163 169784 153 170275 146 170765 141 171256 133 171747 128 172238 122 172729 117 173219 113 173710 109 174200 105 174691 101 175182 96 175673 92 176164 87 176656 80 177151 69 177648 55 178145 42 178641 31
chihuahua_89,24176 5 24617 13 25059 19 25503 23 25946 28 26390 31 26834 34 27278 37 27722 40 28166 42 28610 45 29055 46 29499 48 29649 1 29943 50 30094 2 30387 52 30539 3 30832 53 30985 3 31276 55 31430 3 31720 57 31876 2 32164 59 32322 2 32608 60 32768 1 33053 61 33213 2 33497 63 33659 1 33941 65 34105 1 34385 66 34829 68 35273 69 35717 71 36161 73 36605 74 37049 76 37493 77 37937 79 38380 81 38824 83 39267 85 39711 87 40154 89 40598 91 41041 93 41484 96 41927 98 42370 101 42813 104 43256 106 43699 109 44143 110 44586 113 45029 116 45473 118 45916 120 46360 122 46803 125 47246 127 47690 129 48134 131 48578 133 49021 135 49465 137 49909 139 50353 141 50797 143 51241 145 51685 147 52129 149 52573 151 53017 153 53461 155 53905 157 54349 160 54793 162 55237 164 55682 166 56126 168 56570 171 57014 174 57459 175 57903 177 58347 181 58792 182 59236 185 59681 187 60125 190 60570 192 61014 194 61459 196 61903 198 62348 200 62792 202 63237 204 63682 205 64126 208 64441 6 64571 209 64885 9 65016 210 65329 11 65460 213 65773 13 65905 214 66218 14 66350 215 66663 15 66795 216 67108 15 67240 217 67553 16 67684 219 67998 17 68129 220 68443 18 68574 221 68889 17 69019 223 69334 18 69464 224 69779 19 69909 225 70224 20 70354 227 70669 25 70799 229 71114 27 71244 231 71560 28 71689 234 72005 30 72134 237 72451 30 72579 242 72896 31 73024 248 73342 30 73469 252 73787 31 73914 253 74233 30 74359 255 74679 30 74805 255 75125 29 75250 256 75571 28 75695 257 76017 27 76140 257 76463 26 76585 257 76910 24 77031 257 77357 22 77476 257 77805 19 77921 257 78254 13 78367 257 78703 8 78812 257 79151 2 79257 257 79703 256 80148 256 80593 255 81039 254 81484 253 81930 252 82375 251 82821 249 83266 249 83712 247 84157 246 84603 245 85048 244 85494 242 85940 241 86386 239 86831 239 87277 237 87723 236 88061 4 88168 236 88506 5 88614 234 88913 13 88950 6 89060 233 89356 17 89395 7 89506 231 89800 20 89839 8 89951 231 90245 21 90284 9 90397 229 90689 22 90730 8 90843 228 91134 21 91175 8 91289 227 91579 21 91621 7 91735 225 92024 20 92067 6 92180 225 92470 19 92514 2 92626 224 92915 18 93072 222 93361 16 93518 221 93807 14 93964 220 94253 11 94409 220 94701 6 94855 219 95301 218 95747 216 96193 215 96638 215 97084 214 97530 213 97976 212 98421 212 98867 211 99312 211 99758 210 100204 209 100649 209 101095 208 101540 208 101986 207 102432 206 102877 206 103323 205 103768 205 104213 205 104659 204 105104 204 105549 204 105995 203 106440 203 106885 203 107330 203 107775 203 108220 203 108665 204 109109 205 109554 205 109999 205 110444 205 110889 204 111334 204 111779 204 112223 205 112668 205 113113 205 113558 205 114003 205 114448 205 114893 205 115338 205 115783 205 116228 205 116672 205 117117 205 117405 4 117562 205 117847 11 118007 205 118291 15 118452 205 118734 18 118897 205 119179 20 119342 205 119623 22 119787 205 120067 24 120232 204 120511 26 120677 204 120955 28 121122 204 121400 28 121568 202 121844 30 122013 202 122288 31 122458 202 122733 32 122903 202 123177 33 123348 202 123622 33 123793 201 124067 33 124238 201 124512 33 124683 201 124957 33 125128 201 125402 34 125574 200 125848 33 126019 200 126294 31 126464 200 126742 28 126909 200 127189 26 127354 200 127637 23 127799 200 128084 21 128244 200 128531 18 128689 199 128979 15 129134 199 129426 11 129579 199 129875 6 130024 199 130469 199 130914 200 131359 200 131804 200 132249 200 132694 200 133139 201 133584 201 134029 201 134474 202 134919 202 135364 202 135809 203 136254 203 136700 202 137145 202 137591 201 138038 200 138487 195 138934 193 139381 191 139828 189 140275 187 140721 186 141167 185 141613 184 142059 183 142505 182 142951 181 143396 181 143842 180 144287 180 144733 179 145178 179 145624 178 146069 177 146514 177 146960 176 147405 175 147850 174 148295 174 148741 172 149186 172 149631 171 150076 170 150521 169 150966 169 151411 168 151857 166 152302 165 152747 164 153192 162 153637 161 154082 159 154527 156 154972 154 155417 152 155863 149 156308 147 156753 145 157198 144 157643 142 158088 140 158533 139 158978 138 159423 137 159868 136 160313 134 160758 133 161203 132 161648 131 162093 130 162538 129 162983 128 163428 127 163873 126 164317 126 164762 125 165207 125 165652 124 166097 123 166541 123 166986 122 167431 121 167876 119 168321 117 168766 115 169210 113 169655 109 170100 107 170545 103 170990 101 171435 99 171880 97 172325 96 172769 95 173214 93 173659 92 174104 90 174549 88 174994 87 175439 85 175884 84 176329 82 176774 80 177219 79 177664 77 178109 75 178554 74 178999 73 179443 72 179888 71 180333 70 180778 69 181223 68 181668 67 182113 66 182558 65 183003 65 183448 64 183893 63 184338 63 184783 63 185228 62 185673 62 186118 61 186563 61 187008 61 187453 60 187898 60 188343 60 188789 58 189234 58 189679 57 190125 56 190570 56 191016 55 191461 54 191906 54 192352 53 192797 53 193243 51 193689 50 194134 50 194580 49 195025 49 195471 48 195917 47 196363 46 196808 46 197254 45 197700 44 198146 43 198592 42 199038 41 199484 40 199931 38 200377 37 200823 36 201269 35 201716 33 202162 33 202608 32 203055 30 203501 28 203948 26 204395 24 204843 21 205292 16 205742 11 206190 7
beagle_155,118 84 498 85 878 85 1257 87 1637 87 2016 89 2395 91 2774 93 3153 95 3532 96 3912 96 4291 98 4670 99 5049 101 5428 102 5807 103 6187 104 6566 105 6945 106 7324 108 7703 109 8083 109 8462 111 8842 111 9221 112 9600 114 9980 114 10359 115 10739 115 11118 116 11498 117 11877 118 12257 118 12637 118 13016 118 13396 118 13775 119 14155 119 14535 118 14914 118 15294 117 15674 116 15811 9 16054 115 16186 14 16433 114 16562 18 16813 112 16939 21 17193 111 17318 22 17573 110 17697 23 17952 110 18076 24 18332 109 18455 24 18712 108 18835 24 19092 107 19214 25 19472 42 19527 51 19593 26 19851 39 19911 45 19973 25 20231 37 20299 36 20352 26 20611 35 20704 8 20732 25 20991 33 21111 26 21371 32 21491 26 21751 31 21870 26 22131 29 22250 26 22511 28 22629 26 22891 27 23009 26 23272 25 23388 26 23653 23 23767 27 24035 20 24147 27 24417 17 24526 28 24800 13 24905 28 25183 9 25285 28 25565 6 25664 29 25947 2 26043 30 26423 30 26802 31 27181 32 27560 33 27940 33 28319 34 28626 5 28698 35 29003 12 29077 36 29380 23 29457 36 29754 36 29836 38 30133 41 30215 39 30511 46 30593 41 30890 49 30972 42 31268 54 31350 44 31647 57 31728 46 32027 58 32095 59 32406 59 32471 63 32785 59 32850 65 33165 58 33230 65 33544 57 33611 64 33923 56 33993 62 34302 54 34375 60 34594 2 34681 52 34756 59 34973 4 35060 50 35137 58 35353 5 35439 48 35518 57 35733 6 35818 47 35898 58 36112 8 36197 46 36279 57 36492 8 36576 46 36659 57 36872 9 36954 47 37039 57 37252 9 37332 48 37419 57 37632 9 37710 50 37800 57 38012 10 38088 51 38180 57 38393 9 38467 51 38560 57 38773 9 38846 52 38940 57 39153 9 39226 51 39320 58 39533 9 39606 50 39699 59 39913 10 39986 49 40079 59 40293 10 40367 47 40459 59 40673 10 40747 46 40839 59 41053 10 41128 44 41218 61 41433 11 41508 44 41598 61 41813 11 41889 42 41978 61 42193 12 42270 40 42357 62 42572 14 42651 37 42737 62 42952 14 43032 35 43116 63 43332 15 43412 33 43496 63 43712 15 43793 31 43875 64 44091 17 44174 29 44255 64 44471 17 44554 27 44634 65 44851 18 44935 24 45014 66 45231 18 45315 22 45393 67 45611 19 45696 19 45773 67 45991 19 46076 17 46152 68 46371 20 46457 15 46532 68 46751 20 46837 14 46911 69 47131 20 47218 11 47291 69 47511 21 47599 9 47670 70 47892 20 47981 5 48050 71 48272 20 48429 72 48652 20 48809 72 49032 21 49188 73 49412 21 49568 73 49792 21 49947 74 50173 20 50327 74 50553 20 50706 75 50933 20 51086 75 51313 20 51465 76 51694 19 51845 77 52074 20 52224 78 52454 20 52604 78 52834 20 52983 78 53214 20 53363 78 53594 19 53711 11 53743 78 53974 19 54087 17 54122 79 54354 19 54464 20 54502 79 54735 17 54842 23 54881 80 55115 16 55220 25 55261 80 55496 11 55599 25 55640 81 55877 5 55977 27 56020 80 56356 28 56399 81 56735 29 56778 82 57114 29 57158 82 57493 30 57537 83 57872 30 57916 84 58251 30 58295 85 58630 30 58674 86 59010 29 59053 87 59389 28 59432 88 59768 27 59811 89 60148 26 60190 90 60527 26 60569 91 60907 25 60948 92 61286 26 61327 92 61666 25 61705 94 62045 26 62084 95 62425 26 62463 97 62805 26 62842 98 63184 27 63215 1 63221 99 63564 26 63594 2 63600 100 63943 27 63974 2 63980 100 64323 27 64354 3 64359 101 64702 28 64734 3 64738 103 65082 28 65114 107 65461 29 65494 107 65841 30 65874 107 66220 141 66599 142 66979 142 67358 143 67737 144 68117 144 68496 145 68875 146 69255 146 69634 147 70013 148 70393 148 70772 149 71151 150 71531 150 71910 151 72290 151 72670 151 73049 29 73081 121 73429 28 73461 1 73463 119 73809 27 73844 118 74188 28 74224 118 74568 27 74604 118 74948 27 74984 119 75328 26 75363 120 75708 26 75741 122 76088 26 76120 124 76468 25 76499 125 76847 26 76879 126 77227 26 77258 127 77607 26 77638 127 77987 26 78017 129 78367 26 78397 129 78747 26 78777 130 79127 26 79156 131 79507 26 79536 131 79887 26 79916 132 80267 26 80296 132 80647 26 80675 133 81028 25 81055 134 81408 25 81435 134 81788 25 81815 134 82168 25 82195 135 82548 25 82574 136 82928 162 83308 162 83688 162 84068 162 84448 162 84828 161 85209 160 85589 160 85969 159 86349 159 86729 158 87109 157 87489 157 87869 156 88249 156 88629 156 89010 154 89390 154 89770 153 90150 153 90530 153 90910 153 91290 153 91671 152 92051 152 92431 152 92811 153 93191 153 93571 153 93951 153 94331 154 94711 154 95092 154 95472 155 95852 155 96232 156 96612 157 96993 157 97373 158 97753 159 98134 159 98514 160 98894 161 99274 162 99655 162 100035 162 100415 162 100796 161 101176 161 101556 162 101937 161 102317 161 102698 160 103078 160 103459 159 103839 159 104220 158 104601 157 104981 157 105362 156 105742 156 106123 155 106504 154 106884 154 107265 153 107646 153 108027 152 108408 151 108789 150 109170 149 109551 148 109932 147 110313 146 110693 145 111074 144 111455 143 111836 142 112216 141 112597 140 112977 140 113358 138 113738 138 114119 137 114499 136 114880 135 115260 134 115641 133 116021 132 116401 132 116781 131 117162 129 117542 128 117922 127 118302 127 118682 126 119062 125 119442 125 119822 124 120202 124 120582 123 120962 123 121342 122 121722 122 122103 121 122483 121 122863 120 123243 120 123623 120 124003 120 124383 120 124763 120 125144 118 125524 118 125905 117 126286 116 126667 115 127048 113 127429 112 127810 112 128191 111 128573 109 128954 108 129336 105 129717 103 130098 102 130479 101 130860 102 131241 102 131622 102 132003 102 132383 102 132764 102 133145 102 133526 101 133906 102 134287 101 134668 101 135048 101 135429 101 135810 100 136191 99 136571 99 136952 98 137333 97 137714 96 138095 95 138476 94 138857 93 139238 92 139619 91 139999 92 140380 91 140761 90 141142 89 141523 88 141903 88 142284 87 142665 86 143046 85 143426 85 143807 84 144188 83 144569 82 144950 81 145331 80 145712 79 146093 78 146474 77 146855 76 147236 75 147618 72 147999 71 148380 70 148761 68 149142 67 149523 66 149904 65 150285 63 150666 62 151048 60 151429 59 151810 58 152192 56 152574 54 152955 52 153337 50 153718 49 154100 47 154482 44 154863 43 155246 39 155630 33 156015 27
yorkshire_terrier_73,209 91 708 99 1207 104 1707 107 2206 112 2706 114 3206 116 3706 118 4206 119 4706 120 5206 121 5706 122 6206 123 6706 123 7206 125 7706 126 8206 128 8706 130 9206 132 9706 134 10206 136 10706 138 11206 140 11706 141 12206 142 12706 143 13206 143 13706 144 14206 145 14706 145 15206 146 15706 146 16205 148 16705 148 17205 149 17706 148 18206 149 18706 149 19206 150 19706 150 20206 151 20706 152 21207 151 21707 152 22207 153 22708 153 23208 154 23708 155 24209 155 24709 157 25209 159 25710 160 26210 162 26711 162 27211 164 27712 164 28212 165 28713 165 29213 166 29714 165 30214 165 30714 166 31215 165 31715 165 32215 165 32715 165 33215 165 33716 164 34216 164 34716 165 35216 165 35716 164 36216 164 36716 164 37216 164 37716 164 38216 163 38716 163 39216 163 39716 162 40216 162 40715 162 41215 162 41715 162 42215 161 42715 161 43215 160 43715 160 44215 160 44715 160 45215 160 45715 160 46215 160 46715 160 47216 160 47715 161 48215 162 48715 162 49215 163 49715 163 50214 164 50714 165 51213 166 51713 167 52213 168 52712 169 53212 169 53711 171 54210 172 54709 174 55208 175 55706 177 56204 180 56702 182 57200 184 57697 187 58195 189 58693 191 59190 194 59687 197 60184 200 60682 202 61180 204 61677 208 62175 210 62673 212 63171 215 63668 218 64165 222 64662 225 65159 229 65655 233 66152 236 66648 240 67145 244 67639 250 68086 3 68122 267 68584 7 68618 271 69083 8 69116 273 69582 10 69614 275 70082 10 70113 276 70581 12 70611 278 71081 13 71109 280 71581 16 71605 284 72081 20 72103 285 72581 307 73081 307 73581 306 74081 306 74581 306 75081 305 75581 305 76081 305 76581 305 77081 305 77581 305 78081 306 78581 306 79081 306 79580 307 80080 307 80580 308 81080 308 81580 308 82080 308 82580 308 83079 309 83579 309 84079 309 84579 309 85079 309 85578 310 86078 309 86578 309 87078 308 87577 309 88077 309 88577 309 89077 309 89577 309 90077 309 90577 309 91077 309 91577 309 92077 309 92577 309 93077 310 93578 309 94078 309 94579 309 95079 309 95580 308 96080 308 96581 307 97081 307 97582 306 98082 306 98583 305 99084 303 99584 303 100085 302 100585 302 101086 301 101587 300 102088 299 102588 299 103089 297 103590 296 104091 295 104592 294 105093 293 105594 291 106095 290 106595 290 107096 288 107596 288 108097 286 108598 285 109098 284 109598 284 110099 282 110599 282 111099 281 111599 281 112099 281 112599 280 113099 280 113599 280 114099 280 114599 280 115099 279 115598 280 116098 280 116598 280 117098 280 117598 280 118098 280 118598 280 119098 279 119399 10 119598 278 119897 16 120098 278 120396 19 120598 277 120896 20 121097 278 121396 20 121597 277 121896 21 122097 277 122396 21 122597 276 122896 21 123097 276 123396 21 123597 275 123896 21 124097 275 124396 21 124597 275 124896 20 125097 275 125395 21 125597 275 125895 21 126097 275 126395 21 126597 275 126895 22 127097 275 127394 23 127597 275 127894 23 128097 275 128394 24 128597 275 128895 23 129097 275 129395 23 129597 276 129896 22 130097 276 130396 22 130597 276 130896 23 131096 277 131396 23 131596 277 131897 23 132096 278 132399 21 132596 278 132900 20 133096 278 133401 20 133596 279 133903 18 134096 279 134404 17 134596 279 134905 16 135096 280 135406 16 135597 279 135906 16 136097 278 136408 14 136598 277 136910 13 137098 277 137411 12 137598 278 137913 9 138099 170 138286 89 138416 4 138599 163 138788 87 139099 159 139290 85 139600 153 139792 83 140100 146 140294 82 140600 138 140797 79 141101 133 141300 76 141601 130 141802 75 142101 128 142305 72 142602 125 142809 68 143102 122 143313 65 143603 119 143818 60 144103 116 144324 54 144603 111 144829 49 145103 107 145333 46 145604 103 145836 43 146104 100 146339 40 146604 98 146841 38 147104 95 147343 36 147605 92 147845 34 148105 89 148346 33 148605 85 148848 31 149105 65 149349 30 149605 62 149851 28 150105 58 150352 28 150605 55 150853 27 151106 51 151355 25 151606 48 151856 25 152106 45 152357 24 152606 43 152859 23 153106 40 153361 21 153606 38 153863 20 154107 35 154365 18 154607 33 154867 17 155108 29 155369 15 155608 27 155870 15 156109 24 156372 13 156610 21 156873 12 157112 13 157375 11 157875 11 158376 10 158877 9 159378 8 159878 8 160378 8 160879 7 161380 6 161880 5 162381 4
newfoundland_191,358 130 858 131 1358 132 1857 133 2357 134 2856 136 3355 141 3854 142 4353 143 4852 144 5351 145 5849 147 6347 149 6845 151 7343 153 7841 155 8339 157 8836 160 9333 162 9830 165 10326 169 10822 172 11317 177 11813 180 12310 183 12808 184 13305 187 13802 189 14299 192 14796 194 15293 197 15790 200 16288 201 16786 203 17284 204 17782 206 18279 208 18777 210 19275 212 19773 213 20271 215 20769 217 21266 219 21763 222 22260 225 22756 228 23253 231 23748 236 24244 240 24742 242 25239 245 25737 247 26235 249 26733 251 27232 252 27729 255 28227 256 28725 258 29223 260 29720 263 30218 264 30716 266 31214 267 31712 268 32209 271 32706 274 33202 277 33695 284 34192 286 34688 290 35184 294 35682 296 36179 298 36676 301 37173 304 37671 306 38168 309 38666 311 39164 313 39662 315 40159 318 40657 320 41155 322 41653 324 42151 327 42649 329 43146 333 43644 336 44142 339 44640 342 45138 345 45636 348 46134 351 46632 355 47130 359 47628 363 48126 367 48624 373 49123 375 49621 379 50120 381 50619 382 51117 384 51616 385 52115 386 52614 387 53112 389 53611 390 54110 391 54609 392 55108 393 55607 394 56106 395 56604 397 57103 398 57602 399 58101 400 58599 402 59098 403 59597 404 60096 405 60595 406 61094 407 61593 408 62092 409 62591 410 63090 411 63589 412 64088 413 64588 413 65087 414 65586 415 66085 416 66584 417 67083 418 67582 419 68081 420 68580 421 69079 422 69578 423 70077 424 70576 425 71075 426 71575 426 72074 427 72573 428 73072 429 73571 430 74070 431 74570 431 75069 432 75568 433 76067 434 76566 435 77065 436 77565 436 78064 437 78563 438 79062 439 79562 439 80061 440 80560 441 81060 441 81559 442 82058 443 82558 443 83057 444 83557 444 84056 445 84556 445 85055 446 85555 446 86055 446 86554 447 87054 447 87553 448 88053 448 88553 448 89052 449 89552 449 90051 450 90551 450 91051 450 91550 451 92050 451 92550 451 93050 451 93549 452 94049 452 94549 452 95048 453 95548 453 96048 453 96548 453 97048 453 97547 454 98047 454 98547 454 99047 454 99547 454 100047 454 100546 455 101046 455 101546 455 102046 455 102546 455 103045 456 103545 456 104045 456 104545 456 105045 456 105544 457 106044 457 106544 457 107044 457 107543 458 108043 458 108543 458 109043 458 109543 458 110043 458 110543 458 111042 459 111542 459 112042 459 112542 459 113042 459 113542 459 114042 459 114541 460 115041 460 115541 460 116041 460 116541 460 117041 460 117541 460 118041 460 118541 460 119040 461 119540 461 120040 461 120540 461 121040 461 121540 461 122040 461 122540 461 123040 461 123540 461 124040 461 124540 461 125040 461 125540 461 126040 461 126540 461 127040 461 127540 461 128040 461 128539 462 129039 462 129539 462 130039 462 130539 462 131039 462 131539 462 132039 462 132539 462 133039 462 133539 462 134039 462 134539 462 135039 462 135539 462 136039 462 136539 462 137039 462 137539 462 138039 462 138539 462 139039 462 139539 462 140039 462 140539 462 141039 462 141539 462 142039 462 142539 462 143039 462 143539 462 144039 462 144540 461 145040 461 145540 461 146040 461 146540 461 147040 461 147540 461 148040 461 148540 461 149040 461 149540 461 150040 461 150541 460 151041 460 151541 460 152041 460 152541 460 153042 459 153542 459 154042 459 154542 459 155042 459 155542 459 156043 458 156543 458 157043 458 157543 458 158043 458 158544 457 159044 457 159545 456 160045 456 160545 456 161046 455 161546 455 162047 454 162547 454 163048 453 163548 453 164049 452 164549 452 165050 451 165550 451 166051 450 166551 450 167052 449 167552 449 168053 448 168553 448 169054 447 169554 447 170055 446 170555 446 171056 445 171556 445 172056 445 172557 444 173057 444 173558 443 174058 443 174559 442 175059 442 175560 441 176061 440 176561 440 177062 439 177563 438 178063 438 178564 437 179065 436 179566 435 180066 435 180567 434 181067 434 181568 433 182068 433 182569 432 183069 432 183570 431 184070 431 184571 430 185071 430 185572 429 186072 429 186573 428 187073 428 187574 427 188074 427 188575 426 189076 425 189576 425 190077 424 190578 423 191079 422 191580 421 192081 420 192582 419 193083 418 193585 416 194087 414 194588 413 195089 412 195590 411 196091 410 196593 408 197094 407 197595 406 198096 405 198597 404 199098 403 199599 402 200100 401 200601 400 201102 399 201603 398 202103 398 202605 396 203106 395 203607 394 204108 393 204609 392 205110 391 205611 390 206112 389 206613 388 207114 387 207615 386 208115 386 208616 385 209117 384 209618 383 210118 383 210619 382 211119 382 211620 381 212120 381 212620 381 213121 380 213621 380 214121 380 214621 380 215122 379 215622 379 216122 379 216622 379 217123 378 217623 378 218123 378 218623 378 219123 378 219624 377 220124 377 220624 377 221124 377 221624 377 222124 377 222625 376 223125 376 223625 376 224125 376 224626 375 225126 375 225626 375 226127 374 226627 374 227127 374 227627 374 228128 373 228628 373 229128 373 229629 372 230129 372 230629 372 231129 372 231630 371 232130 371 232630 371 233131 370 233631 370 234131 370 234631 370 235132 369 235632 369 236132 369 236633 368 237133 368 237634 367 238134 367 238634 367 239135 366 239635 366 240136 365 240636 365 241137 364 241637 364 242138 363 242638 363 243139 362 243640 361 244140 361 244641 360 245141 360 245641 360 246142 359 246642 359 247143 357 247643 356 248143 355 248643 354 249143 354 249643 353
boxer_160,17462 29 17950 36 18438 41 18926 45 19414 49 19903 52 20392 54 20881 57 21370 59 21858 63 22347 66 22837 67 23326 70 23815 73 24304 76 24794 78 25283 82 25772 85 26261 89 26750 93 27239 98 27729 101 28218 106 28707 110 29197 112 29686 116 30176 118 30665 121 31155 122 31644 125 32134 127 32624 128 33113 131 33603 132 34092 135 34581 137 35071 138 35561 139 36050 142 36540 143 37030 144 37520 146 38010 147 38500 148 38989 150 39479 151 39969 153 40459 154 40949 155 41439 156 41929 157 42419 158 42909 159 43399 159 43889 160 44379 161 44869 161 45359 162 45849 162 46339 163 46829 164 47320 163 47810 164 48300 164 48790 165 49280 166 49770 167 50260 167 50750 168 51240 169 51731 169 52221 170 52711 171 53201 171 53692 171 54182 171 54672 172 55163 172 55653 172 56144 172 56634 173 57125 172 57615 173 58105 174 58596 174 59086 174 59577 174 60067 175 60557 176 61048 176 61538 177 62028 178 62519 178 63009 179 63499 181 63989 182 64479 184 64969 186 65459 188 65949 189 66439 191 66929 194 67418 198 67908 201 68398 204 68637 7 68888 209 69120 18 69378 252 69867 255 70357 256 70847 257 71337 259 71826 261 72316 262 72806 263 73295 265 73786 265 74275 267 74765 268 75255 269 75672 1 75745 270 76162 3 76235 271 76653 4 76724 273 77143 8 77213 274 77634 10 77701 262 77971 7 78125 14 78186 260 78464 4 78616 17 78672 253 79107 19 79157 256 79599 19 79644 257 80090 20 80131 259 80581 21 80619 260 81072 22 81109 259 81563 23 81599 258 82054 23 82089 256 82545 23 82580 253 83036 23 83071 249 83527 23 83563 245 84018 23 84054 242 84509 23 84545 240 85000 23 85036 238 85491 23 85527 236 85982 23 86019 232 86473 23 86503 2 86510 230 86963 24 86994 3 87001 229 87454 24 87484 4 87492 227 87945 25 87975 5 87983 227 88436 25 88465 7 88474 227 88926 28 88955 8 88965 227 89417 36 89456 228 89908 37 89946 230 90399 269 90890 270 91380 274 91871 280 92157 9 92362 296 92853 297 93343 299 93834 300 94325 91 94417 208 94816 90 94909 208 95307 90 95400 209 95798 90 95892 209 96289 89 96384 209 96780 90 96874 211 97271 90 97365 212 97762 90 97856 213 98253 90 98347 214 98744 90 98838 215 99236 89 99329 217 99727 89 99820 218 100218 90 100311 219 100709 90 100802 220 101200 90 101292 222 101691 315 102183 315 102674 316 103165 317 103656 318 104147 319 104638 320 105129 321 105620 323 106111 324 106602 324 107093 324 107584 324 108075 26 108102 295 108566 26 108594 292 109057 26 109085 291 109548 26 109575 290 110039 315 110530 314 111021 71 111093 1 111102 232 111512 63 111599 224 112003 59 112093 220 112494 56 112585 218 112985 52 113078 215 113476 28 113509 15 113571 211 113967 25 114006 3 114064 103 114180 93 114458 23 114556 96 114681 82 114949 22 115049 91 115182 71 115440 21 115543 85 115681 62 115931 20 116036 81 116180 53 116422 19 116530 74 116676 47 116914 17 117024 68 117172 41 117406 16 117518 59 117668 36 117898 15 118013 51 118164 30 118391 14 118509 41 118659 26 118883 13 119003 33 119154 21 119377 10 119498 20 119647 18 119871 6 120141 15 120635 11 121130 6
american_bulldog_56,6476 15 6971 25 7467 31 7963 38 8459 42 8956 45 9452 49 9946 55 10438 63 10927 74 11416 85 11906 95 12401 100 12899 102 13396 105 13893 108 14390 111 14886 115 15381 120 15876 125 16371 130 16867 134 17363 138 17858 143 18352 149 18847 154 19344 157 19843 158 20342 159 20841 160 21340 161 21840 161 22339 162 22839 162 23338 163 23838 163 24337 164 24838 163 25338 163 25840 161 26347 154 26865 136 27369 132 27871 130 28373 128 28874 127 29376 125 29877 124 30377 124 30878 123 31378 123 31664 19 31878 123 32155 30 32377 123 32648 38 32876 123 33142 45 33375 124 33639 49 33872 128 34137 51 34370 130 34634 54 34867 134 35132 57 35362 139 35629 61 35856 145 36128 62 36350 151 36627 64 36845 156 37124 68 37342 159 37622 71 37839 162 38120 73 38337 164 38617 75 38835 166 39114 78 39333 168 39613 79 39832 169 40112 80 40331 170 40611 81 40830 171 41110 81 41329 172 41609 82 41828 173 42108 82 42328 173 42607 83 42828 173 43107 82 43328 173 43606 84 43828 173 44105 85 44328 173 44605 85 44782 10 44828 173 45104 86 45278 16 45329 172 45604 86 45776 20 45829 172 46103 87 46273 24 46330 171 46603 87 46770 27 46831 170 47102 88 47267 31 47331 170 47602 88 47764 34 47831 170 48101 89 48262 37 48332 169 48601 90 48759 40 48832 169 49100 91 49256 43 49332 169 49600 91 49753 47 49833 168 50100 92 50251 49 50333 168 50599 95 50748 52 50833 168 51099 96 51245 55 51333 168 51599 98 51740 60 51833 168 52098 104 52232 68 52334 167 52598 203 52834 167 53098 203 53334 167 53597 204 53834 167 54097 204 54334 167 54597 205 54834 167 55096 206 55335 166 55596 207 55835 166 56096 208 56335 166 56596 208 56835 166 57095 210 57336 165 57595 211 57836 165 58095 212 58337 164 58595 212 58837 164 59094 214 59338 163 59594 214 59838 163 60094 215 60338 163 60594 215 60839 162 61094 215 61339 162 61594 216 61840 161 62094 216 62340 161 62594 216 62840 161 63094 216 63341 160 63594 216 63841 160 64094 217 64342 159 64594 217 64842 159 65094 217 65342 159 65594 218 65843 158 66095 217 66343 158 66595 217 66843 158 67095 218 67344 157 67595 218 67844 157 68095 218 68345 156 68594 219 68845 156 69094 220 69345 156 69593 222 69846 155 70093 222 70346 155 70592 223 70847 154 71092 224 71347 154 71592 224 71848 153 72091 226 72348 153 72591 226 72848 153 73091 227 73349 152 73591 227 73849 152 74091 227 74349 152 74591 228 74849 152 75091 228 75349 152 75590 229 75850 151 76090 230 76350 151 76590 230 76850 151 77090 230 77350 151 77590 231 77850 151 78090 231 78351 150 78590 231 78851 150 79090 232 79351 150 79590 232 79851 150 80090 232 80351 150 80590 233 80851 150 81090 233 81352 149 81590 233 81852 149 82090 233 82352 149 82590 233 82852 149 83090 233 83352 149 83590 233 83852 149 84090 233 84353 148 84590 233 84853 148 85090 233 85353 148 85590 233 85854 147 86090 233 86354 147 86591 232 86855 146 87091 232 87355 146 87591 232 87855 146 88091 232 88355 146 88591 232 88855 146 89091 232 89355 146 89591 233 89855 146 90091 233 90355 146 90591 233 90855 146 91091 233 91355 146 91591 233 91855 146 92091 233 92355 146 92591 233 92855 146 93091 233 93355 146 93591 233 93855 146 94091 233 94355 146 94591 233 94855 146 95091 233 95355 146 95591 233 95855 146 96091 233 96355 146 96591 233 96855 146 97091 233 97355 146 97591 233 97856 145 98091 233 98356 145 98591 233 98856 145 99091 234 99355 146 99591 234 99855 146 100091 234 100355 146 100591 234 100855 146 101091 234 101355 146 101591 234 101855 146 102091 235 102354 147 102591 235 102854 147 103091 235 103353 148 103591 235 103853 148 104091 236 104352 149 104590 237 104851 150 105090 237 105350 151 105591 235 105849 152 106091 235 106348 153 106591 234 106848 153 107091 234 107347 154 107591 234 107846 155 108091 233 108346 155 108591 233 108845 156 109091 233 109345 156 109591 233 109844 157 110091 232 110344 157 110591 232 110843 158 111091 232 111343 158 111591 232 111842 159 112091 232 112342 159 112591 233 112841 160 113091 233 113341 160 113591 233 113840 161 114091 233 114340 161 114591 233 114840 161 115092 231 115340 161 115592 231 115839 162 116092 231 116339 162 116592 230 116839 162 117092 230 117339 162 117592 230 117840 161 118092 229 118340 161 118592 229 118840 161 119092 228 119340 161 119592 228 119840 161 120092 227 120340 161 120592 227 120839 162 121092 226 121339 162 121592 225 121839 162 122093 222 122338 163 122593 221 122838 163 123093 219 123337 164 123593 218 123837 164 124094 215 124336 165 124594 112 124726 82 124835 166 125094 101 125231 75 125335 166 125594 94 125736 69 125834 167 126094 94 126239 64 126333 168 126594 94 126745 57 126832 169 127094 95 127253 49 127331 170 127594 95 127759 42 127829 172 128094 95 128268 33 128327 174 128594 94 128774 26 128825 176 129094 94 129282 18 129322 179 129595 93 129788 13 129819 182 130095 93 130293 9 130315 186 130595 93 130796 10 130811 190 131095 92 131298 203 131595 92 131799 202 132095 90 132300 201 132596 87 132801 200 133096 86 133302 199 133596 80 133804 197 134096 76 134306 195 134596 72 134808 193 135097 65 135310 191 135597 59 135813 188 136097 55 136315 186 136598 51 136818 183 137098 49 137321 180 137598 47 137824 177 138098 45 138328 173 138599 42 138834 167 139099 41 139338 163 139599 40 139844 157 140099 39 140348 153 140600 36 140853 144 141100 35 141356 138 141600 34 141860 130 142101 32 142364 123 142601 32 142868 115 143101 31 143371 108 143602 29 143875 100 144102 28 144379 93 144602 27 144882 87 145103 25 145385 81 145603 24 145888 75 146104 21 146391 69 146604 19 146894 63 147105 16 147398 55 147605 14 147902 46 148106 11 148409 33 148607 8 148916 18 149109 4
pug_136,105 94 314 95 524 95 733 96 943 96 1152 97 1362 98 1571 99 1781 99 1991 99 2200 100 2409 101 2619 101 2828 102 3038 103 3247 104 3457 104 3666 106 3875 107 4085 107 4294 109 4503 111 4712 112 4922 113 5132 114 5341 116 5551 118 5760 121 5970 121 6180 121 6389 122 6599 122 6809 122 7018 123 7228 123 7438 123 7648 123 7857 124 8067 124 8277 124 8487 124 8696 125 8906 125 9116 125 9326 125 9536 125 9746 125 9956 124 10166 113 10375 100 10585 94 10795 90 11005 89 11215 88 11425 88 11635 88 11845 88 12055 88 12265 89 12474 91 12684 92 12894 95 13104 96 13314 97 13524 98 13734 98 13944 98 14154 99 14364 99 14574 99 14783 100 14993 100 15203 100 15413 100 15623 100 15833 100 16043 100 16252 101 16462 101 16672 101 16882 101 17092 101 17301 102 17511 102 17721 102 17930 103 18140 103 18349 104 18558 105 18767 106 18974 109 19180 113 19388 115 19596 117 19804 119 20013 120 20222 121 20431 122 20640 123 20849 124 21058 125 21267 126 21476 127 21686 127 21895 127 22104 128 22313 129 22523 129 22732 130 22942 130 23151 131 23360 132 23569 134 23778 135 23987 136 24196 137 24405 138 24615 138 24824 139 25033 141 25242 142 25452 142 25662 142 25871 144 26080 145 26290 146 26500 80 26586 60 26709 80 26797 60 26919 79 27008 59 27129 79 27219 59 27338 79 27430 59 27548 79 27640 59 27757 80 27851 59 27967 81 28062 59 28176 82 28273 58 28386 82 28483 59 28595 83 28694 59 28805 84 28904 60 29014 85 29115 60 29224 85 29325 61 29433 87 29536 61 29643 87 29746 62 29852 89 29956 64 30062 89 30167 64 30271 90 30377 66 30481 91 30587 68 30690 92 30797 70 30899 93 31007 73 31109 93 31218 73 31318 95 31428 73 31527 96 31638 73 31737 96 31849 72 31946 98 32059 72 32155 99 32270 71 32365 99 32480 71 32574 100 32690 71 32784 100 32901 70 32993 102 33111 70 33203 102 33321 70 33413 102 33531 70 33623 102 33742 69 33832 103 33952 69 34042 84 34130 15 34162 69 34252 83 34341 14 34372 52 34428 13 34461 83 34553 12 34582 40 34645 6 34671 82 34764 11 34792 37 34881 81 34974 11 35002 35 35090 82 35185 10 35212 33 35300 81 35395 10 35422 31 35510 80 35606 9 35632 30 35719 80 35816 8 35842 28 35929 79 36027 8 36052 27 36139 79 36238 7 36262 26 36348 78 36448 7 36472 25 36558 77 36659 6 36682 24 36768 76 36869 6 36892 23 36978 74 37080 5 37102 21 37187 74 37291 5 37311 21 37397 72 37501 5 37521 20 37607 71 37712 4 37730 20 37816 72 37922 4 37940 19 38026 71 38132 5 38149 18 38236 70 38343 4 38359 17 38446 70 38553 4 38569 16 38656 70 38763 4 38779 15 38866 69 38974 3 38988 14 39076 69 39184 3 39198 10 39286 69 39394 2 39409 4 39496 69 39707 68 39917 68 40128 67 40339 66 40551 64 40762 63 40974 61 41185 60 41398 21 41430 24 41611 15 41642 21 41854 14
Ragdoll_149,5468 10 5960 23 6453 34 6942 47 7429 63 7923 72 8418 78 8914 82 9409 88 9905 92 10401 96 10895 103 11388 110 11881 117 12372 127 12864 135 13358 141 13850 150 14343 158 14839 162 15336 165 15834 167 16331 170 16828 173 17325 176 17822 179 18320 181 18818 183 19316 185 19815 186 20313 188 20812 189 21309 192 21807 194 22304 197 22800 201 23294 207 23789 212 24285 216 24781 220 25277 224 25773 228 26270 231 26768 233 27266 235 27763 238 28260 241 28758 243 29256 245 29753 248 30250 251 30746 255 31242 259 31738 263 32234 267 32728 273 33219 282 33714 287 34208 293 34701 300 35196 305 35694 307 36192 309 36690 311 37188 313 37686 315 38184 317 38683 318 39181 320 39678 323 40049 45 40175 326 40545 57 40671 330 41043 64 41165 336 41540 73 41659 342 42039 81 42154 347 42538 102 42646 355 43037 464 43537 464 44036 465 44536 465 45035 466 45535 466 46035 466 46535 466 47035 466 47536 465 48036 465 48537 464 49037 464 49538 463 50038 463 50539 462 51040 461 51541 460 52042 459 52542 459 53043 458 53545 456 54046 455 54547 454 55048 453 55549 452 56051 450 56552 449 57053 448 57555 446 58056 445 58557 444 59059 442 59560 441 60061 440 60563 438 61064 437 61565 436 62067 434 62568 433 63070 431 63571 430 64073 428 64574 427 65076 425 65577 424 66078 423 66579 422 67081 420 67582 419 68083 418 68584 417 69085 416 69586 415 70088 413 70589 412 71090 411 71591 410 72092 409 72593 408 73094 407 73595 406 74095 406 74596 405 75096 405 75597 404 76097 404 76598 403 77098 403 77598 403 78098 403 78598 403 79098 403 79598 403 80098 403 80598 403 81098 403 81598 403 82098 403 82598 403 83098 403 83598 403 84098 403 84598 403 85098 403 85598 403 86099 402 86599 402 87099 402 87599 402 88099 402 88600 401 89100 401 89600 401 90100 401 90600 401 91100 401 91600 401 92100 401 92600 401 93100 401 93600 401 94100 401 94600 401 95100 401 95600 401 96100 401 96600 401 97100 401 97600 401 98099 402 98599 402 99099 402 99599 402 100099 402 100599 402 101099 402 101599 402 102098 403 102598 403 103098 403 103598 403 104098 403 104598 403 105097 404 105597 404 106097 404 106597 404 107096 405 107596 405 108096 405 108596 405 109096 405 109596 405 110095 406 110595 406 111095 406 111595 406 112095 406 112595 406 113095 406 113595 406 114095 406 114595 406 115095 406 115595 406 116095 406 116594 407 117094 407 117594 407 118094 407 118594 407 119093 408 119593 408 120093 408 120592 409 121091 410 121590 411 122090 411 122589 412 123088 413 123587 414 124086 415 124584 417 125083 418 125582 419 126080 421 126578 423 127077 424 127575 426 128073 428 128571 430 129069 432 129567 434 130065 436 130564 437 131062 439 131560 441 132058 443 132556 445 133055 446 133553 448 134051 450 134550 451 135048 453 135546 455 136044 457 136543 458 137041 460 137539 462 138038 463 138536 465 139035 466 139533 468 140032 469 140531 470 141030 471 141528 473 142027 474 142526 475 143025 476 143524 477 144023 478 144523 478 145022 479 145521 480 146021 480 146521 480 147021 480 147520 481 148020 481 148521 480 149021 480 149521 480 150022 465 150523 436 151024 419 151525 390 151921 9 152027 367 152529 348 153032 339 153535 331 154040 315 154553 292 155065 26 155122 216 155629 199 156134 179 156639 164 157144 149 157648 120 158152 100 158655 88 159158 80 159663 68 160167 54 160670 40 161176 15
pomeranian_145,138 106 437 111 736 113 1036 113 1335 114 1635 114 1935 114 2235 114 2534 115 2834 115 3134 115 3433 116 3733 116 4033 116 4332 117 4631 118 4931 119 5230 120 5529 122 5828 123 6127 125 6426 127 6725 129 7023 132 7322 134 7620 137 7918 140 8216 143 8514 146 8812 149 9110 153 9407 157 9705 160 10002 164 10276 2 10299 168 10573 15 10593 175 10872 198 11171 201 11470 204 11770 205 12069 208 12369 210 12669 212 12969 215 13269 217 13568 220 13868 222 14168 224 14468 226 14767 228 15067 229 15367 230 15667 230 15967 230 16267 231 16567 231 16867 231 17167 231 17467 231 17767 231 18067 231 18367 231 18667 231 18967 232 19267 233 19567 234 19867 234 20167 234 20467 234 20767 234 21067 234 21368 233 21668 233 21968 233 22268 233 22568 233 22868 233 23167 234 23467 234 23767 234 24067 234 24367 234 24667 234 24967 234 25267 234 25567 234 25867 234 26167 234 26467 234 26767 234 27067 234 27366 235 27666 235 27966 235 28266 235 28566 235 28866 235 29166 235 29466 235 29766 235 30066 235 30366 235 30666 235 30965 236 31265 236 31565 236 31865 236 32165 236 32465 236 32765 236 33065 236 33365 236 33664 237 33964 237 34264 237 34564 237 34864 237 35164 237 35464 237 35764 237 36064 237 36364 237 36665 236 36965 236 37265 236 37565 236 37865 236 38165 236 38465 236 38765 236 39065 236 39365 236 39665 236 39964 237 40264 237 40564 237 40864 237 41164 237 41464 237 41764 237 42064 237 42364 237 42663 238 42963 238 43263 238 43563 238 43863 238 44162 239 44462 239 44762 239 45062 239 45361 240 45661 240 45961 240 46261 240 46561 240 46861 240 47161 240 47461 240 47761 240 48061 240 48361 240 48661 240 48961 240 49261 240 49561 240 49861 240 50161 240 50461 240 50762 239 51063 238 51364 237 51666 235 51969 232 52273 228 52578 223 52881 220 53184 217 53487 13 53514 187 53817 184 54119 182 54421 180 54723 178 55026 175 55328 173 55631 170 55933 168 56236 165 56538 163 56840 161 57141 160 57443 158 57744 157 58046 155 58348 153 58650 151 58951 150 59253 129 59394 7 59554 125 59855 122 60155 120 60456 117 60756 116 61056 114 61356 113 61656 112 61956 110 62257 107 62557 104 62858 98 63159 77 63461 69 63764 63 64069 54 64372 24 64408 12 64676 15
pug_8,20441 4 20792 32 21156 45 21526 51 21897 57 22266 64 22633 73 23004 79 23377 82 23750 86 24124 88 24499 89 24873 92 25248 93 25622 95 25996 97 26370 99 26744 101 27118 103 27481 117 27853 121 28225 125 28599 127 28973 129 29347 132 29721 134 30096 136 30470 138 30845 139 31219 142 31594 143 31969 144 32343 147 32718 148 33092 151 33467 152 33842 154 34216 156 34591 158 34965 161 35340 163 35714 165 36089 167 36463 170 36837 173 37211 176 37585 179 37959 181 38333 184 38707 186 39081 188 39455 191 39829 193 40203 195 40577 197 40951 199 41325 201 41699 203 42073 205 42448 205 42822 207 43196 209 43570 211 43944 212 44318 214 44692 215 45066 217 45441 218 45815 220 46189 222 46563 224 46938 225 47312 226 47687 227 48061 230 48436 231 48811 232 49185 235 49560 235 49934 238 50309 239 50684 240 51058 242 51433 243 51808 244 52182 246 52557 247 52932 248 53307 249 53681 251 54056 252 54431 253 54806 254 55181 255 55555 257 55930 258 56305 259 56680 260 57054 262 57429 263 57804 264 58179 265 58553 267 58928 269 59303 270 59678 271 60053 272 60427 275 60802 276 61177 277 61552 278 61926 280 62301 281 62676 283 63051 283 63426 284 63800 286 64175 287 64550 288 64925 288 65300 289 65674 291 66049 291 66424 292 66799 292 67174 293 67549 293 67924 293 68299 294 68673 295 69048 295 69423 296 69798 296 70173 296 70548 296 70922 298 71297 298 71672 298 72047 298 72422 298 72796 300 73171 300 73546 300 73920 301 74295 301 74670 301 75044 302 75419 302 75794 302 76169 302 76544 302 76919 302 77294 302 77669 302 78043 303 78418 302 78793 302 79168 302 79543 302 79918 302 80293 302 80668 301 81043 301 81418 301 81793 301 82168 301 82543 301 82918 301 83292 301 83667 301 84042 301 84417 301 84792 301 85166 301 85541 301 85916 301 86291 300 86666 300 87040 301 87415 300 87790 300 88165 300 88540 299 88915 299 89290 298 89665 298 90040 298 90415 297 90790 297 91165 297 91540 297 91915 297 92290 296 92665 296 93040 296 93416 295 93791 295 94166 295 94541 295 94916 295 95291 295 95666 294 96042 293 96417 293 96792 293 97167 293 97542 293 97918 292 98293 292 98668 291 99043 291 99419 290 99794 290 100169 290 100545 289 100920 289 101296 288 101671 288 102047 286 102422 286 102798 285 103173 285 103549 284 103924 284 104300 283 104676 282 105051 282 105427 281 105803 280 106179 279 106554 279 106930 278 107306 277 107681 276 108057 275 108433 274 108809 273 109184 273 109560 272 109936 271 110312 270 110687 270 111063 269 111438 269 111814 268 112190 267 112565 267 112941 266 113316 265 113692 264 114067 264 114442 264 114818 263 115193 263 115569 262 115944 262 116319 262 116695 261 117070 261 117446 260 117821 260 118197 259 118572 259 118948 258 119324 257 119700 256 120076 256 120453 254 120832 250 121220 237 121598 234 121975 232 122351 231 122727 230 123103 229 123479 228 123855 227 124230 227 124606 226 124982 225 125358 224 125734 223 126109 223 126485 222 126860 222 127236 221 127612 220 127987 220 128363 218 128738 218 129114 217 129489 217 129864 217 130240 216 130615 216 130991 215 131366 215 131742 214 132117 214 132492 214 132868 213 133243 213 133618 213 133994 212 134369 212 134745 211 135120 211 135495 211 135871 210 136246 210 136621 210 136997 209 137372 210 137748 209 138123 209 138499 208 138874 208 139249 208 139625 207 140000 207 140376 206 140751 206 141127 205 141502 205 141878 204 142254 203 142629 203 143005 202 143381 201 143757 200 144132 200 144508 200 144884 199 145260 198 145635 198 146011 197 146387 196 146763 195 147139 194 147515 193 147890 193 148266 193 148642 192 149017 192 149393 191 149769 190 150144 190 150520 189 150896 188 151271 188 151647 187 152023 186 152399 185 152774 185 153150 184 153526 183 153902 183 154277 183 154653 182 155028 182 155404 181 155780 180 156155 180 156531 179 156906 179 157282 178 157658 177 158033 177 158409 176 158784 176 159160 175 159535 175 159911 174 160286 175 160662 174 161037 174 161413 173 161788 173 162164 172 162539 172 162915 171 163290 171 163666 170 164041 170 164417 169 164792 169 165168 168 165543 168 165919 167 166294 167 166670 166 167045 166 167421 165 167796 165 168172 164 168547 164 168923 163 169298 163 169673 163 170049 162 170424 162 170800 160 171175 160 171551 159 171926 159 172302 157 172677 157 173053 156 173428 156 173804 155 174179 154 174555 153 174931 152 175306 152 175682 151 176058 150 176434 149 176809 149 177185 148 177561 146 177937 145 178313 144 178688 144 179064 143 179440 142 179816 140 180193 138 180568 137 180944 135 181320 132 181696 128 182072 124 182448 118 182824 113 183199 110 183575 107 183951 105 184327 103 184703 100 185079 98 185455 96 185831 94 186206 93 186581 93 186956 92 187331 92
saint_bernard_88,41564 3 41895 8 42227 11 42415 4 42560 13 42747 6 42892 16 43079 8 43224 18 43412 9 43552 25 43745 10 43883 28 44078 11 44216 30 44411 12 44548 32 44743 14 44880 35 45076 15 45212 38 45409 16 45545 40 45741 18 45877 43 46074 19 46210 45 46406 21 46543 47 46739 22 46876 50 47071 24 47209 52 47402 27 47542 55 47733 30 47875 58 48065 32 48209 59 48396 35 48542 62 48705 60 48875 64 49031 68 49208 66 49362 71 49541 68 49691 76 49874 71 50019 82 50207 73 50347 88 50540 75 50677 92 50873 77 51007 96 51206 80 51338 99 51540 81 51670 101 51873 84 52002 103 52206 89 52334 105 52539 103 52664 109 52872 111 52993 114 53206 235 53539 236 53872 237 54206 237 54539 238 54872 239 55205 240 55539 240 55872 241 56205 242 56537 244 56870 245 57203 246 57536 247 57869 248 58201 250 58534 251 58867 252 59200 253 59533 254 59867 254 60200 255 60534 255 60867 256 61201 256 61534 257 61868 257 62202 257 62536 257 62869 258 63203 258 63537 258 63870 259 64204 259 64538 259 64871 260 65205 260 65539 260 65872 261 66206 261 66540 261 66873 262 67207 262 67541 262 67875 262 68208 263 68542 263 68876 263 69210 263 69544 263 69878 263 70212 263 70546 263 70879 264 71213 264 71547 264 71881 264 72215 264 72549 264 72883 264 73217 264 73551 264 73884 265 74218 265 74552 265 74886 265 75220 265 75554 265 75888 265 76222 265 76555 266 76889 266 77223 266 77557 266 77891 266 78225 266 78559 266 78893 266 79227 266 79561 266 79895 266 80229 266 80563 266 80897 266 81231 266 81565 266 81899 266 82233 266 82567 266 82901 266 83235 266 83569 266 83903 266 84237 266 84571 266 84905 266 85239 266 85573 266 85908 265 86242 265 86576 265 86910 265 87244 265 87578 265 87912 265 88246 265 88580 265 88914 265 89248 265 89582 265 89916 265 90251 264 90585 264 90919 264 91253 264 91587 264 91921 264 92255 264 92589 264 92924 263 93258 263 93592 263 93926 263 94260 263 94594 263 94928 263 95262 263 95597 262 95931 262 96265 262 96599 262 96933 262 97267 262 97601 262 97936 261 98270 261 98604 261 98938 261 99272 261 99606 261 99941 260 100275 260 100609 260 100943 260 101277 260 101611 260 101946 259 102280 259 102614 259 102948 259 103282 259 103617 258 103951 258 104285 258 104619 258 104954 257 105288 257 105622 257 105956 257 106291 256 106625 256 106960 255 107294 255 107628 255 107963 254 108297 210 108510 41 108632 207 108846 39 108966 205 109181 38 109301 202 109516 37 109635 201 109851 36 109970 200 110185 36 110305 198 110520 35 110640 196 110854 35 110974 196 111188 35 111309 194 111522 35 111644 192 111857 34 111979 191 112191 34 112313 190 112525 34 112648 189 112859 34 112983 188 113193 34 113318 186 113527 34 113652 186 113861 34 113987 185 114195 34 114321 185 114529 34 114656 184 114863 34 114991 183 115197 34 115325 183 115531 34 115660 182 115865 34 115995 181 116199 34 116329 181 116533 34 116664 180 116867 34 116999 179 117201 34 117334 178 117535 34 117669 177 117869 34 118004 176 118203 34 118339 175 118536 35 118674 174 118870 35 119009 173 119204 35 119344 172 119538 35 119679 171 119872 35 120014 170 120206 35 120349 169 120540 35 120684 168 120874 35 121019 167 121208 35 121355 165 121542 35 121690 164 121876 35 122025 163 122210 35 122360 149 122512 10 122544 35 122695 146 122848 7 122878 35 123030 144 123184 5 123212 35 123366 141 123520 2 123546 35 123701 139 123881 34 124036 137 124215 34 124371 136 124549 34 124706 134 124884 33 125042 132 125219 32 125377 130 125554 31 125712 129 125890 29 126048 127 126225 28 126383 125 126562 25 126718 124 126898 23 127054 16 127078 97 127235 20 127393 4 127414 95 127575 14 127750 93 127913 3 128085 91 128419 91 128754 90 129088 90 129423 89 129757 89 130092 88 130426 88 130761 88 131095 88 131429 90 131763 92 131858 4 132098 102 132432 106 132766 112 133100 117 133434 120 133768 124 134103 126 134437 129 134771 133 135105 136 135439 142 135773 150 136107 165 136441 166 136775 166 137109 166 137443 166 137777 166 138111 166 138445 166 138779 166 139113 166 139447 166 139781 166 140115 166 140449 166 140784 165 141118 165 141452 165 141786 165 142120 165 142454 165 142788 165 143122 165 143456 165 143790 165 144125 164 144459 164 144793 164 145127 164 145462 163 145796 163 146130 163 146464 163 146798 163 147133 162 147467 162 147801 162 148135 162 148470 161 148804 161 149138 161 149472 161 149806 161 150141 160 150475 160 150809 160 151143 160 151477 160 151811 160 152146 159 152480 159 152814 159 153148 159 153482 159 153816 159 154150 159 154485 158 154819 158 155153 158 155487 158 155821 158 156155 158 156489 158 156824 157 157158 157 157492 157 157826 157 158160 157 158494 157 158829 156 159163 156 159497 156 159831 156 160166 155 160500 155 160834 153 161168 152 161503 151 161837 150 162171 150 162505 149 162839 148 163174 147 163508 146 163842 146 164176 145 164511 143 164845 142 165179 141 165514 139 165848 138 166182 137 166516 136 166850 135
havanese_114,33315 4 33814 5 34312 8 34811 9 35310 11 35809 12 36308 13 36807 15 37305 17 37804 19 38301 23 38798 27 39295 31 39790 37 40286 42 40782 47 41279 52 41775 57 42271 63 42741 6 42765 71 43236 102 43734 108 44233 113 44732 118 45231 123 45730 127 46229 130 46728 134 47227 137 47726 141 48226 144 48725 147 49224 151 49723 156 50222 160 50721 166 51220 171 51719 178 52218 185 52717 189 53217 191 53716 193 54215 195 54715 195 55215 196 55714 198 56214 198 56713 199 57213 199 57713 199 58212 200 58712 200 59211 201 59711 202 60210 203 60710 203 61210 203 61709 204 62209 204 62708 205 63208 205 63708 205 64207 206 64706 207 65206 208 65706 207 66205 208 66705 208 67204 209 67703 210 68203 210 68703 209 69202 210 69702 209 70202 208 70702 208 71202 207 71702 205 72202 204 72702 203 73201 203 73701 201 74201 200 74701 199 75200 199 75700 198 76199 198 76699 197 77199 196 77699 195 78200 192 78700 191 79201 189 79701 187 80201 186 80702 184 81202 183 81702 182 82202 181 82703 179 83203 178 83703 177 84204 175 84704 173 85204 172 85705 169 86205 167 86706 164 87206 163 87706 161 88207 157 88707 155 89208 151 89708 148 90209 143 90709 139 91210 134 91711 129 92212 125 92712 120 93213 115 93714 110 94215 106 94717 101 95218 96 95720 91 96222 86 96725 78 97228 70 97733 60 98239 47 98744 35 99251 18
Ragdoll_32,5223 10 5595 16 5968 23 6341 33 6375 1 6714 37 7087 39 7416 24 7459 42 7788 32 7832 44 8160 91 8532 94 8905 96 9278 98 9650 101 10023 103 10396 105 10768 108 11141 110 11513 113 11884 117 12256 120 12629 122 12955 5 13000 126 13313 27 13373 128 13684 34 13745 131 14055 41 14117 134 14424 49 14489 137 14794 207 15165 211 15538 213 15909 217 16280 221 16648 228 17019 232 17392 234 17763 238 18134 242 18503 248 18874 252 19247 254 19619 257 19992 259 20365 261 20738 263 21110 266 21483 268 21857 269 22230 271 22604 272 22977 274 23350 276 23724 277 24096 280 24470 281 24843 283 25216 285 25590 286 25963 288 26337 289 26711 290 27084 292 27457 294 27830 296 28201 300 28574 302 28947 304 29319 307 29692 309 30065 311 30437 314 30811 315 31183 318 31557 319 31931 320 32304 322 32678 323 33052 324 33426 325 33800 326 34174 327 34547 329 34921 330 35294 332 35668 333 36042 334 36416 335 36790 336 37165 336 37539 337 37914 337 38288 338 38663 338 39038 338 39413 338 39788 338 40163 338 40538 338 40913 338 41288 338 41663 338 42038 338 42413 338 42789 337 43164 337 43539 337 43915 336 44290 336 44665 336 45041 335 45416 335 45791 335 46167 334 46542 334 46918 333 47293 333 47668 333 48043 333 48419 332 48794 332 49169 332 49544 332 49919 332 50294 332 50669 332 51044 332 51419 332 51794 332 52169 332 52544 332 52919 332 53294 332 53669 332 54044 332 54419 332 54794 332 55169 332 55544 332 55919 332 56294 332 56669 332 57044 332 57419 332 57794 332 58169 332 58543 333 58918 333 59293 333 59668 333 60043 333 60418 333 60793 333 61168 333 61543 333 61918 333 62293 333 62668 333 63043 333 63418 333 63793 333 64169 332 64544 14 64565 311 64921 9 64942 309 65319 307 65695 306 66071 305 66447 304 66823 303 67199 302 67574 302 67950 301 68325 301 68699 302 69074 302 69448 303 69822 304 70195 306 70569 307 70943 308 71317 309 71690 311 72064 312 72437 314 72810 316 73183 318 73557 319 73930 321 74304 322 74678 323 75052 324 75426 325 75800 326 76174 327 76548 328 76923 328 77297 329 77672 329 78046 330 78421 330 78795 331 79170 331 79544 332 79919 332 80294 332 80668 333 81043 333 81418 111 81556 195 81793 104 81943 183 82168 101 82323 178 82543 97 82702 174 82918 92 83079 172 83293 88 83457 169 83669 83 83834 167 84046 78 84211 165 84426 70 84588 163 84805 63 84965 161 85184 55 85342 92 85449 52 85562 48 85718 84 85826 50 85939 42 86095 79 86202 49 86316 37 86471 73 86579 47 86694 29 86848 67 86955 46 87075 16 87224 64 87330 46 87601 58 87705 46 87977 54 88080 46 88353 50 88454 47 88730 45 88829 47 89106 41 89203 48 89482 37 89578 48 89859 32 89950 51 90235 29 90323 53 90612 24 90695 56 90989 17 91067 59 91366 12 91438 63 91809 67 92181 70 92554 72 92925 76 93298 78 93670 81 94042 84 94415 86 94787 89 95160 91 95533 93 95906 95 96280 96 96654 97 97027 99 97402 99 97776 100 98150 101 98524 102 98899 102 99274 102 99649 102 100025 101 100401 100 100777 99 101153 98 101529 97 101906 95 102283 93 102659 92 103036 90 103412 89 103789 87 104165 86 104541 85 104918 80 105294 78 105670 75 106047 71 106423 69 106799 65 107175 60 107552 54 107928 50 108304 45 108680 39 109057 34 109433 31 109809 27 110186 22 110564 14
chihuahua_159,22922 6 23203 15 23486 20 23770 23 24056 24 24342 25 24628 26 24915 26 25201 27 25488 27 25774 28 26061 28 26346 30 26631 32 26915 35 27198 39 27479 45 27762 49 27888 3 28045 52 28175 4 28330 54 28461 5 28614 57 28747 7 28899 59 29034 7 29183 62 29320 9 29466 66 29607 9 29751 68 29893 11 30036 70 30179 12 30322 70 30465 14 30608 71 30750 17 30893 73 31009 6 31034 20 31178 75 31294 48 31463 78 31580 50 31748 80 31867 51 32031 84 32155 52 32313 88 32442 54 32594 94 32730 55 32877 98 33018 56 33162 100 33306 58 33447 102 33593 61 33732 104 33881 63 34018 105 34169 66 34303 107 34457 69 34588 109 34745 71 34874 110 35033 73 35159 112 35321 74 35445 113 35608 76 35730 115 35896 78 36015 117 36183 81 36301 118 36471 82 36586 120 36758 83 36871 122 37046 84 37156 124 37333 86 37440 127 37620 88 37725 129 37908 89 38010 131 38195 92 38296 132 38482 233 38769 234 39056 234 39343 234 39629 235 39916 235 40203 235 40490 236 40777 236 41064 236 41351 236 41638 236 41924 237 42211 237 42498 237 42785 237 43072 237 43359 238 43646 238 43933 238 44220 238 44507 238 44794 238 45081 238 45368 238 45655 238 45942 238 46229 239 46516 239 46803 239 47090 239 47377 239 47664 240 47951 240 48238 240 48526 240 48813 240 49100 240 49387 240 49674 241 49962 240 50249 240 50536 240 50823 241 51111 240 51398 240 51685 240 51972 240 52259 240 52547 239 52834 240 53121 240 53408 240 53695 240 53982 240 54269 240 54556 240 54843 85 54935 149 55129 83 55225 146 55416 79 55514 144 55702 76 55803 142 55989 72 56092 140 56275 70 56380 140 56562 66 56668 139 56848 62 56957 137 57134 59 57245 137 57421 55 57533 136 57707 52 57821 136 57993 50 58109 135 58280 48 58397 135 58566 47 58685 134 58852 46 58973 133 59139 44 59262 132 59426 43 59551 130 59712 44 59841 127 59999 43 60130 125 60286 42 60420 123 60573 42 60709 121 60860 42 60999 118 61147 41 61288 116 61434 41 61578 113 61721 41 61869 109 62008 40 62161 105 62296 39 62451 102 62583 39 62740 100 62871 37 63028 99 63159 36 63317 97 63447 34 63606 94 63734 33 63896 91 64022 31 64187 87 64310 29 64480 80 64598 27 64770 75 64885 26 65060 57 65173 24 65351 48 65461 22 65647 35 65748 22 65943 9 66036 20 66323 19 66611 18 66898 17 67186 15 67474 13 67761 12 68049 10 68337 8 68625 6
keeshond_71,30990 7 31362 12 31735 14 32109 16 32482 19 32857 20 33231 21 33605 23 33980 23 34354 24 34729 25 35103 26 35478 27 35853 27 36227 29 36602 29 36976 31 37351 31 37726 32 38100 33 38475 33 38850 34 39224 35 39599 36 39974 36 40349 37 40723 38 41098 38 41473 39 41848 39 42222 40 42597 41 42972 41 43346 42 43721 43 44096 43 44471 44 44845 45 45220 45 45595 46 45970 46 46344 48 46719 48 47094 49 47468 50 47843 51 48217 52 48592 53 48966 54 49341 55 49715 56 50089 58 50463 59 50838 59 51212 61 51586 62 51960 63 52335 63 52709 65 53083 66 53457 67 53831 68 54205 69 54579 71 54953 72 55327 73 55701 74 56074 77 56448 78 56822 79 57195 81 57569 82 57943 83 58317 85 58691 86 59064 88 59437 90 59809 93 60182 95 60554 98 60927 100 61301 101 61674 104 62048 105 62422 106 62795 108 63169 109 63543 110 63917 111 64291 112 64665 113 65039 115 65413 116 65787 117 66162 118 66536 119 66910 120 67284 122 67658 123 68032 124 68406 126 68780 127 69154 128 69528 129 69902 131 70276 132 70650 133 71025 134 71399 135 71773 136 72148 137 72522 138 72896 140 73271 140 73645 141 74019 143 74394 143 74768 145 75142 146 75517 147 75891 148 76265 149 76640 150 77014 151 77389 152 77763 153 78137 155 78512 155 78886 157 79260 158 79634 160 80007 162 80381 163 80755 165 81128 167 81502 169 81874 172 82247 174 82620 177 82993 179 83366 181 83739 184 84112 186 84485 188 84859 190 85232 192 85605 194 85978 196 86351 198 86724 200 87098 201 87472 202 87847 202 88221 203 88596 203 88970 204 89345 204 89720 204 90095 204 90470 203 90845 203 91221 202 91597 201 91973 200 92348 199 92724 198 93100 197 93476 196 93852 195 94228 194 94604 193 94980 192 95356 190 95733 188 96110 186 96488 183 96865 181 97241 180 97618 178 97994 177 98370 175 98745 175 99121 174 99496 174 99872 173 100247 173 100623 171 100998 171 101374 170 101749 170 102124 170 102500 168 102875 168 103250 168 103626 167 104001 166 104376 166 104751 166 105126 166 105501 166 105876 166 106251 166 106626 165 107001 165 107376 165 107751 165 108126 165 108501 165 108876 165 109250 166 109625 166 110000 166 110374 168 110749 168 111123 169 111498 169 111872 170 112246 171 112620 172 112994 173 113367 175 113741 176 114114 178 114488 179 114861 181 115235 182 115609 183 115983 184 116357 184 116731 185 117105 186 117480 185 117854 186 118228 186 118603 186 118977 187 119351 187 119726 187 120100 188 120475 188 120849 189 121224 188 121599 188 121974 188 122349 43 122400 137 122724 40 122777 135 123100 35 123154 133 123475 32 123531 131 123851 28 123907 130 124228 21 124283 129 124605 15 124659 128 124982 10 125035 126 125361 2 125411 125 125787 124 126163 123 126540 121 126917 118 127295 115 127673 112 128051 108 128429 105 128807 101 129185 98 129564 93 129944 86 130322 82 130703 73 131084 65 131465 56 131843 49 132223 38
great_pyrenees_29,17705 10 17716 44 18196 73 18691 87 19184 102 19654 138 20146 151 20638 164 21133 173 21629 182 22126 188 22623 194 23119 200 23616 205 24112 211 24608 216 25105 221 25602 225 26100 228 26598 232 27096 235 27595 238 28093 241 28592 244 29091 246 29590 249 30089 251 30588 253 31087 256 31586 258 32085 260 32584 263 33083 265 33582 268 34081 270 34579 273 35078 275 35577 278 36076 280 36575 282 37074 284 37573 286 38072 287 38571 289 39071 290 39570 292 40069 294 40569 295 41068 297 41567 298 42067 299 42566 301 43066 302 43565 303 44065 304 44564 306 45063 307 45563 308 46062 309 46562 310 47061 174 47239 134 47560 167 47760 113 48060 162 48223 3 48265 109 48559 163 48768 106 49059 170 49240 2 49269 105 49558 186 49770 105 50057 182 50240 4 50270 26 50304 71 50557 188 50770 16 50787 1 50806 70 51056 189 51270 11 51307 70 51556 197 51771 8 51808 70 52055 204 52273 1 52309 70 52554 210 52810 23 52834 46 53053 216 53311 20 53336 45 53464 6 53552 219 53813 17 53837 46 53960 15 54051 226 54316 13 54338 46 54457 21 54551 228 54818 8 54838 48 54954 28 55050 230 55320 3 55338 49 55451 34 55549 233 55787 2 55795 2 55838 51 55948 42 56048 243 56295 2 56338 53 56444 52 56548 243 56795 2 56839 55 56940 58 57047 245 57294 4 57339 60 57433 68 57546 252 57839 67 57925 76 58046 253 58339 162 58545 255 58839 162 59045 256 59339 162 59544 257 59840 161 60044 257 60340 161 60543 258 60840 161 61043 258 61314 1 61340 161 61543 258 61814 2 61840 161 62043 258 62313 5 62339 160 62543 258 62812 8 62839 158 63042 259 63312 13 63338 156 63542 259 63811 15 63838 153 64042 259 64311 17 64336 152 64542 259 64805 2 64810 175 65042 259 65304 3 65310 173 65542 260 65804 4 65809 172 66042 260 66304 174 66542 261 66804 171 67042 385 67429 2 67458 10 67542 376 68043 373 68543 370 69043 368 69543 366 70043 365 70543 363 71043 362 71543 362 72043 362 72543 362 73043 362 73543 362 74043 362 74543 363 75043 363 75542 257 75800 106 76042 256 76300 106 76542 255 76799 108 77042 365 77542 239 77786 121 78042 239 78285 123 78542 242 78785 123 79042 242 79285 124 79542 367 80042 368 80542 369 81043 369 81543 369 82043 370 82543 370 83043 371 83544 370 84044 370 84545 223 84769 145 85045 223 85270 144 85546 222 85769 145 86046 222 86269 145 86547 366 87048 365 87548 365 88049 363 88550 362 89050 361 89551 359 90052 358 90553 357 91053 356 91554 355 92055 354 92556 352 93056 352 93557 351 94057 350 94558 349 95059 348 95560 347 96060 347 96561 346 97061 347 97469 18 97562 347 97955 38 98062 349 98446 51 98563 350 98941 60 99063 352 99436 65 99564 437 100064 437 100565 436 101065 436 101566 435 102066 435 102567 434 103067 434 103568 433 104068 433 104569 432 105069 432 105570 431 106071 430 106571 430 107072 429 107573 428 108073 428 108574 427 109075 426 109575 344 109952 49 110076 336 110461 40 110576 331 110967 25 111077 326 111473 10 111578 321 112078 319 112579 315 113079 313 113579 311 114080 309 114580 307 115081 304 115581 302 116081 301 116582 298 117082 296 117582 295 118082 294 118583 292 119083 291 119584 289 120084 288 120585 287 121085 286 121586 284 122087 282 122588 281 123089 279 123590 277 124091 275 124592 273 125093 271 125594 270 126096 267 126598 264 127100 261 127602 258 128105 254 128607 252 129109 249 129612 245 130113 243 130615 241 131118 236 131620 233 132122 231 132624 228 133126 225 133630 220 134133 216 134636 212 135138 209 135641 205 136146 199 136652 193 137157 187 137661 181 138164 177 138667 173 139169 170 139671 167 140173 163 140675 160 141177 156 141679 153 142181 149 142683 145 143186 140 143689 135 144192 130 144695 125 145199 120 145703 114 146207 108 146710 103 147213 98 147716 92 148220 85 148724 76 149228 66 149732 56 150235 48 150739 37 151242 28 151746 21 152250 11
Siamese_72,2121 6 2536 1 2538 33 2948 61 3377 67 3451 8 3809 85 4243 86 4677 87 5111 87 5546 87 5982 85 6415 87 6853 84 7294 77 7731 74 8166 74 8601 73 9035 74 9470 73 9905 72 10340 71 10774 71 11209 70 11644 69 12079 68 12514 67 12948 66 13383 66 13818 64 14253 63 14687 64 15123 62 15557 62 15992 61 16427 60 16861 60 17296 60 17730 60 18164 60 18598 59 19033 59 19467 59 19901 59 20335 59 20769 59 21204 58 21638 58 22072 58 22506 58 22940 58 23374 59 23808 59 24242 59 24676 59 25110 59 25544 59 25979 58 26413 58 26847 58 27282 57 27717 56 28151 55 28352 1 28585 55 28785 3 29019 55 29219 4 29453 55 29653 5 29887 54 30087 5 30322 53 30521 6 30756 52 30956 5 31189 52 31390 5 31623 52 31824 6 32057 39 32099 9 32258 6 32491 38 32536 4 32692 6 32925 36 33126 7 33359 36 33560 7 33794 34 33994 8 34228 33 34428 8 34662 32 34862 9 35096 32 35296 9 35530 30 35730 10 35964 28 36164 11 36398 27 36597 13 36832 25 37031 14 37266 24 37465 15 37700 24 37899 16 38134 23 38333 17 38567 24 38766 18 39001 24 39200 19 39434 26 39634 20 39868 26 40068 21 40302 26 40502 21 40735 27 40935 23 41169 27 41369 24 41603 28 41803 25 42037 28 42237 26 42471 27 42671 27 42905 27 43104 29 43340 26 43538 30 43774 25 43972 31 44208 25 44405 33 44642 25 44839 33 45076 25 45272 35 45510 25 45706 37 45944 26 46139 39 46378 26 46572 42 46811 27 47005 44 47245 28 47438 46 47679 28 47870 49 48112 29 48303 51 48546 30 48736 53 48980 30 49169 56 49414 30 49602 58 49847 31 50035 60 50281 31 50468 61 50715 31 50901 63 51150 30 51335 64 51584 30 51768 66 52018 29 52201 68 52452 29 52634 70 52886 29 53067 72 53320 29 53501 73 53755 28 53934 74 54189 28 54367 77 54623 27 54800 79 55057 27 55233 81 55492 26 55667 81 55926 26 56100 83 56360 26 56533 85 56794 25 56967 86 57229 24 57400 88 57663 23 57834 90 58098 21 58268 91 58532 20 58701 92 58967 18 59135 93 59401 17 59568 95 59836 14 60002 96 60271 11 60436 97 60706 9 60869 99 61141 7 61303 100 61576 4 61736 103 62170 103 62603 105 63037 106 63470 108 63904 109 64337 111 64771 111 65204 113 65638 114 66071 115 66504 117 66937 119 67369 121 67800 125 68232 127 68661 133 69087 141 69515 148 69940 157 70370 162 70802 164 71142 2 71234 167 71576 2 71667 168 72010 2 72101 168 72443 3 72535 169 72877 3 72970 168 73311 3 73405 167 73746 2 73840 166 74180 1 74275 166 74614 1 74711 164 75146 163 75582 162 76018 160 76454 158 76889 157 77324 156 77759 156 78198 151 78632 151 79060 4 79067 150 79493 158 79924 162 80355 165 80787 167 81219 170 81652 171 82085 172 82519 172 82953 173 83387 173 83820 174 84254 175 84616 5 84688 175 85048 8 85122 175 85481 10 85556 175 85914 11 85991 174 86347 12 86425 175 86780 13 86859 175 87214 13 87293 175 87648 13 87727 175 88081 14 88162 174 88515 14 88596 174 88948 14 89030 174 89382 14 89465 173 89815 15 89899 173 90249 14 90333 173 90682 14 90767 173 91116 14 91202 171 91550 13 91636 171 91983 13 92070 171 92417 12 92505 169 92851 11 92939 169 93284 11 93373 168 93718 10 93806 168 94152 10 94240 168 94586 9 94674 167 95020 8 95108 166 95454 7 95542 165 95888 7 95976 164 96323 5 96410 162 96758 2 96843 162 97277 161 97711 158 98145 155 98579 126 99013 123 99447 121 99880 120 100314 118 100748 117 101182 116 101615 116 102049 115 102483 115 102917 114 103351 114 103785 114 104219 114 104653 114 105086 115 105520 115 105954 115 106388 115 106822 115 107255 117 107689 117 108123 117 108557 117 108991 117 109424 118 109858 119 110292 119 110726 119 111160 119 111593 121 112027 121 112461 121 112895 122 113329 122 113763 123 114197 123 114631 124 115065 124 115499 125 115933 125 116367 126 116801 126 117235 127 117669 127 118103 128 118538 127 118972 128 119407 127 119842 127 120277 126 120712 31 120763 75 121148 24 121201 72 121587 13 121637 70 122073 69 122508 69 122944 68 123379 67 123814 67 124249 67 124684 67 125119 67 125554 67 125989 66 126424 66 126859 66 127294 66 127729 66 128164 66 128598 67 129033 67 129468 66 129903 66 130339 65 130774 65 131209 65 131644 65 132079 65 132514 66 132949 66 133384 67 133819 68 134254 69 134689 73 135124 74 135559 75 135994 75 136429 74 136864 73 137298 72 137733 71 138168 70 138262 6 138604 69 138695 9 139039 68 139129 11 139474 67 139564 12 139909 67 139999 12 140344 66 140434 12 140779 65 140869 12 141214 65 141304 12 141649 64 141739 12 142085 63 142175 10 142520 62 142610 10 142955 61 143046 9 143391 60 143482 7 143826 59 143918 5 144262 58 144697 57 145132 57 145567 56 146002 55 146438 54 146873 53 147308 52 147744 50 148179 49 148614 48 149050 46 149486 44 149921 43 150356 42 150791 41 151227 39 151662 38 152098 36 152534 35 152970 33 153407 31 153843 30 153890 7 154280 28 154322 14 154717 26 154755 17 155153 26 155187 21 155589 26 155619 24 156025 53 156461 52 156896 52 157332 51 157767 52 157825 5 158202 64 158638 64 159073 65 159508 65 159943 66 160379 66 160814 69 161250 74 161686 77 162122 78 162557 80 162993 80 163428 81 163864 80 164300 80 164735 80 165170 81 165606 81 166041 82 166477 83 166912 84 167347 85 167783 84 168218 85 168653 85 169089 84 169524 84 169959 84 170395 83 170830 83 171266 83 171703 81 172140 79 172576 79 173011 80 173447 79 173882 80 174318 80 174753 80 175189 80 175624 80 176060 80 176496 79 176932 78 177368 77 177804 76 178240 75 178675 75 179110 74 179545 74 179981 73 180416 73 180851 73 181286 72 181721 72 182156 71 182591 71 183026 71 183462 69 183897 69 184333 68 184768 68 185203 68 185638 68 186073 67 186508 67 186943 67 187378 67 187813 67 188248 67 188683 67 189117 68 189552 67 189988 65 190423 64 190858 63 191293 61 191728 60 192164 57 192600 55 193039 49 193476 46 193913 42 194349 40 194784 38 195220 36 195655 34 196092 31 196527 29 196961 29 197396 28 197831 27 198266 25 198702 23 199137 20 199573 17 200009 13 200444 11 200880 7 201316 3
Maine_Coon_49,19805 4 20137 7 20469 10 20801 12 21133 15 21465 17 21797 20 22130 21 22462 24 22794 27 23126 30 23459 32 23791 34 24123 37 24456 38 24788 40 25121 41 25454 42 25787 44 26119 46 26452 47 26786 47 27119 47 27452 47 27786 47 28119 47 28453 46 28787 45 29120 45 29453 45 29786 45 30118 47 30450 48 30782 49 31114 51 31445 53 31514 6 31777 55 31845 9 32107 58 32177 11 32437 62 32510 12 32767 66 32841 15 33098 93 33429 96 33761 98 34093 99 34426 100 34758 101 35091 102 35423 103 35756 103 36088 105 36421 105 36753 106 37086 106 37418 107 37751 107 38083 108 38416 108 38748 109 39081 109 39414 109 39746 110 40079 110 40412 110 40744 110 41077 109 41409 109 41742 109 42074 109 42407 109 42739 110 43072 109 43404 110 43737 110 44069 110 44401 111 44734 111 45066 112 45399 103 45506 4 45731 104 45840 3 46063 104 46173 3 46395 104 46507 2 46728 104 46840 2 47060 105 47173 3 47393 43 47441 56 47506 3 47725 43 47775 55 47840 3 48058 42 48109 54 48172 4 48390 42 48442 54 48506 3 48723 41 48776 53 48839 3 49055 41 49109 53 49172 4 49186 2 49388 40 49442 53 49506 2 49519 3 49721 38 49775 53 49840 1 49852 3 50054 37 50108 54 50182 6 50387 34 50441 54 50514 8 50720 32 50774 54 50847 8 51052 32 51107 55 51179 10 51385 31 51440 55 51512 10 51718 29 51773 55 51846 9 52052 26 52105 57 52168 3 52178 11 52385 25 52438 58 52499 6 52511 11 52718 25 52772 58 52832 5 52844 11 53051 24 53105 67 53177 12 53384 24 53438 67 53510 12 53717 23 53771 67 53843 12 54050 23 54104 68 54176 12 54383 23 54437 68 54509 13 54716 22 54770 68 54843 12 55049 22 55103 68 55176 12 55382 22 55436 68 55509 12 55715 22 55770 67 55843 11 56048 22 56103 67 56177 10 56381 21 56436 29 56467 36 56510 10 56714 21 56769 26 56802 34 56843 10 57047 20 57102 26 57135 34 57177 9 57380 20 57435 26 57468 34 57510 9 57713 19 57768 25 57802 33 57843 8 58046 19 58101 25 58135 33 58177 7 58379 18 58434 24 58468 33 58510 7 58713 17 58767 24 58801 33 58843 6 59046 17 59100 23 59134 33 59177 5 59379 16 59433 23 59467 33 59510 4 59712 16 59767 21 59800 33 59843 3 60045 16 60100 21 60134 31 60378 15 60434 20 60466 32 60711 15 60767 20 60799 32 61044 15 61101 19 61132 32 61377 15 61435 18 61465 32 61710 14 61768 18 61798 31 62043 14 62102 16 62131 31 62376 14 62436 15 62465 30 62709 14 62770 14 62798 30 63042 13 63103 14 63131 30 63375 13 63437 13 63464 30 63708 13 63770 13 63797 30 64041 13 64104 12 64130 30 64374 13 64437 12 64463 30 64707 12 64770 12 64796 30 65040 12 65104 10 65129 30 65373 12 65437 10 65462 30 65706 11 65770 10 65795 30 66040 10 66104 9 66128 30 66373 9 66437 8 66461 29 66706 9 66771 7 66794 29 66848 7 67040 7 67104 6 67127 29 67180 9 67373 6 67438 5 67460 29 67513 10 67707 5 67771 5 67793 28 67846 11 68040 3 68104 4 68126 28 68179 11 68439 1 68459 28 68512 12 68791 28 68846 11 69124 28 69179 11 69457 28 69513 11 69789 28 69846 11 70122 28 70180 10 70454 28 70513 11 70787 27 70846 11 71119 27 71179 12 71442 1 71444 1 71452 26 71512 12 71775 3 71784 26 71845 13 72107 1 72109 3 72117 26 72178 13 72443 1 72451 23 72511 14 72784 22 72844 14 73117 21 73177 15 73451 19 73511 14 73785 17 73844 14 74118 14 74177 14 74452 12 74510 14 74786 9 74843 14 75119 8 75177 14 75453 6 75510 14 75787 4 75844 13 76121 2 76176 14 76509 13 76842 13 77174 14 77454 1 77505 16 77837 18 78169 19 78501 19 78833 20 79118 5 79124 1 79166 20 79451 8 79498 21 79784 9 79831 21 80117 9 80164 21 80449 11 80496 22 80783 11 80829 21 81115 12 81162 21 81448 13 81495 20 81780 15 81828 20 82113 15 82161 20 82446 16 82494 19 82779 16 82827 19 83112 17 83160 18 83444 18 83493 17 83777 18 83826 14 84109 19 84159 12 84442 19 84493 9 84775 19 84826 7 85108 19 85159 5 85440 20 85494 1 85773 20 86106 20 86418 2 86438 21 86750 4 86771 21 87081 7 87104 20 87413 8 87437 20 87745 9 87769 21 88070 3 88075 13 88102 21 88402 19 88435 21 88735 18 88767 21 89067 20 89100 21 89399 21 89432 21 89731 22 89764 21 90064 23 90094 24 90397 23 90426 24 90730 23 90759 24 91062 25 91091 24 91395 26 91424 24 91729 25 91757 24 92062 53 92395 54 92728 55 93061 56 93394 57 93500 6 93728 57 93830 10 94061 58 94148 6 94161 14 94394 68 94476 34 94728 70 94804 41 95061 118 95395 118 95728 118 96061 119 96394 119 96728 118 97061 118 97394 118 97728 118 98061 118 98395 117 98729 116 99063 115 99396 115 99730 114 100064 113 100397 113 100731 112 101065 111 101398 111 101732 110 102065 110 102398 110 102731 110 103064 110 103397 110 103731 109 104064 109 104397 109 104730 109 105063 109 105396 109 105729 109 106062 109 106395 110 106728 110 107062 109 107395 109 107729 108 108062 108 108395 108 108728 108 109061 108 109394 108 109727 108 110060 108 110392 109 110723 111 111052 115 111382 118 111713 120 112045 121 112374 125 112694 138 113025 140 113357 141 113689 142 114022 142 114354 142 114687 142 115019 143 115352 143 115685 143 116018 143 116351 143 116684 143 117017 143 117350 143 117684 142 118017 142 118350 142 118684 141 119017 141 119350 142 119684 141 120017 141 120351 140 120684 140 121018 139 121352 138 121685 138 122019 137 122353 136 122687 135 123021 134 123354 134 123687 134 124021 132 124354 132 124688 131 125022 130 125355 129 125688 129 126022 127 126356 125 126689 123 127023 121 127356 120 127689 119 128022 117 128356 115 128689 112 129022 110 129355 108 129688 106 130021 105 130354 104 130687 103 131020 102 131353 101 131686 100 132019 71 132096 23 132352 69 132433 18 132685 65 132768 16 133018 64 133102 14 133351 64 133436 12 133684 64 133769 12 134017 28 134056 25 134102 12 134351 25 134392 22 134434 13 134684 24 134727 20 134766 14 135018 21 135061 19 135099 13 135351 20 135395 19 135432 14 135685 18 135728 20 135765 14 136019 17 136062 19 136098 14 136352 16 136394 20 136430 15 136686 14 136727 19 136763 15 137021 10 137061 16 137096 15 137356 5 137393 17 137429 15 137726 16 137763 13 138059 16 138096 13 138392 16 138430 12 138724 17 138763 12 139057 17 139097 10 139390 17 139431 9 139722 18 139765 8 140055 18 140098 7 140388 17 140431 7 140720 19 140765 6 141053 18 141098 5 141386 18 141432 3 141719 18 141765 3 142052 17 142386 16 142717 17 143050 17 143384 15 143712 20 144044 21 144377 21 144709 22 145042 22 145375 22 145708 22 146040 23 146374 22 146707 22 147039 24 147373 7 147385 10 147706 6 147718 10 148040 4 148052 9 148374 1 148387 7 148721 5 149054 4 150415 2 150748 2 151080 3 151412 4 151745 4 152076 6 152401 3 152408 7 152733 15 153065 16 153398 16 153731 15 154064 15 154397 15 154730 15 155064 14 155397 13 155731 12 156065 11 156400 8 156734 7 157067 6 157401 5 157735 3
havanese_192,24136 8 24467 12 24798 16 25129 42 25460 46 25791 49 26110 64 26438 70 26769 73 27100 76 27432 78 27763 81 28095 84 28427 87 28758 91 29090 94 29422 97 29754 100 30085 104 30417 107 30749 110 31081 114 31413 118 31745 123 32077 127 32410 129 32742 131 33074 134 33406 136 33738 138 34071 141 34403 143 34735 145 35067 147 35399 149 35731 151 36063 152 36395 153 36726 155 37057 158 37386 161 37706 174 38036 177 38367 179 38698 181 39030 182 39362 183 39694 184 40026 185 40358 186 40691 186 41023 187 41356 187 41689 187 42021 188 42225 4 42244 19 42354 188 42555 46 42687 189 42887 52 43020 189 43220 56 43353 189 43552 62 43686 188 43884 67 44019 188 44217 71 44352 189 44549 74 44685 190 44880 76 45018 191 45211 78 45351 271 45684 271 46017 271 46350 271 46683 271 47016 271 47349 271 47682 271 48015 271 48348 271 48680 272 49013 272 49346 272 49678 273 50011 273 50344 206 50553 64 50677 205 50888 62 51009 205 51222 61 51342 204 51556 60 51675 203 51890 59 52007 204 52224 58 52340 203 52557 58 52672 204 52891 57 53005 204 53225 56 53338 203 53558 56 53670 204 53892 55 54003 204 54226 54 54336 203 54559 54 54668 204 54893 53 55001 204 55226 53 55334 204 55560 52 55667 204 55893 52 56000 203 56227 51 56332 204 56560 51 56665 204 56894 33 56933 8 56998 204 57227 24 57331 204 57561 21 57664 203 57894 19 57997 203 58228 17 58330 203 58561 15 58663 203 58895 13 58995 204 59228 13 59328 204 59562 11 59661 204 59895 10 59994 204 60229 8 60327 204 60563 6 60660 204 60897 4 60992 206 61325 206 61657 207 61989 208 62321 208 62653 209 62985 210 63317 211 63648 213 63980 214 64312 215 64643 217 64974 219 65305 221 65637 222 65969 223 66301 224 66634 224 66967 224 67299 225 67632 225 67965 225 68298 226 68631 226 68964 226 69297 226 69630 227 69963 227 70296 227 70629 227 70962 227 71295 228 71628 228 71962 227 72295 227 72628 227 72961 227 73294 227 73562 3 73627 227 73893 9 73961 226 74225 13 74294 226 74557 17 74627 226 74890 19 74960 226 75222 22 75294 224 75555 24 75627 224 75887 27 75960 224 76220 29 76294 223 76553 33 76627 223 76885 39 76960 223 77218 39 77294 222 77551 39 77627 222 77883 40 77961 221 78216 40 78294 221 78548 41 78627 221 78881 41 78961 220 79213 42 79294 219 79546 42 79627 219 79879 42 79961 217 80211 43 80294 217 80544 43 80627 216 80876 44 80961 214 81209 44 81294 213 81541 45 81627 213 81874 45 81960 212 82207 45 82294 211 82539 46 82627 211 82872 46 82960 211 83204 47 83294 210 83537 47 83627 210 83869 48 83960 210 84201 49 84293 210 84533 50 84626 210 84865 51 84959 211 85197 52 85293 210 85529 53 85626 211 85860 55 85959 211 86191 57 86292 212 86522 59 86626 212 86853 61 86959 214 87184 63 87292 216 87515 65 87626 287 87959 287 88292 287 88625 287 88959 286 89292 286 89625 286 89959 285 90292 285 90626 284 90959 284 91293 283 91626 283 91960 282 92293 282 92627 281 92960 281 93294 280 93627 280 93960 280 94294 279 94627 279 94960 279 95294 278 95627 278 95961 277 96294 277 96627 277 96961 276 97294 276 97628 275 97962 274 98295 274 98629 273 98963 272 99296 272 99630 271 99964 270 100298 269 100631 269 100965 268 101299 267 101633 266 101967 265 102301 264 102635 263 102968 263 103302 262 103636 261 103970 260 104304 259 104638 258 104972 257 105307 255 105641 254 105975 253 106309 252 106643 251 106977 250 107312 248 107646 247 107980 246 108314 245 108648 244 108982 243 109316 242 109650 241 109984 240 110318 239 110653 237 110987 236 111321 235 111655 234 111989 233 112323 232 112657 231 112991 230 113325 229 113659 228 113993 227 114328 225 114662 224 114996 223 115330 222 115664 221 115998 220 116331 220 116665 219 116999 218 117332 218 117666 217 117999 217 118333 216 118667 215 119001 214 119334 214 119668 213 120002 212 120336 211 120670 210 121005 208 121339 207 121674 205 122009 203 122343 202 122678 200 123012 198 123346 197 123680 196 124014 194 124348 193 124682 191 125016 190 125350 185 125684 181 126018 178 126352 175 126686 172 127020 169 127354 164 127688 159 128022 156 128356 153 128690 149 129024 143 129357 140 129691 138 130025 133 130358 131 130692 126 131026 118 131360 115 131694 111 132029 102 132365 1 132384 71 132724 61 133060 56 133398 49 133737 42 134074 36 134409 33 134744 30 135078 28 135413 25 135747 23 136082 19 136416 17 136751 13 137088 5
english_setter_183,62794 11 63123 17 63454 20 63785 24 63833 1 64117 29 64147 2 64161 8 64449 38 64493 10 64505 8 64782 39 64826 22 65114 40 65159 23 65447 40 65492 23 65779 40 65825 23 66111 41 66158 24 66444 41 66491 24 66776 42 66821 27 67109 72 67442 72 67774 73 68107 72 68249 15 68440 70 68576 22 68773 68 68900 32 69106 67 69227 38 69439 67 69557 41 69772 66 69888 43 70105 65 70220 44 70437 65 70551 46 70770 38 70809 26 70882 48 71103 37 71142 26 71214 49 71436 33 71470 3 71475 5 71482 19 71544 52 71768 34 71804 2 71809 2 71816 19 71871 58 72100 34 72138 1 72149 21 72195 67 72432 35 72482 23 72521 74 72764 35 72816 112 73096 36 73149 112 73428 37 73482 112 73759 39 73815 112 74088 43 74147 113 74418 46 74480 113 74749 48 74813 113 75082 47 75146 113 75414 48 75479 113 75745 50 75812 113 76078 50 76144 114 76411 49 76477 114 76743 50 76810 114 77076 50 77143 114 77409 50 77475 115 77742 50 77808 115 78074 51 78141 115 78407 51 78474 115 78739 52 78807 115 79072 52 79140 115 79405 52 79473 115 79738 52 79807 114 80071 53 80140 114 80404 53 80473 114 80737 53 80806 114 81069 55 81139 114 81402 55 81473 113 81735 55 81806 113 82068 55 82139 113 82401 56 82472 113 82734 56 82805 113 83067 56 83138 113 83400 56 83471 113 83733 57 83804 113 84066 57 84137 113 84399 57 84470 113 84732 57 84803 113 85065 57 85136 113 85398 57 85469 113 85731 57 85803 112 86064 57 86136 112 86397 56 86469 112 86730 56 86802 112 87064 55 87135 112 87397 54 87468 112 87730 54 87801 112 88063 54 88134 112 88396 54 88467 112 88729 54 88799 113 89063 52 89132 113 89396 52 89465 113 89729 52 89797 114 90063 50 90130 114 90397 48 90463 114 90730 48 90796 114 91065 45 91129 114 91400 42 91464 112 91735 39 91802 107 92072 34 92146 96 92409 28 92487 88 92746 22 92825 56 92900 5 93082 16 93161 49 93420 8 93499 37 93836 27 94172 18 94507 11
newfoundland_102,62521 21 62870 53 63242 60 63612 70 63985 75 64302 12 64357 81 64674 19 64729 88 65045 28 65102 92 65417 34 65474 97 65787 43 65845 104 65965 3 66160 52 66213 113 66338 6 66532 172 66710 9 66905 189 67278 192 67651 194 68025 196 68398 198 68772 200 69145 202 69519 204 69892 206 70266 208 70639 210 71012 213 71384 216 71757 219 72129 223 72502 226 72875 229 73249 230 73622 234 73996 236 74369 239 74743 241 75117 244 75491 246 75865 249 76239 252 76613 255 76987 257 77361 262 77735 266 78109 267 78484 267 78858 268 79232 269 79606 270 79981 270 80355 271 80730 271 81104 272 81479 272 81853 273 82228 273 82602 274 82977 274 83352 274 83726 275 84101 275 84476 275 84850 276 85225 276 85600 276 85975 276 86349 277 86724 277 87099 277 87474 277 87849 277 88224 277 88599 277 88974 277 89349 277 89723 278 90098 278 90473 278 90848 278 91223 278 91598 278 91973 278 92348 278 92723 278 93098 278 93473 278 93847 279 94222 279 94597 279 94972 279 95347 279 95722 279 96097 279 96472 279 96847 279 97222 279 97597 279 97972 279 98347 279 98722 279 99097 279 99472 279 99847 279 100222 279 100597 279 100972 279 101347 279 101722 279 102098 278 102473 278 102848 278 103224 277 103599 277 103974 277 104350 276 104725 276 105101 275 105476 275 105852 274 106227 274 106603 273 106978 273 107354 272 107729 272 108105 271 108480 271 108856 270 109232 269 109608 268 109983 268 110359 267 110735 266 111111 265 111487 264 111863 263 112239 262 112615 261 112991 260 113367 259 113743 258 114119 257 114495 256 114871 255 115247 254 115623 253 115999 252 116374 252 116750 251 117126 250 117502 249 117878 248 118254 247 118629 247 119005 246 119382 244 119758 243 120134 242 120510 241 120886 240 121262 239 121638 238 122014 237 122390 236 122766 235 123142 234 123518 233 123894 232 124271 230 124647 229 125024 10 125054 197 125434 192 125812 189 126189 187 126567 184 126944 182 127321 180 127697 179 128074 177 128452 174 128829 172 129206 170 129583 167 129959 163 130336 160 130713 157 131089 155 131466 152 131842 150 132219 146 132596 143 132972 141 133350 137 133727 134 134104 130 134483 123 134862 115 135239 111 135617 105 135995 99 136373 85 136750 78 137128 69 137506 60 137885 52 138269 29 138658 9
Egyptian_Mau_147,3769 7 3970 9 4177 6 4381 5 4584 5 4787 6 4990 5 5192 6 5395 5 5597 5 5799 5 6001 5 6203 5 6405 5 6607 5 6808 6 7010 6 7212 5 7414 5 7615 6 7817 6 8018 7 8219 7 8421 7 8621 9 8822 9 9023 9 9224 10 9424 11 9624 11 9824 12 10024 13 10223 14 10422 16 10621 18 10820 19 11018 20 11218 20 11418 20 11617 21 11816 21 12016 19 12216 18 12415 19 12615 20 12816 20 13016 22 13217 23 13418 24 13619 25 13820 27 14021 28 14222 30 14424 32 14492 7 14625 34 14692 12 14826 37 14893 14 15028 39 15093 18 15229 43 15294 20 15431 45 15493 24 15632 49 15693 27 15834 89 16035 91 16237 93 16439 94 16640 96 16842 98 17043 100 17245 101 17447 102 17649 103 17850 90 17944 11 18052 86 18149 9 18254 84 18353 7 18456 82 18556 7 18658 81 18759 7 18860 80 18962 6 19062 79 19165 6 19263 79 19367 7 19465 77 19570 7 19667 76 19772 7 19869 75 19975 7 20071 74 20178 6 20273 72 20381 6 20475 71 20583 6 20677 70 20786 6 20879 69 20989 5 21081 67 21192 4 21283 66 21394 4 21485 66 21597 3 21687 65 21889 65 22091 64 22293 64 22495 64 22697 64 22899 64 23101 64 23303 65 23506 64 23708 64 23910 65 24112 65 24314 65 24516 66 24718 66 24920 66 25122 66 25325 65 25527 65 25729 65 25931 65 26133 65 26335 65 26537 65 26739 65 26941 65 27143 65 27345 65 27547 65 27749 64 27951 64 28153 64 28355 64 28557 64 28759 63 28960 64 29162 64 29364 64 29566 64 29768 64 29970 63 30172 63 30374 63 30576 63 30778 63 30980 63 31182 63 31384 63 31586 62 31787 63 31989 63 32191 63 32393 63 32595 63 32797 62 32999 62 33201 62 33403 62 33605 62 33807 61 34009 61 34211 61 34412 62 34614 62 34816 61 35018 61 35220 61 35422 61 35624 61 35826 60 35974 5 36028 60 36175 9 36230 60 36378 11 36432 60 36580 13 36633 62 36783 14 36835 62 36986 17 37037 62 37188 20 37239 63 37391 21 37440 66 37593 23 37642 68 37796 24 37843 74 37998 26 38044 84 38201 27 38245 94 38403 30 38446 109 38605 34 38645 126 38807 171 39009 172 39211 173 39413 173 39615 173 39817 173 40019 173 40221 173 40422 173 40624 172 40825 140 40979 15 41027 136 41183 11 41227 134 41387 7 41427 133 41590 4 41628 130 41831 126 42033 122 42236 118 42439 114 42642 111 42845 108 43048 105 43251 102 43454 100 43656 98 43859 95 44062 14 44086 69 44266 6 44294 60 44500 54 44707 47 44913 40 45120 31 45325 24 45535 9
Egyptian_Mau_126,20196 7 20576 11 20957 14 21338 17 21719 20 22100 23 22481 26 22862 29 23243 31 23625 33 24007 35 24389 37 24770 40 25152 41 25533 44 25913 48 26295 50 26675 53 27056 56 27437 58 27818 60 28200 61 28582 63 28964 64 29346 65 29728 67 30111 68 30493 69 30875 70 31257 72 31639 73 32021 74 32403 76 32785 77 33167 78 33549 79 33931 81 34312 83 34694 85 35076 86 35458 87 35840 88 36222 89 36603 91 36985 92 37367 93 37749 95 38131 96 38513 97 38895 98 39277 100 39660 100 40042 102 40424 103 40806 104 41188 106 41570 107 41952 108 42335 109 42717 110 43099 111 43481 112 43863 114 44246 114 44628 115 45010 116 45392 117 45774 119 46156 120 46538 121 46921 121 47303 122 47685 123 48068 124 48450 125 48832 126 49214 127 49597 127 49979 129 50362 129 50744 130 51127 131 51509 132 51891 134 52274 134 52656 136 53039 136 53421 137 53804 138 54186 139 54568 140 54950 141 55332 142 55714 143 56097 143 56479 144 56861 145 57244 145 57627 144 58009 145 58392 145 58775 145 59157 147 59540 149 59922 151 60305 153 60688 155 61071 157 61453 160 61836 162 62220 163 62603 164 62986 166 63369 167 63752 168 64135 169 64518 170 64901 171 65186 1 65284 172 65568 5 65666 173 65951 6 66049 174 66335 6 66431 176 66718 7 66813 177 67102 7 67196 178 67485 8 67579 160 67742 15 67869 8 67963 146 68129 12 68252 10 68347 139 68514 10 68636 10 68730 135 68898 10 69020 11 69113 133 69282 9 69403 14 69496 133 69666 8 69787 28 69879 134 70050 8 70170 34 70261 146 70433 8 70554 37 70642 157 70816 8 70938 44 71023 164 71199 9 71321 57 71405 167 71581 10 71705 64 71788 169 71963 11 72088 67 72171 171 72345 12 72472 69 72555 171 72728 12 72855 71 72939 183 73239 70 73323 181 73623 70 73707 179 74006 70 74091 177 74390 70 74474 176 74773 70 74858 175 75157 70 75241 175 75540 70 75624 176 75924 69 76007 176 76307 70 76390 149 76549 18 76691 70 76773 141 76937 14 77074 71 77156 137 77323 11 77457 72 77538 135 77707 10 77840 72 77921 131 78091 9 78223 73 78302 128 78475 8 78606 203 78859 7 78989 200 79243 6 79371 196 79627 5 79754 193 80010 4 80136 190 80394 3 80519 185 80900 184 81282 183 81663 182 82045 182 82426 182 82807 182 83188 182 83569 182 83951 181 84333 180 84715 178 85097 177 85480 175 85863 173 86246 172 86629 171 87013 169 87396 168 87780 166 88164 164 88548 162 88932 159 89316 157 89700 154 90085 150 90469 147 90854 142 91239 138 91623 134 92008 130 92393 126 92777 123 93161 120 93546 116 93931 112 94318 9 94330 94 94720 86 95106 81 95492 76 95879 69 96272 30 96314 14
samoyed_165,125 105 624 106 1123 107 1621 109 2120 111 2619 112 3119 112 3618 113 4116 115 4615 116 5115 116 5614 118 6113 120 6611 122 7110 124 7609 125 8108 127 8607 130 9107 131 9606 133 10105 137 10605 140 11104 144 11603 148 12103 151 12602 154 13102 156 13601 160 14101 162 14601 164 15100 168 15600 170 16100 172 16599 175 17099 176 17599 178 18098 181 18598 182 19098 184 19598 185 20098 186 20597 189 21097 190 21597 192 22096 194 22596 195 23096 197 23596 198 24096 199 24596 200 25095 202 25595 204 26095 205 26595 206 27095 207 27595 208 28095 210 28595 211 29095 212 29595 214 30094 216 30594 217 31094 218 31594 219 32094 220 32594 221 33094 222 33594 223 34094 224 34594 226 35094 227 35594 228 36094 229 36594 230 37094 232 37594 233 38094 234 38595 234 39095 236 39595 237 40095 239 40595 240 41096 241 41596 243 42096 245 42596 246 43097 247 43597 249 44097 250 44597 252 45098 253 45598 255 46098 257 46599 258 47099 259 47599 261 48100 262 48600 264 49101 265 49601 267 50102 268 50602 269 51103 270 51604 271 52104 272 52605 272 53105 273 53606 273 54106 274 54607 274 55107 275 55608 275 56108 276 56608 278 57109 278 57609 280 58110 280 58611 281 59111 282 59612 283 60113 283 60613 284 61114 285 61615 286 62115 287 62616 288 63117 288 63617 290 64118 290 64619 290 65119 292 65620 292 66121 293 66622 293 67122 295 67623 295 68124 295 68624 296 69125 296 69626 297 70126 298 70626 299 71127 299 71627 301 72128 301 72628 302 73128 303 73629 304 74129 305 74629 306 75129 308 75629 309 76130 309 76630 310 77130 312 77630 313 78130 315 78630 316 79131 317 79631 319 80131 320 80631 321 81131 323 81632 324 82132 326 82632 328 83132 330 83633 330 84133 332 84634 333 85134 334 85634 336 86134 338 86635 339 87135 341 87635 342 88136 343 88636 344 89136 346 89637 347 90137 350 90637 353 91138 358 91638 361 92138 268 92420 81 92639 263 92924 77 93139 261 93427 74 93639 259 93929 72 94140 257 94431 70 94640 256 94934 67 95140 255 95436 65 95640 255 95938 63 96141 253 96440 61 96641 252 96942 59 97142 250 97444 57 97642 249 97946 55 98142 249 98448 53 98642 248 98950 51 99143 246 99452 49 99643 246 99954 47 100143 245 100456 45 100643 245 100958 43 101144 243 101460 41 101644 243 101963 38 102144 243 102465 36 102645 242 102967 34 103145 242 103469 32 103646 241 103972 29 104146 241 104474 27 104647 240 104976 25 105148 239 105479 22 105648 239 105982 19 106149 238 106484 17 106650 238 106987 11 107151 237 107489 9 107652 237 107991 6 108153 236 108494 2 108654 236 109155 236 109657 235 110158 235 110659 235 111160 236 111662 235 112163 236 112664 237 113165 238 113667 239 114168 239 114669 240 115171 240 115672 240 116173 241 116675 240 117176 240 117677 241 118178 241 118679 242 119180 242 119681 243 120182 243 120683 244 121184 244 121686 244 122187 244 122688 246 123190 246 123692 246 124195 14 124219 222 124727 88 124839 105 125234 64 125350 96 125741 41 125857 91 126248 26 126364 86 126869 83 127373 80 127877 78 128381 75 128885 72 129388 71 129891 69 130394 67 130897 65 131400 63 131902 62 132405 60 132908 58 133411 55 133914 53 134417 50 134920 48 135423 45 135926 42 136429 39 136931 37 137433 36 137935 34 138437 31 138939 29 139444 23 139947 19 140450 14 140955 5
great_pyrenees_66,61406 5 61737 9 62068 13 62399 17 62730 21 63062 23 63394 26 63725 30 64057 34 64389 37 64721 42 65053 47 65385 51 65717 58 66049 62 66381 65 66713 70 67046 72 67378 77 67710 81 68043 83 68375 86 68707 89 69040 90 69372 92 69705 94 70037 96 70370 97 70703 98 71035 100 71368 102 71701 103 72033 106 72366 107 72699 109 73032 110 73365 112 73698 113 74030 115 74363 116 74696 117 75029 119 75361 121 75694 122 76027 123 76360 124 76693 125 77026 126 77358 128 77691 129 78024 129 78357 130 78690 131 79023 132 79355 134 79688 135 80021 135 80354 136 80687 137 81020 138 81353 139 81686 140 82019 140 82352 141 82685 142 83018 142 83351 143 83684 144 84017 145 84350 145 84683 146 85017 146 85350 147 85683 147 86016 148 86349 149 86682 150 87015 150 87349 150 87682 151 88015 152 88348 152 88682 152 89015 152 89348 153 89682 153 90015 153 90349 153 90682 154 91016 153 91349 154 91683 154 92016 155 92349 156 92683 156 93016 157 93350 157 93683 158 94017 159 94350 161 94684 163 95017 165 95351 168 95684 171 96018 171 96351 174 96685 174 97018 175 97352 175 97685 177 98018 178 98218 15 98352 179 98548 21 98685 181 98879 23 99018 182 99210 25 99352 186 99539 29 99685 216 100018 216 100352 215 100685 215 101018 215 101351 215 101684 215 102018 214 102351 214 102684 214 103017 214 103350 214 103683 214 104016 214 104349 214 104682 214 105015 214 105348 214 105681 214 106014 214 106347 214 106680 214 107013 214 107346 212 107559 1 107679 208 108012 205 108345 202 108677 200 109010 196 109343 190 109676 186 110009 181 110342 149 110675 144 111008 142 111341 141 111674 139 112007 138 112340 137 112673 137 113005 137 113338 136 113671 136 114004 135 114337 134 114670 134 115003 133 115336 133 115669 132 116002 132 116335 131 116668 131 117001 130 117334 130 117667 129 118000 129 118333 129 118666 128 118999 128 119332 127 119665 127 119998 126 120331 126 120664 125 120997 125 121330 124 121663 124 121995 124 122328 123 122661 122 122994 122 123327 121 123659 121 123992 121 124325 120 124658 119 124991 118 125324 118 125656 118 125989 117 126322 116 126655 116 126988 115 127320 115 127653 115 127986 114 128319 114 128651 114 128984 114 129317 113 129649 114 129982 113 130315 113 130648 113 130981 112 131313 113 131646 113 131979 112 132312 112 132645 112 132977 113 133310 112 133643 112 133976 112 134308 113 134641 113 134974 114 135307 114 135639 115 135972 115 136305 115 136638 116 136970 117 137303 118 137636 118 137969 118 138301 120 138634 121 138967 121 139300 122 139632 124 139965 125 140298 125 140631 126 140963 128 141296 129 141629 131 141962 132 142295 133 142627 135 142960 136 143293 137 143626 138 143958 140 144291 141 144624 142 144957 143 145289 145 145622 146 145955 146 146288 147 146621 148 146953 150 147286 151 147619 152 147952 153 148285 154 148618 156 148951 157 149284 159 149491 4 149617 162 149822 6 149951 165 150153 9 150284 172 150484 11 150617 175 150813 15 150950 179 151135 25 151283 210 151616 209 151949 208 152282 206 152615 205 152949 202 153282 200 153615 199 153948 198 154281 197 154614 196 154947 174 155133 8 155280 172 155614 168 155947 165 156280 164 156613 164 156946 165 157279 165 157613 165 157946 165 158279 166 158612 167 158945 168 159279 168 159612 170 159945 171 160279 171 160612 173 160945 174 161279 174 161612 175 161945 176 162279 176 162612 177 162946 177 163279 177 163613 176 163946 175 164280 173 164613 172 164947 170 165280 168 165614 166 165948 164 166281 163
samoyed_126,7320 1 7325 1 7650 10 7981 12 8312 14 8643 16 8974 18 9305 20 9637 21 9968 23 10300 24 10631 26 10963 27 11294 29 11626 30 11958 31 12289 33 12621 34 12953 35 13284 37 13616 38 13947 40 14279 41 14611 42 14942 44 15274 45 15606 46 15937 48 16268 50 16600 51 16931 53 17263 54 17594 56 17925 58 18257 59 18589 60 18920 62 19252 63 19583 65 19915 66 20246 68 20578 69 20909 71 21240 73 21572 74 21904 75 22235 77 22567 78 22899 79 23230 81 23562 82 23894 83 24225 85 24557 86 24889 87 25221 88 25553 89 25885 90 26217 91 26549 92 26881 93 27213 94 27546 94 27878 95 28210 96 28543 96 28875 97 29208 97 29540 98 29872 99 30205 99 30537 100 30870 100 31202 101 31534 102 31866 60 31933 36 32199 59 32268 34 32531 58 32602 33 32863 58 32935 33 33195 57 33269 32 33527 42 33576 1 33578 1 33580 1 33582 3 33602 32 33859 41 33915 3 33936 31 34191 40 34248 3 34269 31 34523 39 34575 10 34603 30 34855 39 34908 11 34936 30 35186 40 35240 12 35269 30 35517 42 35572 13 35602 30 35849 42 35903 15 35935 30 36181 42 36236 15 36268 30 36513 43 36568 17 36601 30 36845 43 36900 18 36934 30 37176 45 37233 18 37267 30 37507 47 37565 19 37600 30 37838 48 37897 20 37933 30 38169 50 38229 21 38266 30 38501 51 38562 21 38599 30 38832 54 38894 22 38932 30 39163 56 39227 22 39265 30 39495 58 39559 23 39598 30 39826 61 39891 23 39931 30 40157 90 40264 30 40487 92 40596 31 40817 95 40929 31 41148 96 41262 31 41478 99 41595 31 41808 101 41927 32 42138 104 42260 32 42468 107 42592 33 42798 109 42925 33 43129 110 43258 33 43459 113 43590 34 43789 115 43923 34 44120 117 44255 35 44451 118 44588 35 44782 120 44921 35 45113 121 45253 36 45444 123 45586 36 45776 123 45918 37 46108 124 46250 38 46441 123 46582 39 46773 124 46915 39 47106 123 47247 40 47438 124 47579 41 47771 123 47912 41 48103 124 48244 42 48436 124 48577 42 48768 124 48909 43 49101 124 49242 43 49434 124 49575 43 49766 125 49907 44 50099 125 50239 45 50431 126 50570 47 50764 126 50902 48 51096 128 51234 49 51429 128 51566 50 51761 131 51893 1 51897 52 52094 188 52426 189 52759 189 53091 190 53423 191 53755 192 54088 192 54420 193 54752 194 55084 195 55416 196 55748 197 56080 198 56412 199 56744 200 57076 201 57408 202 57740 203 58072 204 58403 206 58735 207 59067 208 59399 209 59730 211 60062 212 60393 214 60724 216 61056 217 61387 219 61717 222 62048 224 62379 226 62710 228 63042 229 63373 231 63705 232 64037 233 64368 235 64700 236 65032 237 65363 239 65695 240 66027 241 66358 243 66690 244 67020 247 67352 248 67684 249 68015 251 68347 252 68679 253 69011 254 69343 255 69675 256 70007 257 70340 257 70673 257 71006 257 71338 258 71671 258 72004 258 72337 258 72671 257 73005 256 73338 256 73672 255 74007 253 74341 252 74676 250 75011 248 75348 244 75685 240 76021 237 76357 234 76694 230 77029 228 77365 225 77699 224 78034 222 78369 220 78703 219 79038 217 79372 216 79706 215 80040 214 80374 213 80708 212 81042 211 81376 210 81710 209 82043 209 82377 208 82711 207 83045 206 83378 206 83712 205 84046 204 84379 204 84713 203 85046 203 85380 202 85714 201 86047 201 86380 201 86714 200 87047 200 87380 200 87713 200 88047 199 88380 199 88713 199 89046 199 89379 199 89712 199 90045 199 90378 199 90711 199 91044 199 91377 199 91710 199 92043 199 92376 199 92709 199 93042 199 93375 199 93707 200 94040 200 94373 200 94706 200 95039 200 95371 201 95704 201 96037 201 96369 202 96702 202 97035 202 97368 202 97700 203 98033 203 98365 204 98698 204 99030 205 99363 205 99695 206 100028 206 100360 207 100693 207 101025 208 101358 208 101690 209 102023 209 102356 209 102688 210 103021 210 103353 211 103686 211 104019 211 104352 211 104684 212 105017 212 105350 212 105683 212 106016 212 106348 213 106681 213 107014 213 107347 213 107680 213 108013 213 108345 214 108678 214 109010 215 109343 215 109675 216 110008 216 110341 216 110675 215 111008 215 111340 216 111663 223 111994 223 112326 221 112658 220 112990 219 113322 217 113654 217 113986 216 114318 215 114650 214 114982 212 115315 211 115647 210 115979 210 116311 209 116644 206 116976 204 117308 203 117641 201 117973 199 118305 198 118637 197 118969 195 119301 194 119633 193 119965 193 120298 191 120630 190 120962 189 121294 187 121626 186 121959 185 122291 184 122624 183 122956 183 123289 182 123622 181 123954 181 124287 181 124620 179 124953 179 125285 178 125618 177 125951 176 126284 174 126617 173 126950 171 127283 169 127616 167 127949 165 128282 162 128615 161 128948 158 129281 157 129614 155 129947 153 130280 152 130613 150 130946 149 131279 148 131612 146 131946 144 132279 143 132612 142 132945 141 133278 140 133611 139 133944 138 134277 138 134610 15 134632 115 134943 12 134966 113 135276 11 135300 111 135609 10 135633 111 135941 11 135967 109 136274 10 136300 109 136606 11 136633 108 136938 12 136966 107 137270 14 137299 106 137603 15 137632 105 137935 16 137965 104 138267 17 138297 104 138598 20 138630 103 138928 23 138963 101 139258 26 139296 99 139588 29 139628 99 139919 31 139961 97 140249 34 140294 96 140578 37 140627 95 140909 39 140960 94 141240 40 141292 94 141571 41 141625 93 141903 41 141958 92 142234 41 142290 92 142566 41 142623 91 142897 39 142956 89 143228 34 143289 88 143559 33 143622 85 143890 33 143955 83 144222 33 144288 81 144554 32 144622 78 144886 32 144955 76 145219 31 145289 73 145551 31 145622 70 145884 30 145956 67 146217 28 146290 64 146551 25 146625 60 146884 15 146959 57 147218 12 147294 51 147552 9 147629 45 147887 4 147964 39 148299 32 148633 27 148968 23 149304 14
Birman_69,240 157 741 156 1241 156 1741 156 2240 157 2740 157 3240 158 3739 159 4239 160 4739 160 5239 161 5739 161 6239 161 6739 162 7239 163 7738 164 8238 164 8738 165 9238 166 9738 166 10238 167 10738 168 11238 168 11737 170 12237 171 12737 171 13236 173 13736 173 14236 174 14735 176 15234 178 15734 179 16233 181 16733 182 17232 184 17731 186 18231 187 18730 190 19229 192 19728 194 20227 197 20726 199 21224 202 21723 204 22222 206 22721 208 23219 212 23718 213 24217 215 24715 218 25214 220 25713 222 26212 224 26710 227 27209 228 27708 230 28206 233 28705 234 29204 236 29702 239 30201 240 30700 242 31068 4 31198 245 31567 9 31697 247 32066 13 32196 249 32565 16 32694 251 33065 18 33193 253 33564 21 33692 255 34064 22 34190 258 34564 24 34689 260 35064 26 35187 263 35564 27 35686 265 36064 29 36184 267 36564 30 36682 270 37064 32 37180 273 37563 35 37677 276 38063 36 38175 279 38563 37 38672 283 39063 39 39170 286 39564 40 39669 287 40064 42 40166 291 40564 44 40664 294 41064 45 41163 296 41564 48 41660 300 42064 50 42158 302 42564 53 42656 305 43064 58 43150 312 43565 398 44065 398 44565 399 45065 400 45565 400 46066 400 46566 400 47066 401 47567 401 48067 401 48567 402 49067 402 49568 402 50068 402 50568 402 51068 403 51569 402 52069 403 52569 404 53070 403 53570 404 54070 405 54571 404 55071 405 55571 406 56072 405 56572 406 57072 406 57573 406 58073 406 58573 406 59074 406 59574 406 60074 406 60575 405 61075 405 61575 405 62076 405 62576 405 63076 405 63576 405 64077 404 64577 404 65078 403 65578 403 66078 403 66578 403 67079 402 67579 402 68079 402 68579 401 69079 401 69580 400 70080 400 70580 400 71080 400 71580 400 72081 399 72581 399 73081 399 73581 399 74081 399 74581 399 75082 398 75582 398 76082 398 76582 398 77083 397 77583 397 78083 397 78583 396 79084 395 79584 395 80084 395 80584 395 81085 394 81585 394 82085 394 82585 394 83086 393 83586 393 84085 394 84585 394 85085 394 85585 394 86085 394 86585 394 87085 394 87584 394 88084 394 88584 394 89083 395 89583 395 90083 395 90583 395 91083 395 91582 395 92082 395 92582 395 93082 394 93581 395 94081 395 94581 394 95081 394 95581 394 96081 393 96581 393 97080 393 97580 393 98080 393 98580 392 99080 392 99580 392 100080 391 100580 391 101080 391 101580 390 102080 390 102580 390 103081 388 103581 388 104081 388 104580 389 105080 388 105581 387 106081 387 106581 387 107081 387 107581 386 108081 386 108581 386 109081 385 109581 385 110081 385 110582 384 111082 384 111582 384 112083 382 112583 382 113083 382 113583 382 114084 381 114584 381 115084 381 115584 381 116084 381 116584 380 117084 380 117584 380 118085 379 118584 379 119084 379 119584 379 120084 379 120584 379 121084 378 121584 378 122084 378 122584 378 123084 378 123584 378 124083 379 124583 379 125083 378 125582 379 126082 379 126582 379 127081 380 127581 380 128080 381 128579 382 129079 382 129578 382 130078 382 130577 383 131077 383 131577 382 132076 383 132576 383 133076 383 133575 383 134075 383 134574 383 135074 383 135573 384 136072 384 136572 384 137071 384 137571 384 138070 384 138570 384 139070 383 139569 384 140069 383 140569 383 141068 384 141568 383 142068 383 142568 382 143068 382 143567 383 144067 383 144567 382 145067 382 145567 382 146067 381 146567 381 147067 380 147567 380 148067 380 148567 380 149067 380 149567 380 150066 382 150566 382 151066 382 151566 383 152066 383 152566 384 153065 385 153565 385 154065 386 154565 386 155064 388 155564 388 156064 389 156563 390 157063 390 157563 391 158063 391 158562 392 159062 392 159562 392 160062 393 160561 394 161061 394 161561 394 162060 395 162560 396 163060 396 163560 396 164060 396 164559 397 165059 397 165559 397 166059 397 166558 398 167058 398 167557 399 168057 399 168557 399 169056 400 169556 399 170055 400 170555 400 171054 401 171554 401 172054 401 172553 402 173052 403 173552 403 174051 404 174551 403 175050 404 175549 405 176049 405 176548 406 177048 406 177547 407 178046 408 178546 408 179045 408 179545 408 180044 409 180543 410 181043 410 181542 410 182042 410 182541 411 183040 412 183540 412 184039 55 184107 344 184538 51 184610 341 185038 45 185120 331 185537 43 185624 327 186037 40 186129 322 186536 39 186630 320 187036 37 187132 318 187535 36 187634 316 188035 34 188135 315 188534 33 188636 313 189034 31 189138 311 189533 31 189642 307 190032 30 190144 305 190532 28 190646 302 191032 27 191147 301 191531 26 191648 300 192031 24 192149 299 192531 23 192650 297 193030 22 193150 297 193530 21 193651 296 194029 20 194152 295 194529 18 194652 294 195029 17 195153 293 195529 16 195653 293 196029 14 196153 292 196529 12 196654 291 197029 10 197154 291 197529 8 197654 291 198030 4 198154 290 198654 290 199154 289 199654 289 200154 289 200654 289 201154 288 201654 288 202154 288 202654 287 203154 287 203654 287 204154 286 204653 287 205153 287 205653 286 206152 287 206652 286 207151 287 207650 287 208150 287 208649 288 209148 288 209648 288 210147 288 210647 288 211146 288 211646 288 212145 288 212644 289 213144 288 213643 289 214143 288 214642 288 215142 288 215642 287 216142 286 216642 285 217142 284 217642 283 218142 282 218642 280 219142 279 219642 277 220142 275 220642 272 221142 270 221642 268 222142 265 222642 263 223142 261 223642 259 224142 258 224642 257 225142 256 225642 255 226142 254 226642 254 227142 253 227642 252 228142 252 228642 251 229142 251 229642 251 230142 250 230642 250 231142 249 231642 249 232142 249 232642 248 233142 248 233642 248 234142 248 234642 248 235142 248 235643 247 236143 246 236643 246 237145 244 237649 1 237658 231 238164 225 238666 223 239169 219 239671 217 240172 216 240674 213 241175 212 241676 211 242177 210 242678 160 242839 47 243181 154 243340 46 243683 150 243840 46 244187 143 244341 45 244690 136 244841 45 245193 63 245268 53 245342 44 245694 59 245770 48 245843 42 246195 55 246272 44 246344 41 246696 53 246774 40 246845 40 247198 49 247276 35 247348 36 247699 46 247778 30 247850 34 248201 18 248228 16 248281 24 248351 32 248702 15 248730 14 248782 20 248851 32 249208 1 249210 4 249233 11 249283 18 249351 32 249735 8 249783 18 249850 33
shiba_inu_182,64546 16 64987 24 65426 33 65862 45 66299 55 66733 67 67172 75 67611 82 68051 88 68492 94 68933 99 69375 103 69817 107 70260 110 70702 114 71145 117 71587 120 71930 8 72030 123 72373 13 72472 127 72817 15 72915 129 73261 17 73358 131 73705 20 73800 134 74149 22 74243 136 74593 24 74685 140 75037 28 75127 143 75481 30 75569 147 75925 33 76012 150 76369 37 76453 154 76813 40 76895 158 77257 44 77336 163 77701 55 77776 170 77972 1 78148 63 78213 182 78405 21 78593 280 79039 281 79484 281 79929 282 80374 282 80819 283 81264 283 81709 283 82153 284 82598 284 83043 284 83488 284 83933 284 84377 285 84822 285 85267 285 85711 286 86156 285 86601 285 87046 285 87491 285 87935 286 88380 286 88825 286 89269 286 89714 286 90159 286 90603 287 91048 286 91492 287 91937 287 92381 288 92826 287 93270 288 93715 288 94159 288 94603 289 95048 288 95492 289 95936 289 96381 289 96825 290 97269 290 97713 291 98157 292 98602 292 99046 293 99490 294 99934 295 100378 296 100823 296 101267 297 101711 298 102155 300 102599 301 103043 302 103487 303 103931 304 104375 305 104819 306 105262 308 105706 309 106150 310 106594 311 107038 312 107482 313 107926 314 108370 315 108813 317 109257 318 109701 319 110145 319 110589 320 111033 321 111477 322 111921 323 112307 13 112365 323 112749 18 112809 324 113192 23 113253 324 113635 26 113697 325 114079 30 114141 325 114523 30 114584 327 114967 30 115028 327 115412 29 115472 327 115857 28 115916 327 116303 26 116360 328 116750 23 116804 328 117197 20 117248 328 117644 17 117692 328 118090 15 118136 328 118537 12 118580 328 118983 10 119024 328 119429 8 119468 328 119875 6 119912 327 120323 2 120356 327 120800 327 121244 327 121688 327 122132 327 122576 327 123020 327 123464 327 123908 327 124352 326 124796 326 125240 326 125684 326 126128 326 126572 325 127016 325 127460 325 127904 325 128348 324 128792 324 129236 324 129680 324 130124 323 130568 323 131012 323 131456 323 131900 322 132344 322 132788 322 133196 1 133232 321 133638 4 133676 321 134080 7 134120 320 134523 8 134564 320 134966 10 135008 320 135409 11 135452 319 135851 14 135896 319 136294 15 136341 317 136737 16 136785 317 137180 17 137229 316 137623 18 137673 316 138065 20 138117 315 138507 22 138561 315 138949 24 139005 314 139392 25 139449 313 139833 28 139894 312 140275 30 140338 311 140717 32 140782 311 141159 34 141226 311 141601 36 141670 310 142042 39 142114 310 142484 41 142559 308 142926 42 143003 308 143368 44 143447 307 143811 45 143892 306 144253 47 144336 305 144696 47 144780 305 145139 48 145224 304 145582 49 145668 303 146025 50 146113 302 146468 50 146557 301 146912 50 147001 301 147355 51 147445 300 147798 52 147890 299 148241 53 148334 298 148685 52 148778 298 149128 53 149222 297 149571 54 149666 296 150014 54 150111 295 150458 54 150555 295 150901 55 150999 294 151344 55 151443 294 151787 56 151887 293 152231 55 152331 292 152674 56 152775 292 153117 56 153219 291 153560 57 153663 291 154003 57 154107 290 154447 57 154551 289 154890 57 154995 289 155333 58 155439 288 155776 59 155882 288 156219 59 156326 287 156662 60 156770 287 157105 61 157214 286 157548 61 157657 286 157991 62 158101 286 158434 63 158544 287 158877 64 158988 286 159320 64 159431 287 159763 65 159874 287 160206 66 160318 287 160649 67 160761 288 161092 67 161204 289 161535 68 161647 290 161978 69 162090 291 162421 69 162534 291 162864 70 162977 291 163307 71 163420 292 163750 71 163863 293 164193 72 164306 295 164636 72 164750 295 165079 73 165193 296 165522 74 165636 297 165965 74 166079 298 166408 75 166523 298 166852 74 166966 299 167295 75 167410 299 167738 75 167853 299 168181 76 168297 299 168625 76 168741 298 169068 76 169184 299 169511 77 169628 298 169954 77 170072 298 170398 77 170516 297 170841 77 170960 297 171284 78 171404 296 171728 77 171848 295 172171 78 172292 295 172614 78 172736 294 173057 78 173181 292 173500 79 173626 291 173943 79 174071 289 174386 79 174516 288 174829 79 174962 285 175272 80 175408 283 175714 81 175855 40 175904 231 176157 81 176304 25 176357 222 176599 82 176753 13 176806 216 177041 84 177252 215 177483 85 177700 211 177925 86 178146 211 178366 88 178592 306 179039 302 179485 299 179932 296 180378 293 180825 289 181270 287 181716 285 182161 283 182607 280 183052 278 183497 276 183943 274 184388 272 184834 269 185279 267 185725 264 186170 262 186615 260 187060 259 187506 256 187950 255 188395 253 188840 251 189285 250 189730 248 190175 246 190620 244 191065 243 191509 242 191954 241 192399 239 192843 238 193288 237 193732 236 194177 235 194621 234 195066 232 195510 232 195955 230 196399 229 196844 228 197288 227 197733 225 198177 225 198622 223 199066 222 199511 221 199955 220 200400 218 200844 218 201289 216 201733 215 202177 215 202622 213 203066 212 203511 210 203955 209 204399 208 204844 207 205288 206 205733 204 206177 203 206621 202 207066 200 207510 199 207954 198 208398 197 208843 195 209287 194 209731 193 210176 191 210620 190 211064 189 211508 188 211953 186 212397 185 212841 184 213285 182 213730 180 214174 179 214618 178 215062 177 215507 174 215951 173 216395 172 216839 171 217283 170 217727 169 218171 168 218616 166 219060 165 219505 162 219949 161 220394 159 220837 160 221282 158 221726 157
english_setter_82,28331 1 28702 2 29072 3 29443 4 29814 4 30184 6 30555 6 30579 3 30926 7 30949 5 31297 7 31319 6 31667 9 31689 7 32038 10 32058 9 32409 30 32780 30 33151 30 33522 30 33893 30 34264 29 34635 29 35006 29 35376 29 35747 29 36118 28 36489 27 36859 28 37230 27 37601 26 37971 26 38342 26 38713 25 39083 25 39454 25 39824 25 40195 24 40565 25 40936 25 41307 24 41677 25 42048 25 42418 26 42788 26 43159 26 43529 27 43899 28 44269 29 44639 30 45009 30 45379 31 45749 32 46119 33 46231 4 46489 34 46601 6 46859 36 46971 11 47230 36 47341 13 47600 37 47711 15 47970 39 48081 16 48340 41 48451 17 48710 45 48821 18 49080 55 49157 7 49191 19 49450 63 49523 15 49561 20 49820 91 49930 21 50190 95 50299 23 50560 100 50664 29 50929 134 51300 134 51670 134 52040 133 52410 133 52780 134 53151 133 53521 134 53892 134 54262 134 54633 134 55004 131 55374 130 55745 128 56116 126 56487 124 56857 124 57228 123 57599 122 57970 121 58341 120 58712 119 59083 118 59453 118 59824 117 60195 117 60566 116 60937 116 61307 116 61678 115 62049 114 62420 113 62791 112 63162 112 63533 111 63904 110 64275 109 64646 107 65017 106 65388 103 65758 101 66129 100 66500 98 66871 97 67242 92 67613 90 67984 89 68355 87 68726 86 69097 85 69468 84 69839 83 70209 84 70580 83 70952 81 71323 81 71694 81 72065 81 72436 80 72806 81 73177 81 73548 80 73919 80 74290 80 74661 80 75032 80 75403 80 75774 80 76145 80 76516 80 76887 80 77258 81 77629 81 78000 81 78371 81 78743 80 79114 80 79485 81 79856 81 80227 81 80599 81 80970 81 81341 82 81712 82 82084 82 82455 82 82826 83 83197 83 83569 82 83940 83 84311 84 84682 84 85053 85 85425 84 85796 85 86167 86 86538 87 86909 87 87280 88 87651 89 88022 90 88394 90 88765 92 89136 92 89507 93 89878 94 90249 95 90620 95 90991 96 91363 95 91734 96 92105 97 92476 97 92847 98 93218 99 93589 101 93960 102 94331 103 94702 104 94836 13 95073 105 95205 20 95444 105 95575 25 95815 106 95945 30 96186 106 96315 32 96557 106 96686 33 96928 105 97056 35 97299 105 97426 36 97670 104 97795 37 98041 104 98165 36 98412 104 98542 25 98783 104 98914 19 99154 104 99286 15 99525 104 99658 12 99895 106 100031 9 100266 106 100403 6 100637 106 100776 2 101008 106 101379 106 101750 106 102121 105 102492 105 102863 105 103234 105 103605 105 103976 105 104347 105 104718 105 105089 105 105459 106 105830 106 106201 106 106572 107 106943 107 107314 107 107685 108 108056 109 108427 110 108798 111 109169 113 109540 117 109911 121 110282 123 110653 127 111024 130 111395 131 111766 133 112137 135 112508 137 112879 140 113250 142 113621 145 113992 148 114363 151 114734 153 115105 156 115476 157 115847 158 116218 159 116589 160 116960 160 117331 159 117702 158 118073 156 118444 150 118815 138 119186 133 119557 129 119928 127 120299 124 120670 121 121041 119 121412 118 121783 116 122153 116 122524 115 122895 114 123266 113 123637 113 124008 112 124379 111 124750 111 125121 110 125493 109 125864 108 126235 107 126606 107 126977 106 127348 105 127719 104 128090 103 128461 102 128832 100 129203 99 129574 98 129944 98 130315 97 130686 95 131058 93 131429 91 131800 88 132171 79 132542 76 132913 74 133284 73 133655 71 134026 70 134397 69 134768 67 135139 67 135510 66 135880 66 136251 65 136622 65 136993 64 137364 63 137735 63 138106 62 138477 62 138848 61 139219 61 139590 61 139961 60 140332 59 140703 59 141074 59 141445 59 141816 58 142187 58 142558 58 142929 57 143300 57 143671 57 144042 56 144413 56 144784 56 145155 56 145526 55 145897 53 146269 51 146640 49 147011 47 147382 46 147754 44 148125 43 148497 40 148868 38 149240 36 149613 31 149985 29 150357 26 150730 23 151102 21 151476 16 151852 9
pug_95,195 67 529 67 863 67 1197 66 1530 68 1863 69 2196 71 2530 71 2863 72 3196 73 3530 73 3862 75 4194 77 4525 81 4856 84 5189 86 5522 87 5855 89 6188 91 6520 93 6853 95 7186 96 7519 98 7851 100 8183 102 8515 104 8848 106 9180 108 9513 109 9846 110 10179 111 10511 113 10844 113 11177 114 11510 115 11843 116 12176 116 12509 117 12842 117 13176 116 13509 116 13842 116 14176 115 14509 115 14842 115 15176 114 15509 115 15842 115 16176 115 16509 115 16843 115 17176 116 17510 116 17844 116 18177 117 18511 117 18845 116 19178 117 19512 117 19846 117 20180 117 20514 117 20848 116 21183 115 21517 115 21851 115 22184 116 22519 115 22853 115 23188 114 23522 114 23856 114 24190 114 24524 114 24859 113 25193 112 25527 112 25861 111 26195 111 26529 110 26863 109 27197 108 27531 107 27865 106 28198 106 28532 105 28866 104 29200 103 29534 102 29868 101 30201 101 30535 100 30869 98 31203 97 31537 96 31871 94 32205 93 32539 91 32873 90 33207 88 33541 87 33875 85 34209 84 34543 83 34877 82 35211 81 35545 80 35879 78 36213 77 36547 76 36881 75 37215 74 37549 74 37884 73 38217 73 38551 73 38885 74 39218 74 39551 76 39882 79 40215 80 40547 83 40878 86 41209 90 41522 6 41542 92 41852 15 41875 94 42185 118 42517 121 42850 123 43182 126 43515 128 43847 131 44180 133 44512 137 44845 139 45177 143 45510 146 45843 150 46175 154 46508 158 46841 163 47173 169 47506 180 47839 197 48172 204 48505 212 48838 219 49170 225 49503 231 49836 236 50168 241 50501 245 50834 250 51167 254 51499 261 51832 265 52164 269 52497 273 52830 277 53162 279 53495 280 53828 281 54160 283 54493 284 54826 285 55159 286 55492 287 55825 288 56158 289 56491 290 56824 291 57157 292 57490 293 57824 293 58157 294 58490 295 58823 296 59156 297 59490 297 59823 298 60156 299 60489 300 60822 301 61156 301 61489 302 61822 303 62155 304 62488 305 62821 306 63155 306 63488 307 63821 308 64154 309 64487 310 64820 311 65153 312 65486 313 65819 314 66152 315 66485 316 66818 317 67150 319 67482 321 67815 322 68148 323 68481 324 68814 325 69148 325 69481 326 69815 326 70148 327 70482 327 70816 327 71149 328 71483 328 71816 329 72150 329 72483 330 72817 330 73151 330 73484 331 73818 331 74152 332 74485 333 74819 33396 108217 330 108551 328 108885 325 109219 322 109553 320 109887 319 110221 317 110555 316 110889 314 111223 307 111557 304 111891 303 112225 301 112559 300 112893 299 113227 297 113561 291 113895 285 114229 283 114563 282 114897 280 115231 279 115565 278 115899 278 116233 277 116567 276 116901 276 117238 273 117572 272 117907 271 118241 271 118576 270 118910 270 119194 3 119245 269 119526 7 119579 269 119858 11 119913 268 120191 13 120248 266 120525 14 120582 267 120857 16 120917 269 121189 20 121251 292 121586 292 121920 293 122254 294 122589 294 122923 295 123258 295 123592 298 123927 303 124262 305 124596 308 124931 311 125265 314 125600 314 125934 316 126269 318 126603 318 126937 318 127272 317 127606 317 127940 317 128274 317 128608 317 128943 316 129277 316 129611 316 129946 315 130280 315 130614 315 130949 314 131283 314 131618 313 131952 313 132286 313 132621 312 132955 312 133289 312 133624 311 133958 311 134293 310 134627 310 134961 310 135296 309 135631 308 135965 308 136300 307 136634 307 136969 306 137304 305 137638 305 137973 304 138308 77 138405 206 138643 69 138751 189 138978 62 139091 182 139312 60 139436 169 139647 58 139778 155 139982 56 140117 143 140317 54 140455 137 140652 52 140793 131 140987 50 141129 126 141322 49 141468 119 141657 48 141805 113 141992 46 142141 108 142327 45 142477 104 142662 44 142813 98 142998 42 143149 93 143333 41 143485 88 143668 40 143823 81 144003 39 144161 72 144338 38 144499 10 144553 3 144674 36 145009 35 145344 35 145679 34 146014 33 146349 32 146685 31 147020 30 147356 29 147691 29 148026 28 148362 27 148697 28 149032 28 149367 29 149702 31 150037 33 150372 37 150707 39 151042 40 151377 41 151712 41 152047 41 152382 41 152717 40 153052 39 153388 37 153723 35 154058 33 154393 30 154728 27 155064 23 155399 20 155734 17 156070 12 156407 6
Bombay_20,177 93 510 97 843 101 1176 103 1509 108 1842 112 2175 120 2508 129 2841 134 3174 138 3508 140 3841 142 4174 144 4507 147 4840 149 5174 150 5507 153 5841 155 6174 158 6508 161 6841 164 7175 166 7508 169 7842 170 8175 173 8509 174 8842 176 9176 176 9510 177 9843 178 10177 178 10511 178 10844 179 11178 179 11512 179 11845 180 12179 180 12513 180 12846 181 13180 181 13514 181 13847 182 14181 182 14514 183 14848 183 15181 184 15515 184 15849 184 16182 185 16516 185 16850 185 17183 186 17517 186 17850 187 18184 187 18518 187 18851 188 19185 188 19518 189 19852 189 20185 189 20519 189 20852 188 21186 187 21520 185 21853 185 22187 183 22520 183 22854 181 23187 180 23521 177 23854 177 24188 173 24521 172 24855 170 25188 168 25522 166 25855 164 26189 161 26522 159 26856 154 27189 153 27523 151 27856 151 28190 149 28523 150 28857 149 29190 149 29524 148 29857 149 30191 148 30525 148 30858 148 31192 148 31526 147 31859 148 32193 148 32527 147 32860 148 33194 148 33528 147 33861 148 34195 148 34529 147 34862 148 35196 148 35530 148 35864 147 36197 148 36531 148 36865 148 37198 148 37532 148 37866 148 38200 147 38533 148 38867 147 39201 147 39535 147 39869 146 40203 145 40537 145 40870 145 41204 145 41538 144 41872 143 42206 142 42540 142 42874 141 43208 140 43542 139 43876 138 44209 138 44543 137 44877 136 45211 136 45545 135 45879 134 46213 134 46547 133 46881 133 47215 132 47549 132 47883 131 48217 131 48551 131 48884 131 49218 131 49552 131 49886 130 50220 130 50554 129 50888 129 51222 129 51556 128 51890 128 52224 128 52557 128 52891 128 53225 127 53559 127 53893 127 54227 126 54561 126 54895 125 55229 125 55562 125 55896 125 56230 124 56564 124 56898 123 57232 123 57566 122 57900 122 58233 122 58567 122 58901 122 59235 121 59569 121 59903 120 60236 121 60570 121 60904 120 61238 120 61572 120 61906 120 62239 120 62573 120 62907 120 63241 120 63575 120 63909 119 64242 120 64576 120 64910 120 65244 120 65578 120 65912 119 66245 120 66579 120 66913 120 67247 120 67581 120 67915 120 68249 120 68583 120 68916 121 69250 121 69584 122 69918 122 70252 122 70586 122 70920 123 71254 123 71588 124 71922 125 72256 126 72590 126 72923 128 73257 129 73591 130 73925 131 74259 133 74593 134 74927 135 75261 136 75595 138 75929 139 76263 141 76597 142 76931 144 77264 146 77598 148 77932 149 78266 151 78600 152 78934 154 79267 156 79601 158 79935 159 80269 161 80602 164 80936 165 81269 168 81603 169 81892 5 81936 171 82226 7 82269 174 82560 10 82602 177 82894 11 82935 130 83066 48 83228 14 83267 129 83405 44 83562 17 83598 129 83744 41 83897 19 83928 132 84080 41 84231 163 84417 40 84565 162 84753 40 84899 161 85089 40 85234 160 85425 40 85568 159 85762 39 85902 159 86098 38 86237 157 86434 37 86571 157 86770 36 86905 156 87106 36 87239 156 87444 33 87573 155 87781 31 87908 154 88117 30 88242 154 88453 28 88576 153 88789 27 88910 153 89125 26 89244 152 89461 25 89578 74 89660 70 89797 24 89912 73 89998 65 90133 23 90246 73 90342 55 90469 21 90580 72 90678 52 90806 19 90914 72 91013 51 91142 17 91248 72 91348 49 91479 14 91582 72 91682 49 91817 9 91916 72 92017 47 92154 4 92250 72 92351 47 92584 73 92685 47 92918 73 93019 46 93252 73 93353 46 93586 74 93687 45 93920 74 94021 45 94254 74 94355 45 94588 74 94688 45 94922 74 95021 46 95256 75 95354 47 95590 75 95686 49 95924 75 96017 52 96258 75 96347 55 96592 75 96678 58 96926 76 97010 60 97260 78 97343 61 97594 79 97676 62 97928 144 98262 144 98596 144 98930 144 99264 144 99598 144 99931 145 100265 145 100599 146 100933 146 101267 146 101601 146 101935 147 102268 148 102602 148 102936 149 103270 149 103604 150 103938 150 104272 70 104351 72 104607 64 104689 68 104942 57 105026 66 105280 50 105364 62 105619 41 105701 59 105960 29 106038 57 106298 11 106374 55 106711 53 107048 51 107384 49 107721 47 108057 45 108393 44 108731 40 109068 38 109405 35 109743 32 110079 30 110415 29 110751 27 111086 27 111421 27 111757 25 112092 24 112426 25 112761 24 113096 24 113431 23 113766 23 114101 22 114435 22 114770 22 115105 21 115440 21 115774 21 116109 20 116444 20 116778 20 117113 19 117448 19 117782 19 118117 18 118452 17 118787 17 119121 17 119456 16 119790 17 120125 16 120460 15 120794 16 121129 15 121464 15 121798 15 122133 15 122467 15 122802 14 123137 14 123471 14 123806 13 124140 14 124475 13 124809 13 125144 12 125479 12 125813 12 126148 11 126482 11 126817 11 127151 11 127486 10 127821 9 128155 10 128490 9 128824 9 129158 9 129493 8 129827 8 130162 7 130497 6 130831 6 131166 6 131500 6 131835 5 132170 4 132505 3 132840 2
yorkshire_terrier_39,291 83 791 84 1291 84 1791 85 2291 85 2791 85 3291 85 3791 85 4291 85 4792 84 5292 84 5792 84 6292 84 6792 84 7292 83 7792 83 8292 83 8792 82 9292 82 9792 81 10292 81 10793 79 11293 79 11793 78 12293 78 12793 77 13293 77 13793 76 14293 76 14793 75 15293 75 15793 74 16292 74 16792 74 17292 74 17791 74 18291 74 18791 74 19290 75 19790 74 20289 75 20788 76 21288 76 21787 77 22287 77 22787 76 23287 76 23786 77 24286 77 24786 77 25286 77 25786 77 26286 77 26786 77 27286 77 27786 77 28286 78 28786 78 29286 78 29786 78 30286 78 30785 79 31285 79 31785 79 32285 79 32785 79 33284 80 33784 81 34284 81 34783 82 35283 82 35782 83 36282 83 36781 84 37280 85 37779 86 38278 87 38776 89 39274 91 39772 94 40269 97 40765 101 41182 11 41259 107 41677 21 41735 132 42174 27 42230 137 42672 32 42727 141 43171 36 43223 146 43670 43 43717 152 44168 202 44666 205 45165 206 45663 209 46162 211 46660 214 47159 216 47658 218 48157 220 48656 222 49155 224 49654 225 50153 227 50652 228 51151 230 51650 231 52148 234 52647 235 53145 237 53642 241 54139 244 54633 251 55112 272 55607 277 56104 281 56601 284 57099 287 57597 290 58095 292 58594 294 59092 296 59591 298 60090 299 60588 302 61087 304 61586 305 62085 307 62585 308 63084 309 63583 311 64082 313 64581 315 65080 316 65580 317 66079 319 66578 320 67077 322 67576 323 68075 325 68574 326 69073 328 69572 329 70071 331 70570 332 71069 333 71568 335 72068 335 72567 336 73066 337 73566 337 74066 336 74565 337 75065 336 75564 337 76063 338 76563 337 77062 337 77561 337 78061 336 78560 336 79060 335 79559 335 80059 334 80559 333 81058 333 81558 332 82057 332 82556 332 83055 333 83555 332 84054 332 84553 333 85052 334 85552 333 86052 333 86551 333 87051 333 87550 333 88050 333 88550 332 89050 332 89550 332 90050 331 90550 331 91050 331 91551 330 92051 330 92552 329 93053 328 93554 326 94055 325 94556 324 95056 324 95557 323 96058 322 96558 321 97059 320 97559 320 98060 318 98560 318 99060 318 99560 318 100060 318 100561 317 101061 317 101561 317 102061 318 102561 318 103061 318 103561 318 104061 318 104561 318 105062 317 105562 317 106062 317 106562 317 107063 316 107563 316 108064 314 108565 313 109065 313 109566 312 110067 311 110568 310 111068 310 111569 309 112070 307 112570 307 113070 307 113571 306 114071 306 114571 306 115071 306 115571 306 116071 306 116570 307 117070 307 117569 308 118067 310 118566 311 119064 313 119557 320 120054 323 120552 324 121051 325 121551 325 122050 326 122550 326 123050 326 123550 326 124050 327 124551 326 125052 326 125552 327 126053 327 126553 329 127054 328 127555 328 128055 329 128556 328 129057 328 129557 329 130058 328 130558 328 131059 328 131559 329 132059 330 132560 329 133060 330 133561 330 134061 331 134561 333 135061 334 135562 333 136062 334 136562 334 137062 334 137562 333 138062 332 138562 314 138883 8 139063 312 139563 310 140063 309 140563 307 141063 306 141563 306 142063 305 142563 305 143063 303 143563 303 144064 301 144564 300 145064 300 145564 299 146064 299 146565 298 147065 241 147318 44 147565 238 147823 39 148065 235 148327 34 148565 233 148831 30 149065 231 149333 27 149565 229 149836 24 150066 226 150338 21 150566 224 150841 17 151067 221 151343 14 151567 220 151846 9 152068 217 152568 215 153069 213 153569 211 154070 208 154571 206 155072 203 155573 199 156074 196 156575 193 157076 189 157577 186 158078 183 158579 181 159080 178 159581 176 160082 174 160583 172 161085 169 161586 166 162087 164 162588 162 163090 159 163591 156 164093 153 164594 151 165096 147 165597 145 166099 142 166601 139 167102 136 167604 133 168106 130 168607 128 169109 125 169611 122 170112 120 170613 117 171115 114 171617 111 172118 109 172620 106 173122 103 173624 99 174127 95 174630 90 175134 85 175637 80 176140 74 176643 69 177145 65 177647 60 178149 56 178651 52 179153 47 179656 15
japanese_chin_141,60494 6 60826 10 61159 12 61492 14 61825 16 62158 18 62490 21 62823 23 63155 26 63487 29 63819 32 64151 35 64484 37 64817 39 64985 33 65150 41 65261 6 65303 56 65483 43 65588 20 65627 68 65816 45 65915 35 65953 81 66149 47 66246 126 66482 49 66576 133 66816 49 66907 142 67149 51 67238 151 67483 52 67566 164 67817 53 67892 176 68150 55 68225 179 68484 56 68558 182 68818 57 68891 184 69151 59 69225 186 69485 60 69560 186 69818 61 69896 185 70152 62 70231 185 70485 64 70567 185 70802 3 70819 64 70903 185 71134 6 71153 64 71238 185 71467 7 71487 65 71573 186 71800 9 71821 65 71908 186 72133 10 72155 66 72242 188 72465 12 72490 66 72577 158 72741 26 72797 13 72824 66 72912 155 73078 24 73130 14 73158 67 73246 154 73419 20 73461 17 73492 68 73580 153 73756 20 73790 20 73826 68 73914 152 74092 21 74121 22 74160 68 74248 152 74429 46 74494 69 74582 151 74765 43 74828 69 74916 151 75102 37 75162 70 75250 151 75441 29 75496 71 75584 151 75777 25 75830 71 75918 150 76113 20 76165 70 76252 150 76452 10 76499 70 76586 150 76833 70 76919 151 77167 70 77253 151 77502 68 77587 151 77836 68 77920 152 78170 67 78254 152 78504 66 78588 152 78838 66 78921 153 79172 66 79255 153 79506 65 79588 154 79840 65 79921 155 80174 65 80255 155 80509 64 80588 157 80843 63 80921 158 81177 64 81254 159 81511 64 81588 159 81845 64 81921 160 82179 64 82255 160 82513 64 82589 160 82847 65 82923 160 83181 65 83258 159 83515 65 83592 159 83849 65 83927 158 84183 65 84265 154 84517 66 84602 151 84851 66 84937 150 85185 67 85272 150 85519 67 85606 150 85853 67 85941 149 86187 67 86275 150 86521 67 86609 151 86855 66 86944 150 87189 65 87278 151 87523 60 87584 1 87613 150 87857 59 87947 150 88191 57 88282 149 88525 55 88616 149 88860 52 88950 149 89194 49 89284 149 89528 47 89619 148 89862 44 89953 149 90196 42 90287 149 90530 40 90621 150 90865 36 90955 150 91199 31 91290 149 91533 25 91624 150 91868 21 91958 150 92202 19 92292 151 92537 16 92627 150 92872 12 92961 151 93296 150 93630 151 93965 150 94299 150 94634 150 94969 149 95304 149 95495 17 95639 149 95824 29 95974 149 96155 33 96309 149 96483 40 96644 153 96808 50 96979 191 97171 21 97314 180 97510 16 97649 175 97847 13 97984 172 98185 9 98320 167 98521 5 98656 164 98992 160 99354 131 99690 128 100026 124 100362 119 100697 110 101034 96 101373 87 101713 78 102053 68 102391 57 102728 51 103066 42 103408 28 103751 10
Russian_Blue_75,6765 8 7088 12 7412 15 7736 18 8061 19 8385 21 8711 22 9036 23 9361 24 9686 25 10011 26 10336 27 10662 27 10987 27 11313 27 11638 28 11963 29 12289 29 12614 30 12939 30 13265 30 13590 31 13915 32 14241 31 14566 32 14891 32 15216 33 15541 33 15866 34 16191 34 16516 34 16842 33 17167 34 17492 34 17817 34 18142 34 18467 34 18792 34 19118 33 19443 33 19768 33 20092 34 20417 35 20742 35 21067 35 21392 35 21717 35 22041 35 22366 35 22690 36 23015 36 23340 36 23664 37 23989 37 24314 37 24638 38 24963 38 25288 38 25612 39 25937 39 26261 40 26586 41 26910 42 27234 43 27559 43 27883 44 28207 46 28532 46 28856 47 29180 49 29435 3 29504 50 29758 8 29829 51 30083 10 30152 54 30407 13 30477 54 30732 15 30801 56 31057 17 31125 58 31382 18 31449 60 31707 19 31773 62 32033 19 32097 64 32358 21 32422 65 32684 21 32745 68 33009 23 33070 69 33335 24 33394 71 33661 24 33718 73 33986 28 34042 76 34312 31 34366 78 34638 40 34689 81 34963 134 35289 134 35615 135 35941 135 36266 137 36592 138 36918 138 37244 139 37569 141 37895 142 38221 142 38547 143 38873 144 39199 145 39525 146 39851 146 40177 148 40504 147 40831 147 41158 147 41485 147 41815 144 42142 144 42467 145 42791 148 43114 1 43116 150 43439 153 43763 156 44087 159 44411 161 44737 162 45063 162 45389 163 45716 162 46042 163 46369 162 46696 161 47022 162 47349 161 47676 160 48003 160 48329 160 48656 160 48983 159 49310 158 49637 158 49964 157 50290 157 50617 156 50944 156 51271 155 51597 155 51924 154 52251 154 52577 154 52904 153 53231 152 53557 152 53884 151 54210 151 54536 152 54863 151 55189 151 55515 151 55841 151 56168 150 56494 150 56820 150 57146 150 57472 150 57798 150 58124 151 58450 151 58777 150 59103 150 59429 150 59755 150 60081 150 60407 150 60733 150 61059 150 61385 150 61711 150 62037 150 62363 150 62689 150 63015 150 63341 150 63667 150 63993 150 64320 149 64646 149 64972 149 65298 149 65624 149 65950 149 66276 150 66602 150 66928 150 67254 150 67580 150 67906 151 68232 151 68558 151 68884 152 69210 152 69536 153 69863 152 70189 153 70515 154 70841 155 71167 156 71493 158 71819 160 72145 163 72471 168 72797 178 73123 184 73449 188 73775 190 74101 193 74427 196 74753 198 75079 201 75405 204 75731 205 76057 206 76383 207 76709 208 77035 209 77361 209 77687 210 78013 210 78339 211 78665 211 78991 212 79317 212 79643 212 79968 213 80294 214 80620 214 80946 147 81106 54 81272 142 81437 49 81597 139 81767 45 81923 137 82095 43 82249 134 82423 41 82575 130 82752 38 82901 127 83079 37 83226 122 83407 35 83552 95 83735 32 83878 91 84062 31 84204 86 84390 29 84530 82 84717 27 84856 79 85044 26 85181 77 85372 23 85507 75 85699 21 85833 73 86027 18 86159 70 86356 13 86484 70 86686 7 86810 67 87136 65 87461 63 87787 61 88112 61 88438 60 88763 61 89089 60 89415 59 89740 60 90066 59 90392 58 90718 58 91043 59 91369 58 91695 58 92021 57 92346 58 92672 57 92997 58 93323 57 93648 58 93973 58 94299 58 94624 58 94949 58 95274 58 95599 59 95925 58 96250 57 96575 57 96900 57 97225 56 97550 54 97876 52 98201 51 98526 50 98852 49 99178 47 99504 46 99831 41 100157 38 100486 32 100814 23 101143 15
Birman_166,57138 13 57467 22 57796 31 57841 6 58123 62 58449 73 58777 81 59107 87 59436 93 59766 98 60096 103 60427 108 60758 112 61089 116 61420 120 61752 123 62083 128 62414 132 62746 137 63003 4 63077 142 63334 9 63408 145 63667 13 63738 150 63999 18 64066 157 64332 23 64359 14 64396 161 64665 44 64724 167 64998 49 65052 172 65332 225 65665 225 65998 225 66332 224 66665 224 66999 223 67332 222 67666 221 67999 221 68333 220 68666 219 69000 218 69334 217 69667 217 70000 217 70334 216 70667 216 71000 216 71334 215 71667 215 72000 215 72333 215 72667 214 73000 214 73333 215 73666 215 73999 215 74332 215 74665 216 74998 216 75331 216 75664 217 75997 218 76330 218 76663 219 76995 221 77328 221 77661 222 77994 222 78326 224 78659 224 78992 225 79325 225 79657 227 79990 227 80323 227 80656 227 80989 227 81322 227 81655 227 81988 227 82321 227 82654 115 82779 102 82987 112 83115 22 83150 64 83320 110 83450 13 83486 61 83653 109 83787 5 83820 61 83986 109 84154 60 84319 108 84488 59 84652 108 84821 59 84985 108 85155 59 85318 108 85488 59 85651 108 85821 59 85984 108 86154 59 86317 109 86487 59 86650 109 86820 58 86983 110 87153 58 87316 111 87486 58 87649 113 87819 58 87982 114 88152 57 88315 116 88484 58 88648 118 88817 57 88981 120 89149 57 89313 122 89481 40 89646 124 89813 39 89979 126 90145 39 90312 128 90477 40 90644 133 90808 41 90977 137 91134 47 91310 140 91461 52 91642 202 91975 201 92307 201 92639 201 92972 200 93304 200 93636 200 93969 199 94301 200 94633 201 94965 202 95297 203 95630 203 95962 205 96294 211 96627 217 96959 223 97185 1 97292 230 97624 232 97957 233 98290 233 98623 234 98956 234 99290 234 99624 11 99641 216 99978 213 100313 211 100647 211 100981 210 101315 209 101649 208 101983 208 102317 5 102325 199 102660 197 102995 195 103329 194 103611 2 103662 194 103938 13 103954 8 103996 193 104267 30 104329 65 104410 112 104600 30 104662 56 104745 110 104938 26 104995 54 105080 108 105277 20 105328 51 105415 106 105623 6 105663 48 105750 20 105783 70 105998 44 106120 66 106334 40 106456 63 106671 34 106793 59 107007 30 107131 53 107342 27 107468 49 107677 18 107805 32 107841 8 108015 7 108143 25 108178 1 108480 20 108818 13 112098 9 112429 17 112761 26 113094 36 113429 38 113764 42 114105 43 114446 42 114785 49 115142 33 115480 34 115819 34 116155 34 116492 33 116829 30 117167 26 117504 21 117846 9
Russian_Blue_62,26046 6 26374 15 26701 31 27030 42 27358 49 27685 56 27981 12 28010 64 28305 103 28632 109 28962 112 29291 116 29620 120 29949 123 30274 131 30603 134 30931 139 31258 144 31585 150 31914 153 32244 156 32574 158 32905 160 33236 162 33567 164 33898 166 34230 167 34562 168 34893 170 35224 172 35555 174 35885 176 36215 178 36546 179 36877 180 37208 181 37540 182 37871 183 38203 183 38535 183 38867 183 39199 183 39531 182 39863 182 40195 181 40527 180 40859 177 41191 175 41524 172 41856 170 42188 170 42520 170 42852 169 43184 169 43517 168 43849 167 44181 167 44513 167 44845 167 45177 167 45509 167 45840 168 46172 167 46504 167 46835 168 47167 167 47498 168 47830 167 48161 168 48492 168 48824 168 49155 168 49486 169 49817 169 50149 169 50480 169 50811 169 51142 170 51474 170 51805 175 52136 178 52467 181 52798 183 53129 185 53460 189 53792 195 54123 202 54453 207 54784 212 55115 215 55445 219 55777 221 56109 223 56441 224 56773 227 57105 229 57437 232 57769 235 58101 238 58433 241 58765 244 59097 247 59429 250 59761 254 60093 259 60425 264 60757 269 61089 273 61421 277 61753 281 62085 287 62417 293 62749 297 63081 302 63413 306 63745 310 64077 314 64409 322 64741 326 65073 329 65405 330 65738 330 66072 329 66407 326 66742 323 67075 322 67407 322 67740 321 68072 321 68405 320 68737 320 69069 320 69402 319 69734 319 70066 319 70398 319 70731 318 71063 318 71396 317 71728 317 72061 315 72394 315 72726 315 73059 314 73392 313 73724 313 74057 312 74390 311 74722 311 75055 310 75387 310 75720 309 76052 309 76384 309 76716 309 77048 309 77380 309 77712 309 78044 309 78376 309 78708 309 79040 309 79371 310 79703 310 80035 310 80366 311 80695 314 81023 318 81354 319 81685 320 82016 321 82348 321 82679 322 83010 323 83342 323 83673 324 84004 325 84333 328 84664 329 84996 329 85327 330 85658 331 85990 329 86322 326 86653 323 86985 319 87317 315 87649 311 87981 309 88313 305 88645 301 88977 298 89309 293 89641 288 89973 285 90305 281 90637 278 90969 274 91301 268 91633 264 91965 73 92039 186 92297 73 92372 179 92629 73 92704 169 92961 73 93038 160 93293 73 93371 153 93625 72 93703 150 93957 72 94035 146 94289 72 94368 140 94621 72 94700 135 94953 72 95032 130 95285 72 95364 126 95617 73 95696 123 95949 73 96028 118 96281 74 96360 115 96613 74 96692 109 96945 75 97024 39 97083 40 97277 75 97356 37 97420 30 97609 75 97688 34 97757 11 97941 75 98020 32 98273 75 98352 31 98605 75 98684 29 98937 75 99016 28 99269 75 99348 26 99601 75 99679 25 99933 75 100011 24 100265 74 100343 22 100597 74 100675 21 100930 1 100932 71 101007 20 101265 70 101339 19 101599 68 101671 19 101932 67 102003 18 102264 66 102335 1 102338 15 102597 65 102670 15 102930 64 103002 14 103262 64 103334 14 103595 63 103666 14 103928 61 103999 13 104261 60 104331 13 104594 59 104663 13 104927 57 104995 13 105261 55 105328 12 105594 54 105660 12 105929 51 105992 13 106263 48 106325 12 106597 46 106657 12 106930 45 106989 12 107265 41 107321 12 107599 39 107653 13 107933 37 107985 13 108268 34 108316 14 108602 32 108648 14 108937 29 108980 14 109272 26 109312 14 109606 24 109643 16 109944 18 109974 17 110280 15 110306 17 110614 13 110637 18 110948 12 110967 20 111282 11 111298 21 111615 36 111948 35 112281 34 112614 33 112947 32 113279 32 113612 31 113944 31 114277 30 114609 30 114941 29 115274 28 115606 28 115938 28 116270 27 116602 27 116935 26 117267 25 117599 25 117931 24 118263 24 118595 23 118928 22 119260 21 119592 21 119924 20 120256 20 120588 19 120920 18 121253 17 121585 16 121917 16 122249 15 122582 14 122914 13 123246 12 123578 12 123911 10 124243 10 124575 9 124907 9 125240 8 125572 7 125904 7 126237 6 126569 6 126901 5 127233 5 127566 4 127898 4 128230 3 128562 3 128895 2 129227 2
american_bulldog_24,25695 6 26189 15 26683 24 27180 30 27676 35 28173 40 28420 11 28606 20 28669 46 28913 24 29100 33 29163 53 29408 34 29597 121 29904 43 30094 125 30400 53 30592 128 30896 62 31090 132 31392 71 31588 135 31886 80 32087 137 32377 90 32586 140 32870 98 33085 142 33365 104 33584 144 33861 109 34084 145 34357 113 34583 147 34853 118 35082 149 35349 122 35582 150 35846 126 36082 151 36343 129 36581 152 36841 131 37081 152 37339 133 37581 152 37837 136 38081 152 38335 138 38580 153 38831 142 39080 153 39324 149 39580 153 39819 154 40080 152 40315 159 40580 152 40812 162 41080 152 41310 164 41580 152 41808 166 42080 152 42306 168 42579 153 42803 171 43079 153 43301 173 43579 153 43799 175 44079 153 44296 178 44579 154 44794 180 45078 156 45290 184 45578 158 45786 188 46077 161 46259 9 46279 195 46576 398 47076 398 47576 398 48075 399 48574 400 49074 400 49573 401 50073 401 50572 402 51071 403 51571 403 52071 403 52570 404 53070 404 53570 405 54069 163 54235 240 54569 161 54739 236 55069 159 55241 234 55568 159 55743 232 56068 158 56245 230 56568 157 56746 229 57068 157 57247 229 57568 157 57748 228 58068 157 58249 227 58568 157 58750 226 59068 158 59251 226 59568 158 59751 226 60068 159 60252 225 60568 159 60752 225 61068 159 61253 224 61568 159 61753 224 62069 158 62254 223 62569 158 62754 223 63069 158 63254 223 63570 157 63755 222 64070 157 64255 222 64570 157 64755 222 65070 158 65255 222 65570 159 65755 222 66071 158 66255 222 66571 158 66754 223 67071 159 67254 223 67571 159 67754 223 68071 159 68254 223 68571 159 68754 223 69072 158 69256 221 69572 157 69759 219 70072 157 70261 217 70572 156 70763 215 71072 156 71264 214 71573 154 71765 212 72073 154 72265 212 72573 153 72766 211 73073 153 73266 211 73573 153 73766 211 74073 153 74265 212 74573 153 74765 212 75073 153 75264 213 75573 153 75763 214 76073 153 76262 215 76573 152 76761 217 77073 152 77259 219 77573 151 77757 221 78073 151 78256 222 78573 150 78754 224 79073 150 79253 225 79573 150 79752 225 80073 150 80250 228 80573 150 80749 229 81073 151 81247 231 81573 151 81746 232 82073 152 82244 234 82574 151 82742 236 83074 153 83240 238 83574 155 83738 240 84074 404 84574 404 85074 404 85574 404 86074 404 86574 404 87074 404 87574 404 88074 404 88574 404 89074 404 89574 404 90074 404 90573 405 91073 405 91573 405 92073 405 92573 405 93074 404 93574 404 94074 404 94574 404 95074 404 95575 403 96075 403 96575 403 97075 403 97575 403 98075 403 98575 403 99075 403 99575 403 100075 403 100575 403 101075 403 101575 403 102075 403 102575 403 103076 402 103576 402 104076 402 104576 402 105076 402 105576 402 106077 401 106577 401 107077 401 107577 401 108078 399 108578 399 109079 398 109579 398 110079 398 110580 396 111081 395 111581 394 112082 393 112582 393 113083 391 113584 390 114085 388 114585 388 115086 387 115587 386 116087 385 116588 384 117089 382 117589 382 118089 381 118590 379 119090 379 119591 377 120092 375 120592 75 120684 283 121092 73 121188 279 121593 69 121694 273 122093 67 122198 269 122594 64 122703 264 123094 62 123208 259 123595 60 123717 251 124095 58 124225 243 124596 56 124733 235 125096 55 125239 229 125596 53 125743 225 126096 52 126247 221 126596 51 126750 218 127097 49 127253 215 127597 47 127756 212 128097 46 128258 210 128597 44 128760 208 129097 43 129262 206 129598 40 129763 205 130098 38 130265 203 130598 36 130767 201 131098 35 131268 200 131599 32 131770 198 132099 29 132272 196 132599 28 132774 194 133100 25 133275 193 133600 24 133777 190 134101 21 134279 188 134601 20 134781 186 135102 18 135283 184 135603 15 135785 182 136104 13 136288 179 136606 9 136790 177 137109 2 137292 175 137794 173 138295 173 138797 171 139298 170 139800 168 140301 167 140802 166 141303 165 141804 164 142305 163 142806 163 143307 162 143808 162 144309 161 144810 161 145312 159 145813 159 146314 158 146815 158 147317 156 147818 155 148320 154 148822 152 149324 150 149825 149 150327 147 150829 145 151331 143 151833 140 152336 137 152838 135 153341 132 153843 130 154345 128 154846 127 155348 124 155850 122 156351 121 156853 119 157356 115 157862 106 158380 79
shiba_inu_108,33390 13 33885 31 34383 43 34471 17 34881 114 35379 122 35877 124 36376 125 36875 126 37373 128 37872 129 38371 130 38620 6 38870 131 39118 12 39369 132 39618 15 39868 133 40118 18 40366 135 40617 22 40866 135 41117 24 41364 137 41618 26 41861 140 42118 28 42334 15 42358 143 42618 31 42832 169 43118 34 43328 173 43619 36 43824 177 44119 39 44321 180 44619 42 44736 24 44818 183 45120 45 45229 45 45313 188 45620 49 45726 72 45808 193 46121 54 46222 279 46621 60 46718 283 47122 65 47214 287 47622 70 47709 292 48123 378 48623 378 49124 377 49625 376 50125 376 50626 375 51126 375 51627 374 52128 373 52628 373 53129 372 53630 371 54130 371 54631 370 55132 369 55632 369 56133 368 56634 367 57134 367 57635 366 58136 365 58637 364 59137 364 59638 363 60139 362 60639 362 61140 361 61640 361 62141 360 62642 359 63143 358 63643 358 64144 357 64645 356 65146 355 65646 355 66147 354 66648 353 67149 352 67649 352 68150 351 68651 350 69151 350 69651 350 70152 349 70652 349 71153 348 71653 348 72153 348 72654 347 73154 347 73654 347 74155 346 74655 346 75155 346 75655 346 76156 345 76656 345 77156 345 77656 345 78156 345 78656 345 79156 345 79656 345 80156 345 80656 345 81156 345 81656 345 82156 345 82656 345 83156 345 83656 345 84156 345 84656 345 85156 345 85656 345 86155 346 86655 346 87155 346 87655 346 88155 346 88654 347 89154 347 89654 345 90153 346 90653 345 91152 346 91651 347 92151 347 92650 348 93149 349 93647 351 94146 352 94644 354 95142 356 95639 359 96136 362 96632 365 97128 369 97624 373 98121 375 98618 375 99116 374 99614 375 100112 376 100611 376 101109 378 101608 379 102108 378 102607 380 103107 381 103607 381 104106 383 104606 387 105107 389 105607 389 106107 391 106607 394 107107 394 107608 393 108108 393 108609 392 109109 392 109610 391 110111 390 110612 389 111112 389 111613 388 112114 387 112615 386 113116 385 113617 384 114118 383 114619 382 115120 381 115622 379 116123 378 116625 376 117126 373 117628 370 118130 368 118632 365 119133 364 119635 362 120137 359 120639 357 121142 352 121645 348 122148 344 122651 339 123155 334 123657 331 124160 327 124662 324 125164 321 125665 319 126166 318 126668 315 127169 313 127670 312 128171 311 128672 310 129173 309 129674 309 130175 308 130676 308 131177 308 131678 308 132179 308 132680 309 133181 310 133682 312 134183 312 134683 313 135184 312 135685 312 136186 311 136687 310 137188 309 137689 308 138190 307 138691 306 139192 305 139693 304 140194 303 140695 302 141196 301 141697 300 142199 298 142700 298 143202 296 143704 294 144206 292 144707 294 145209 292 145711 290 146213 288 146715 286 147217 284 147720 281 148223 278 148726 275 149228 273 149731 270 150233 268 150736 263 151239 259 151742 256 152246 252 152750 248 153254 244 153758 240 154262 236 154767 231 155271 227 155775 223 156279 219 156783 215 157286 212 157789 209 158292 205 158795 202 159298 199 159801 195 160303 190 160495 1 160806 184 161308 181 161810 178 162311 176 162813 173 163315 171 163816 170 164317 169 164819 165 165320 162 165820 161 166321 159
staffordshire_bull_terrier_111,216 75 591 78 965 81 1340 83 1715 85 2090 87 2465 90 2840 93 3216 93 3591 95 3967 96 4342 99 4718 100 5093 102 5469 103 5844 105 6220 107 6595 109 6971 110 7346 113 7722 114 8097 116 8473 117 8848 120 9224 121 9599 123 9974 126 10350 127 10725 129 11101 131 11476 133 11851 135 12227 137 12602 140 12977 142 13353 144 13728 146 14103 149 14479 151 14854 153 15230 154 15605 157 15981 158 16356 160 16732 161 17107 163 17483 164 17858 167 18234 168 18609 171 18984 173 19360 175 19736 176 20111 179 20487 181 20862 183 21238 185 21613 187 21988 190 22364 191 22739 194 23115 195 23490 197 23865 199 24241 200 24616 201 24991 202 25367 202 25742 203 26117 204 26492 205 26867 206 27242 207 27618 207 27993 208 28368 209 28743 210 29118 211 29494 211 29869 212 30244 213 30619 214 30994 215 31369 216 31745 216 32120 217 32495 218 32870 219 33245 220 33619 222 33994 223 34368 225 34740 229 35113 232 35482 239 35848 249 36213 260 36584 265 36958 267 37331 270 37704 273 38078 275 38452 277 38826 279 39201 280 39575 282 39949 284 40324 284 40699 285 41073 287 41448 288 41823 288 42197 290 42572 290 42946 292 43320 293 43694 295 44067 298 44441 299 44815 301 45189 302 45564 303 45938 305 46313 305 46688 305 47062 307 47437 308 47812 308 48187 309 48562 310 48937 310 49312 311 49687 312 50062 312 50437 313 50812 314 51188 313 51563 314 51938 315 52314 314 52689 315 53064 316 53440 315 53815 316 54191 316 54566 316 54942 316 55317 317 55693 316 56069 316 56444 317 56820 316 57195 317 57571 317 57947 316 58322 317 58698 316 59074 316 59450 316 59825 316 60201 316 60577 316 60953 315 61329 315 61704 315 62080 315 62456 315 62832 314 63207 315 63583 315 63959 314 64335 314 64710 314 65086 314 65462 313 65837 314 66213 314 66588 314 66964 314 67340 314 67715 314 68091 314 68466 315 68842 314 69218 314 69593 315 69969 314 70345 314 70721 313 71097 313 71473 313 71849 312 72225 312 72601 311 72977 311 73353 311 73729 310 74105 310 74481 309 74857 309 75233 309 75610 307 75986 307 76362 306 76738 306 77115 304 77491 304 77868 303 78244 302 78620 302 78997 301 79374 299 79750 299 80127 298 80504 297 80880 296 81257 295 81634 294 82011 293 82389 291 82766 290 83143 289 83520 288 83897 287 84274 286 84652 284 85029 283 85406 282 85784 280 86161 279 86539 277 86917 275 87294 274 87672 272 88049 271 88427 269 88804 268 89181 267 89558 266 89935 265 90312 264 90689 263 91066 261 91443 260 91820 259 92198 257 92575 255 92953 253 93330 252 93707 251 94085 248 94463 246 94840 245 95218 243 95596 240 95974 238 96351 237 96729 234 97107 232 97485 230 97863 228 98241 225 98620 222 98997 221 99376 217 99754 215 100133 212 100512 208 100892 204 101274 197 101653 194 102033 189 102414 184 102792 181 103170 179 103550 174 103928 172 104306 169 104683 168 105061 165 105438 164 105815 162 106193 159 106570 158 106948 155 107327 109 107445 34 107707 101 107823 31 108086 95 108199 31 108466 85 108576 29 108852 71 108953 27 109230 66 109329 27 109607 63 109705 26 109985 59 110081 26 110363 55 110457 25 110766 25 110833 24 111146 18 111209 24 111531 1 111585 23 111961 23 112336 23 112712 23 113088 22 113464 21 113840 21 114216 20 114592 20 114968 19 115343 19 115719 19 116095 18 116471 18 116847 17 117223 16 117598 17 117974 16 118350 16 118726 15 119102 14 119477 15 119853 14 120229 13 120605 13 120980 13 121356 13 121732 12 122107 12 122483 12 122859 11 123235 10 123611 10 123987 9 124363 8 124739 7 125116 5 125493 3
basset_hound_75,46972 10 47353 15 47734 19 48114 25 48467 18 48495 30 48845 66 49222 79 49585 104 49964 112 50343 117 50724 120 51105 123 51486 93 51581 30 51868 88 51974 20 52250 83 52365 12 52631 82 53013 81 53395 80 53777 79 54159 79 54541 79 54923 79 55305 79 55687 79 56069 79 56451 79 56833 79 57215 79 57597 79 57979 79 58361 79 58742 80 59124 80 59506 80 59887 82 60269 82 60649 84 61007 10 61028 88 61387 112 61766 116 62146 118 62525 122 62899 131 63279 134 63657 140 64035 145 64416 147 64795 152 65175 155 65556 48 65610 104 65937 38 65997 101 66318 36 66381 101 66700 33 66765 101 67082 19 67149 102 67281 10 67464 16 67532 104 67660 18 67846 15 67916 107 68041 26 68228 14 68299 154 68610 13 68682 155 68992 13 69066 154 69374 12 69449 154 69756 12 69832 154 70138 12 70215 154 70521 11 70598 152 70903 11 70981 143 71285 11 71364 134 71668 10 71747 131 72050 10 72130 128 72433 10 72513 126 72815 10 72896 125 73198 9 73279 123 73580 9 73662 122 73962 10 74045 121 74345 9 74428 120 74728 8 74811 119 75110 9 75193 120 75493 8 75576 119 75875 9 75959 119 76258 8 76342 118 76641 8 76725 118 77024 8 77108 118 77406 8 77491 118 77789 8 77874 118 78172 8 78257 118 78555 7 78640 118 78938 7 79023 118 79321 7 79406 118 79704 7 79789 119 80087 7 80172 119 80469 8 80556 119 80852 7 80939 120 81235 7 81322 121 81619 6 81705 122 82002 6 82088 123 82385 7 82471 124 82768 7 82854 125 83151 7 83237 70 83309 54 83534 7 83620 69 83693 54 83917 7 84004 67 84076 55 84300 7 84387 68 84459 56 84683 7 84770 129 85066 7 85153 130 85450 7 85537 130 85833 7 85920 131 86216 7 86304 131 86600 6 86687 132 86983 6 87071 132 87367 6 87454 134 87750 6 87838 134 88134 5 88222 134 88517 6 88606 135 88901 5 88990 137 89285 4 89373 141 89669 4 89757 145 90052 4 90141 146 90436 3 90525 149 90820 2 90909 150 91292 153 91676 155 92060 157 92444 168 92827 170 93211 170 93595 169 93979 168 94363 167 94746 167 95130 166 95514 165 95898 163 96281 162 96665 160 97048 159 97432 155 97815 149 98198 145 98582 142 98965 141 99349 140 99732 139 100115 139 100498 138 100881 138 101264 138 101647 138 102030 138 102413 138 102796 138 103179 138 103562 138 103945 138 104328 138 104710 139 105093 139 105476 139 105859 139 106242 139 106625 139 107007 140 107390 140 107773 140 108156 140 108539 140 108921 141 109304 141 109687 140 110070 140 110452 141 110835 141 111218 141 111600 141 111983 141 112366 141 112748 141 113131 141 113514 140 113896 141 114279 141 114662 140 115045 140 115427 141 115810 141 116193 140 116575 141 116958 141 117341 141 117724 141 118106 142 118489 142 118871 144 119254 144 119637 145 120019 146 120402 147 120785 148 121167 150 121550 152 121932 157 122315 169 122697 174 123080 176 123462 177 123845 177 124227 178 124609 178 124992 177 125374 177 125757 175 126139 174 126521 169 126904 162 127286 160 127669 156 128051 153 128434 151 128817 148 129200 145 129582 142 129965 135 130348 132 130731 128 131114 124 131497 122 131880 116 132263 111 132646 108 133029 106 133412 105 133795 104 134178 103 134561 101 134945 99 135328 96 135711 90 136094 89 136478 86 136861 85 137245 83 137628 81 138011 80 138395 77 138778 76 139162 74 139546 71 139929 70 140313 68 140697 66 141081 64 141465 62 141849 60 142233 59 142617 57 143000 57 143384 55 143769 52 144153 51 144537 50 144921 49 145305 48 145689 47 146073 46 146457 46 146841 46 147224 47 147608 46 147991 48 148375 50 148758 52 149142 54 149525 56 149909 58 150292 59 150676 60 151059 61 151443 61 151826 61 152210 61 152593 62 152976 62 153360 62 153744 62 154127 62 154511 62 154894 63 155278 62 155661 63 156045 62 156428 62 156812 61 157195 61 157579 61 157962 61 158346 60 158729 60 159113 59 159496 59 159879 59 160263 58 160646 58 161029 58 161413 57 161796 57 162179 56 162563 55 162946 55 163329 54 163713 53 164096 52 164479 51 164863 49 165246 47 165630 45 166013 43 166396 42 166780 40 167164 38 167547 37 167931 35 168314 34 168697 33 169081 32 169464 31 169848 30 170231 29 170614 29 170998 28 171381 27 171765 26 172148 26 172531 25 172915 24 173298 23 173681 23 174064 22 174448 20 174831 19 175215 17 175599 14 175984 10 176371 3 181331 1 181710 8 182091 11 182473 12 182855 13 183237 14 183620 14 184003 14 184386 14 184769 15 185152 15 185535 14 185918 14 186302 13 186685 12 187069 11 187453 9 187837 8 188221 6 188605 5 188989 3
British_Shorthair_266,12515 4 12774 4 13032 5 13291 6 13550 6 13808 7 14067 7 14326 7 14585 7 14844 7 15103 8 15362 8 15621 8 15880 8 16139 8 16398 8 16658 8 16917 8 17176 8 17435 8 17694 8 17953 8 18212 9 18471 9 18730 9 18989 9 19248 9 19507 9 19766 9 19868 4 20025 9 20126 6 20284 10 20384 8 20543 10 20642 9 20803 9 20900 11 21062 9 21158 12 21321 9 21416 13 21580 9 21674 14 21839 10 21931 16 22098 10 22188 19 22357 11 22445 21 22616 11 22701 25 22876 11 22919 4 22957 28 23135 12 23173 12 23211 34 23394 13 23424 22 23460 45 23653 15 23678 87 23912 113 24171 115 24430 117 24689 119 24947 121 25206 122 25465 123 25723 124 25982 125 26240 126 26499 126 26757 128 27016 128 27274 129 27533 129 27791 130 28050 130 28308 131 28567 131 28825 131 29084 131 29342 132 29601 132 29860 132 30118 133 30377 133 30636 133 30894 133 31153 133 31412 133 31670 134 31929 133 32188 133 32446 133 32705 132 32964 132 33223 131 33481 131 33740 130 33999 129 34258 128 34517 127 34776 126 35035 125 35294 124 35552 123 35811 122 36070 121 36329 120 36588 119 36847 117 37106 116 37365 115 37624 114 37883 113 38142 112 38402 111 38661 110 38920 110 39179 109 39438 109 39697 108 39957 107 40216 106 40475 106 40735 105 40994 105 41253 104 41512 104 41772 103 42031 102 42290 102 42550 101 42809 100 43068 100 43328 99 43587 98 43846 98 44106 96 44365 96 44625 95 44884 95 45143 94 45403 93 45662 93 45922 92 46181 91 46440 91 46700 90 46959 90 47218 90 47477 90 47737 89 47996 89 48255 89 48514 89 48774 88 49033 88 49293 87 49552 87 49811 87 50071 86 50330 86 50590 85 50849 85 51108 44 51153 40 51368 37 51418 34 51627 34 51680 31 51887 31 51941 29 52146 29 52202 28 52406 27 52462 27 52665 26 52722 26 52925 25 52982 26 53184 24 53242 25 53444 23 53502 25 53704 21 53762 24 53964 20 54022 23 54223 20 54282 23 54483 19 54542 22 54743 18 54801 23 55002 18 55061 22 55262 17 55320 22 55522 16 55580 21 55782 15 55839 21 56041 15 56099 20 56301 14 56358 19 56561 13 56618 18 56821 13 56877 17 57080 13 57137 15 57340 12 57396 14 57600 11 57656 13 57859 11 57915 12 58119 10 58174 12 58378 10 58434 10 58637 11 58693 10 58897 10 58952 10 59156 10 59212 9 59416 9 59471 10 59675 9 59730 10 59934 9 59990 10 60194 8 60249 10 60453 8 60508 10 60712 8 60767 11 60972 7 61026 11 61231 7 61286 10 61490 6 61545 10 61749 6 61804 11 62008 6 62064 10 62267 6 62323 10 62526 6 62582 10 62786 5 62841 11 63045 4 63101 10 63304 4 63360 10 63563 4 63619 11 63822 5 63878 11 64081 5 64138 11 64341 4 64397 11 64600 4 64656 11 64859 4 64916 11 65119 2 65175 11 65378 2 65435 10 65638 1 65694 10 65954 9 66214 8 66473 8 66733 6 66994 4
Abyssinian_61,313880 12 314714 25 315551 32 316385 43 317224 47 318063 51 318899 59 319738 63 320577 67 321415 72 322253 77 323092 81 323929 87 324765 95 325603 100 326431 116 327214 176 328037 196 328871 204 329707 211 330546 215 331384 219 332222 224 333061 228 333901 231 334740 235 335580 238 336420 241 337260 244 338100 247 338941 249 339782 251 340622 253 341463 255 342304 256 343145 258 343986 260 344827 261 345667 264 346508 266 347349 267 348190 269 349031 271 349872 273 350713 274 351554 276 352395 278 353236 279 354076 282 354918 282 355759 284 356600 286 357441 287 358281 290 359122 292 359963 293 360804 295 361645 296 362283 8 362486 298 363119 22 363327 299 363958 29 364168 301 364799 32 365008 304 365639 37 365849 305 366479 42 366690 307 367320 45 367531 308 368161 49 368372 310 369003 52 369213 312 369844 54 370054 314 370685 58 370894 316 371526 61 371735 318 372368 63 372576 320 373209 66 373417 322 374050 70 374258 324 374892 71 375099 326 375733 74 375940 327 376575 77 376781 330 377416 80 377622 332 378258 82 378463 334 379099 86 379304 336 379941 88 380145 338 380782 91 380986 340 381624 95 381826 344 382465 98 382668 346 383307 100 383509 348 384148 103 384349 352 384990 106 385190 355 385588 10 385831 109 386031 358 386425 19 386672 112 386872 364 387258 29 387513 116 387713 370 388095 36 388354 119 388554 420 389195 123 389394 422 390036 127 390234 425 390877 130 391075 427 391718 134 391915 429 392558 139 392755 432 393399 143 393596 433 394240 147 394436 435 395080 153 395275 439 395921 157 396115 441 396762 161 396954 445 397603 169 397791 450 398444 639 399284 642 400125 643 400966 644 401806 646 402647 648 403488 649 404330 649 405171 650 406012 651 406854 651 407695 652 408536 653 409378 653 410219 654 411061 654 411903 654 412744 655 413586 655 414428 655 415270 654 416112 654 416954 654 417796 654 418637 655 419479 655 420321 655 421163 655 422005 655 422847 655 423689 655 424531 655 425373 655 426216 654 427058 654 427900 654 428742 654 429584 654 430426 654 431268 654 432110 654 432952 654 433794 654 434636 654 435479 653 436321 653 437163 653 438005 653 438847 652 439689 652 440532 651 441374 651 442216 651 443058 651 443900 651 444743 650 445585 650 446427 650 447269 650 448111 650 448954 648 449796 648 450639 647 451481 647 452323 647 453165 647 454008 646 454850 646 455692 646 456534 646 457377 645 458219 645 459062 644 459904 644 460746 644 461589 643 462432 642 463274 642 464117 641 464959 641 465801 641 466644 640 467486 640 468329 639 469171 639 470014 638 470857 637 471700 636 472542 636 473385 635 474227 635 475070 634 475913 633 476755 633 477598 632 478441 631 479284 630 480127 629 480969 629 481812 628 482655 627 483498 626 484341 625 485184 624 486027 623 486870 622 487713 621 488555 621 489399 619 490242 618 491085 616 491928 615 492771 614 493613 614 494457 612 495300 611 496143 610 496986 609 497829 608 498672 607 499515 606 500358 605 501201 604 502044 603 502887 602 503730 601 504573 600 505416 599 506259 598 507102 597 507944 597 508787 596 509630 595 510473 594 511315 594 512158 593 513001 591 513843 591 514686 590 515529 589 516372 588 517214 588 518057 587 518900 586 519742 586 520585 585 521428 584 522270 583 523113 582 523956 581 524798 581 525641 580 526483 580 527326 579 528169 578 529011 578 529854 577 530697 575 531539 575 532382 574 533224 574 534067 573 534910 572 535752 572 536595 570 537438 569 538280 569 539123 568 539966 567 540808 567 541651 566 542493 566 543336 564 544178 564 545021 563 545863 563 546706 562 547548 562 548390 562 549233 561 550075 561 550917 561 551760 560 552602 560 553445 559 554287 559 555130 558 555972 558 556815 557 557657 556 558500 555 559342 555 560185 554 561028 553 561870 553 562713 552 563555 552 564398 551 565240 551 566083 550 566925 550 567768 549 568610 549 569453 548 570295 548 571138 547 571980 547 572823 546 573665 546 574508 545 575350 546 576192 546 577035 545 577877 544 578720 543 579562 543 580405 542 581247 542 582090 542 582932 542 583774 542 584617 542 585459 542 586302 541 587144 541 587986 542 588829 541 589671 541 590513 541 591356 540 592198 540 593041 539 593883 539 594725 539 595568 538 596410 538 597253 537 598095 537 598937 538 599780 537 600622 537 601465 536 602307 536 603150 535 603992 535 604834 535 605676 535 606519 534 607361 534 608203 534 609046 533 609888 533 610731 532 611573 532 612416 531 613258 531 614100 531 614942 531 615784 531 616627 530 617469 530 618311 530 619153 530 619996 529 620838 529 621680 529 622523 528 623365 528 624207 528 625049 528 625892 527 626734 527 627576 527 628418 527 629261 526 630103 526 630946 525 631788 525 632630 525 633473 524 634315 524 635157 524 636000 523 636842 523 637685 522 638527 522 639369 522 640212 521 641054 520 641897 519 642739 519 643582 518 644424 518 645267 517 646110 516 646952 516 647794 516 648637 515 649480 514 650322 513 651165 512 652007 512 652850 511 653693 510 654535 509 655378 508 656220 508 657063 506 657906 505 658748 504 659591 503 660434 501 661277 500 662119 499 662962 498 663805 496 664648 494 665491 493 666334 491 667176 490 668019 489 668862 487 669705 485 670548 483 671391 481 672233 480 673076 476 673920 473 674762 471 675606 467 676449 465 677292 463 678135 460 678978 458 679821 455 680665 452 681508 448 682351 442 683194 433 684038 426 684882 422 685725 419 686568 416 687411 413 688254 411 689097 409 689940 407 690783 404 691626 402 692469 399 693312 397 694155 394 694998 390 695841 387 696684 385 697527 381 698370 378 699213 374 700056 368 700899 364 701742 360 702585 354 703428 349 704271 344 705114 339 705957 336 706800 332 707643 329 708486 324 709329 317 710172 313 711015 309 711858 306 712701 301 713544 299 714387 296 715231 291 716074 288 716918 285 717761 282 718605 278 719448 275 720292 271 721136 267 721980 263 722823 260 723667 256 724512 251 725355 249 726199 243 727044 238 727887 235 728731 231 729575 227 730419 223 731262 220 732107 215 732951 211 733794 201 734638 196 735482 192 736326 188 737170 183 738014 178 738857 174 739701 171 740545 168 741390 163 742234 160 743078 157 743924 151 744769 147 745614 142 746459 136 747306 129 748151 124 748995 120 749840 115 750685 111 751529 107 752373 103 753218 99 754062 96 754906 92 755752 87 756596 83 757440 80 758286 74 759130 71 759974 67 760820 62 761665 57 762509 53 763356 46 764202 40 765048 34 765898 22 766749 10 785498 5 786331 19 786352 3 787169 32 788011 35 788852 39 789694 40 790535 42 791377 42 792220 42 793062 43 793904 43 794746 43 795589 42 796432 41 797275 40 798118 40 798961 39 799806 36 800650 33 801494 31 802338 29 803181 29 804024 28 804868 26 805712 23 806564 13 807407 11 808250 10 809093 9 809936 7 810780 4
german_shorthaired_100,27068 5 27392 18 27719 28 28048 36 28379 39 28709 44 29041 46 29373 48 29705 49 30038 49 30370 50 30703 50 31035 51 31368 50 31701 49 32033 50 32366 49 32699 48 33031 48 33364 47 33697 46 34030 45 34363 43 34695 43 35028 41 35361 39 35694 36 36027 32 36360 28 36692 27 37025 23 37358 21 37691 19 38023 19 38356 18 38689 17 39022 17 39355 16 39688 16 40020 17 40353 17 40686 17 41019 17 41352 17 41685 17 42017 19 42350 19 42683 20 42799 23 43016 21 43129 29 43349 22 43396 10 43458 36 43682 26 43722 32 43785 46 44015 28 44053 41 44116 50 44348 154 44681 156 45014 158 45347 161 45680 162 46013 164 46346 166 46679 169 47012 174 47345 179 47678 182 48011 185 48344 187 48677 126 48812 54 49010 124 49150 51 49343 124 49489 46 49676 123 49831 38 50009 122 50168 34 50342 122 50503 33 50675 122 50838 32 51008 122 51172 32 51340 123 51507 31 51673 123 51841 32 52006 123 52176 32 52339 123 52510 33 52672 123 52845 34 53005 123 53180 34 53338 123 53514 36 53671 124 53849 36 54004 124 54184 35 54337 125 54518 36 54670 125 54853 35 55003 125 55188 34 55336 126 55525 32 55669 126 55861 29 56002 126 56196 28 56335 126 56532 26 56668 126 56866 26 57001 126 57200 26 57334 126 57534 26 57667 126 57867 26 58000 126 58201 26 58333 126 58535 26 58666 126 58869 25 58998 126 59203 25 59331 126 59536 25 59664 126 59870 25 59997 126 60203 25 60330 125 60536 26 60663 125 60869 27 60996 125 61202 27 61329 125 61535 28 61662 124 61868 28 61995 124 62201 29 62328 124 62534 29 62661 124 62866 6 62878 18 62993 125 63148 11 63199 4 63213 16 63326 125 63477 19 63531 4 63548 13 63659 125 63808 24 63864 3 63883 9 63992 125 64140 40 64197 2 64325 125 64468 48 64658 125 64797 55 64991 125 65129 58 65324 126 65462 61 65657 129 65795 62 65990 130 66128 62 66323 131 66461 62 66656 131 66792 64 66989 132 67123 65 67322 198 67655 196 67988 195 68321 193 68654 188 68987 185 69320 176 69654 165 69987 160 70320 155 70653 151 70986 147 71319 143 71652 54 71713 76 71986 52 72051 59 72319 52 72387 31 72652 51 72723 20 72985 50 73318 50 73651 49 73985 48 74318 48 74651 48 74984 48 75318 47 75651 47 75984 48 76318 47 76651 47 76985 46 77318 46 77652 45 77985 44 78319 43 78653 42 78987 41 79321 39 79656 36 79991 34 80326 30 80663 23 80999 16
american_pit_bull_terrier_149,136 11 436 11 735 12 1034 14 1333 15 1632 16 1931 17 2231 17 2530 18 2829 19 3129 19 3428 20 3727 21 4027 21 4326 22 4626 22 4925 22 5225 22 5524 23 5823 24 6122 25 6421 26 6720 27 7018 29 7317 30 7615 31 7914 32 8212 34 8510 36 8808 38 9107 38 9405 40 9703 42 10002 43 10300 44 10598 46 10897 47 11196 48 11494 50 11793 51 11932 18 12092 52 12226 30 12391 53 12515 47 12689 56 12765 102 12987 59 13062 111 13286 61 13358 119 13584 66 13653 127 13882 200 14181 204 14480 208 14778 212 15077 215 15376 217 15675 219 15973 221 16272 223 16572 224 16871 227 17170 229 17439 2 17469 230 17738 6 17768 231 18037 8 18067 233 18336 14 18366 233 18634 19 18665 235 18934 20 18964 236 19233 22 19262 238 19532 24 19561 240 19831 27 19859 242 20130 271 20429 272 20728 273 21027 274 21326 275 21625 276 21925 276 22224 277 22524 277 22823 278 23123 278 23422 279 23722 279 24021 158 24186 115 24321 157 24488 90 24582 19 24621 157 24789 88 24883 18 24920 157 25090 86 25185 16 25220 157 25391 82 25487 14 25520 157 25692 79 25789 12 25820 157 25993 77 26091 10 26120 157 26293 76 26392 9 26420 157 26594 75 26693 8 26720 158 26895 73 26994 5 27020 158 27196 72 27296 3 27320 158 27496 72 27620 158 27797 70 27920 159 28098 69 28220 159 28400 66 28520 160 28701 65 28820 160 29002 64 29120 160 29304 61 29420 160 29605 60 29720 161 29905 60 30021 160 30205 59 30321 160 30504 60 30622 159 30803 61 30922 159 31102 62 31222 160 31401 63 31523 159 31700 64 31824 158 32000 64 32124 158 32299 65 32425 157 32599 65 32726 156 32899 65 33027 156 33199 64 33329 154 33499 64 33630 153 33799 64 33932 151 34099 64 34233 150 34399 63 34534 149 34699 63 34835 149 34999 63 35136 148 35299 63 35436 148 35599 63 35737 148 35899 62 36037 148 36199 62 36337 149 36499 62 36637 149 36798 63 36938 149 37098 63 37238 149 37398 62 37538 150 37697 63 37838 151 37997 63 38138 153 38295 65 38439 220 38739 220 39039 220 39340 219 39640 218 39941 217 40241 217 40542 216 40842 216 41142 216 41443 214 41743 214 42043 214 42344 213 42644 213 42945 212 43245 211 43546 210 43846 210 44147 210 44447 210 44748 209 45048 209 45349 208 45649 208 45949 209 46250 208 46550 208 46851 208 47151 208 47452 207 47752 207 48053 206 48353 206 48654 205 48955 205 49255 205 49556 204 49856 204 50157 203 50457 203 50758 202 51058 202 51358 203 51658 203 51958 204 52258 204 52558 205 52858 45 52936 128 53158 40 53244 121 53458 37 53557 110 53758 36 53864 104 54058 35 54169 101 54358 34 54473 99 54658 34 54777 96 54958 33 55080 95 55258 33 55382 94 55558 33 55685 93 55858 32 55989 90 56159 31 56293 87 56460 30 56600 81 56760 30 56912 70 57061 29 57216 68 57362 28 57518 67 57663 27 57820 66 57964 26 58122 66 58265 25 58423 66 58566 24 58724 66 58867 23 59026 65 59169 21 59328 64 59470 19 59629 65 59771 18 59931 64 60072 17 60233 65 60373 16 60535 66 60674 15 60837 64 60975 14 61140 61 61277 12 61442 59 61578 10 61745 56 61880 8 62047 54 62184 2 62350 51 62651 50 62953 48 63254 47 63556 45 63858 43 64160 41 64462 39 64764 37 65067 34 65369 32 65672 29 65975 26 66277 24 66580 21 66882 17 67182 16
keeshond_195,11936 19 12361 32 12788 43 13203 65 13595 109 14009 131 14437 138 14866 146 15295 155 15725 163 16154 172 16583 189 17013 193 17443 196 17873 200 18303 202 18733 205 19163 207 19593 209 20023 210 20452 213 20882 215 21310 220 21739 223 22169 226 22599 229 23028 233 23457 238 23887 241 24315 246 24739 255 25167 260 25597 263 26028 264 26458 267 26888 268 27318 270 27749 272 28179 274 28610 276 29040 279 29470 282 29901 285 30331 291 30762 295 31193 298 31624 302 32055 305 32486 308 32917 311 33348 314 33779 317 34209 321 34640 324 35070 328 35500 331 35930 335 36360 339 36789 344 37219 349 37648 355 38078 363 38508 372 38938 375 39369 376 39799 378 40230 379 40662 379 41092 381 41523 382 41954 383 42385 384 42816 385 43248 385 43678 387 44110 387 44541 388 44972 389 45403 390 45834 391 46266 391 46697 392 47128 393 47560 393 47991 394 48422 395 48854 395 49285 396 49717 396 50148 397 50579 398 51011 398 51442 399 51874 399 52305 400 52737 400 53169 335 53517 32 53563 3 53601 330 54033 327 54465 325 54897 323 55329 322 55761 322 56192 322 56624 322 57056 323 57488 324 57919 325 58351 327 58782 330 59213 334 59644 350 60076 360 60507 366 60938 372 61369 378 61772 3 61801 383 62200 9 62232 409 62663 410 63095 410 63526 411 63958 411 64389 412 64821 412 65253 412 65685 412 66117 412 66549 412 66981 412 67413 412 67845 412 68277 412 68709 412 69141 412 69573 412 70005 412 70437 412 70869 412 71301 412 71733 412 72165 412 72598 411 73030 411 73462 411 73894 411 74326 411 74758 411 75191 410 75623 410 76055 410 76487 410 76919 410 77352 409 77784 409 78216 409 78648 409 79080 409 79512 409 79945 408 80377 408 80809 408 81242 407 81674 407 82106 407 82539 406 82971 406 83403 406 83836 405 84268 405 84700 405 85132 405 85564 405 85996 405 86429 404 86861 404 87293 404 87725 404 88157 404 88589 404 89021 404 89453 404 89886 403 90318 403 90750 403 91182 403 91614 403 92046 403 92479 402 92911 402 93343 402 93776 401 94208 401 94640 401 95073 400 95505 400 95938 399 96370 399 96803 398 97235 398 97667 398 98100 397 98532 397 98965 396 99397 396 99829 396 100261 396 100693 396 101125 396 101558 395 101990 395 102422 395 102854 395 103286 395 103718 395 104150 395 104582 395 105014 395 105446 395 105878 395 106310 395 106742 395 107174 395 107606 395 108038 395 108470 395 108902 395 109334 395 109767 394 110199 394 110631 394 111063 394 111495 394 111927 394 112360 393 112792 393 113224 393 113657 392 114089 392 114521 392 114954 391 115386 391 115818 391 116251 390 116683 390 117116 389 117548 389 117981 388 118413 388 118846 387 119278 387 119711 386 120143 386 120575 386 121008 385 121440 385 121873 384 122305 384 122738 383 123170 383 123603 382 124036 381 124469 380 124901 380 125334 379 125767 378 126200 377 126633 376 127065 376 127498 375 127931 374 128363 374 128796 373 129228 373 129661 372 130093 372 130526 371 130958 371 131390 371 131823 370 132255 370 132688 369 133120 369 133553 368 133986 367 134418 367 134851 366 135284 365 135717 364 136151 362 136584 361 137017 360 137451 358 137884 357 138318 355 138751 354 139185 352 139618 351 140051 350 140485 348 140918 347 141351 346 141784 345 142217 344 142650 343 143083 342 143516 341 143949 340 144381 340 144814 339 145247 338 145679 338 146112 337 146545 336 146978 335 147410 335 147843 334 148276 333 148710 331 149143 330 149577 328 150012 325 150445 324 150879 322 151313 320 151746 319 152180 317 152613 316 153046 315 153480 313 153913 312 154346 311 154780 309 155213 308 155646 307 156079 306 156513 304 156946 303 157379 302 157812 301 158245 300 158678 299 159110 299 159543 298 159976 297 160409 296 160841 296 161274 295 161707 294 162140 293 162572 293 163005 292 163438 291 163871 290 164305 288 164738 287 165189 268 165624 265 166058 263 166493 260 166927 258 167360 257 167794 255 168228 253 168661 252 169095 250 169529 248 169963 246 170397 244 170832 241 171267 238 171702 235 172136 233 172571 230 173005 228 173440 225 173875 222 174310 219 174745 216 175181 212 175616 209 176053 204 176490 199 176926 195 177361 192 177795 190 178229 188 178662 187 179096 185 179529 184 179962 183 180395 182 180828 181 181261 180 181694 179 182127 104 182233 72 182561 97 182671 66 182994 92 183105 64 183428 88 183541 60 183862 80 183977 56 184296 71 184415 50 184729 67 184850 47 185163 64 185284 45 185596 63 185717 44 186028 65 186152 41 186459 67 186585 39
Abyssinian_102,23349 3 23814 6 24278 9 24744 10 25209 12 25674 14 26139 15 26605 16 27070 17 27535 19 28001 20 28466 22 28931 24 29397 25 29862 27 30328 28 30793 30 31258 32 31724 32 32189 34 32655 35 33120 37 33585 40 34051 42 34516 47 34982 54 35447 58 35912 61 36377 63 36843 64 37308 66 37773 67 38238 69 38703 71 39168 72 39633 74 40099 75 40564 76 41029 78 41494 80 41959 83 42424 85 42889 87 43355 89 43820 92 44285 95 44750 97 45215 100 45681 102 46146 105 46611 109 47076 111 47542 113 48007 117 48472 120 48937 125 49403 130 49868 134 50333 137 50799 139 51264 142 51730 143 52195 145 52660 147 53126 148 53591 150 54056 152 54522 153 54987 155 55452 157 55917 158 56382 160 56848 161 57313 162 57778 164 58243 165 58708 167 59173 168 59639 169 60104 171 60569 172 61034 173 61499 175 61964 177 62429 179 62894 180 63359 183 63824 185 64289 187 64754 190 65219 192 65684 195 66149 197 66615 199 67079 202 67545 203 68010 214 68475 219 68940 223 69405 225 69870 228 70335 229 70800 231 71264 234 71729 235 72194 237 72659 239 73124 241 73589 242 74054 244 74519 246 74984 248 75449 250 75914 252 76379 253 76844 255 77309 256 77774 258 78239 260 78704 261 79168 264 79633 265 80098 267 80563 269 81028 270 81493 272 81958 274 82423 275 82888 277 83353 278 83817 281 84282 283 84747 285 85212 287 85677 288 86142 290 86607 292 87072 293 87537 295 88002 296 88466 299 88931 300 89396 302 89861 303 90326 305 90791 306 91256 308 91721 309 92186 310 92651 312 93116 313 93581 314 94046 316 94511 317 94976 319 95441 320 95906 322 96371 323 96836 325 97301 326 97765 329 98230 330 98695 331 99160 332 99625 333 100090 334 100555 335 101020 336 101484 338 101949 339 102414 340 102879 341 103344 341 103809 342 104274 342 104739 343 105204 344 105668 346 106133 346 106598 348 107063 349 107527 351 107992 354 108456 355 108921 355 109386 355 109850 356 110315 356 110780 356 111244 357 111709 357 112173 358 112638 358 113102 359 113567 359 114031 360 114495 361 114960 361 115424 362 115888 363 116353 363 116817 364 117281 365 117745 366 118210 366 118674 367 119138 368 119602 369 120066 370 120530 371 120994 372 121457 374 121921 375 122385 376 122848 378 123312 379 123775 381 124238 383 124702 384 125166 385 125630 386 126094 387 126558 388 127021 390 127485 391 127950 391 128413 393 128877 394 129341 395 129805 396 130269 397 130732 399 131196 400 131660 401 132123 403 132587 404 133050 406 133514 407 133977 409 134441 410 134904 412 135368 413 135832 414 136296 415 136760 416 137224 417 137688 418 138152 419 138616 420 139080 421 139544 422 140009 422 140474 422 140938 423 141403 423 141868 109 141993 298 142333 105 142464 292 142798 101 142935 286 143263 94 143403 283 143729 66 143870 281 144195 50 144336 280 144662 37 144802 279 145131 24 145268 278 145734 277 146200 276 146666 275 147131 275 147597 274 148062 274 148528 273 148993 273 149458 273 149923 273 150388 273 150853 273 151318 273 151783 273 152248 273 152713 273 153177 274 153642 274 154107 274 154571 275 155036 275 155500 276 155965 276 156429 277 156894 277 157359 277 157823 278 158288 278 158752 279 159217 279 159681 280 160146 280 160610 281 161074 282 161539 282 162003 283 162467 284 162932 284 163396 285 163861 285 164326 285 164790 286 165255 286 165719 287 166184 287 166649 287 167113 288 167578 288 168043 288 168507 289 168972 289 169437 289 169901 290 170366 290 170831 290 171295 291 171760 291 172224 292 172689 292 173154 292 173618 293 174083 293 174548 293 175012 294 175477 294 175942 294 176406 295 176871 295 177336 295 177800 296 178265 296 178730 296 179194 297 179659 297 180124 297 180588 298 181053 298 181518 298 181983 298 182448 298 182912 299 183377 299 183842 299 184307 299 184772 299 185237 299 185702 299 186167 299 186631 300 187096 300 187561 300 188026 300 188491 300 188956 300 189420 301 189885 301 190350 301 190815 301 191280 301 191744 302 192209 302 192674 302 193139 302 193604 302 194068 303 194533 303 194998 303 195462 304 195927 304 196392 304 196856 305 197321 305 197786 305 198251 305 198715 306 199180 306 199645 306 200110 306 200574 307 201039 307 201504 307 201969 307 202434 307 202898 308 203363 308 203828 308 204293 308 204758 308 205222 309 205687 309 206152 309 206617 309 207082 309 207546 310 208011 310 208476 310 208941 310 209405 311 209870 311 210335 311 210800 311 211264 312 211729 312 212194 312 212659 312 213124 312 213589 312 214054 312 214518 313 214983 313 215448 313 215913 313 216378 313 216843 313 217308 313 217772 314 218237 314 218702 314 219167 314 219632 314 220097 314 220562 314 221027 314 221492 314 221957 314 222422 314 222887 314 223352 314 223817 314 224282 314 224747 314 225212 314 225677 314 226142 314 226607 314 227072 314 227537 314 228002 314 228467 314 228932 314 229397 314 229862 314 230327 314 230792 313 231257 312 231722 312 232188 311
great_pyrenees_49,1751 3 2067 6 2384 7 2701 9 3018 10 3335 11 3653 11 3970 12 4287 13 4605 13 4922 14 5240 14 5557 15 5875 15 6192 16 6509 17 6827 17 7144 18 7461 19 7779 19 8096 20 8413 21 8731 21 9048 22 9366 22 9683 22 10001 22 10319 22 10636 23 10954 23 11272 23 11589 23 11907 23 12225 23 12542 24 12860 24 13178 23 13495 24 13813 24 14131 23 14448 24 14766 24 15084 24 15401 24 15719 24 16036 25 16354 24 16672 24 16989 25 17307 24 17624 25 17942 24 18259 25 18577 25 18894 25 19212 25 19529 25 19847 25 20165 25 20482 25 20800 25 21118 25 21436 24 21753 25 22071 25 22389 25 22707 24 23024 25 23342 25 23660 25 23978 24 24295 25 24613 25 24931 25 25248 26 25566 26 25884 25 26201 26 26519 26 26837 26 27154 27 27472 26 27790 26 28108 26 28425 27 28743 27 29060 28 29378 28 29696 28 30013 29 30331 29 30649 29 30966 30 31284 30 31602 30 31919 30 32237 31 32554 32 32872 32 33189 33 33507 33 33824 34 34141 35 34459 35 34776 36 35093 37 35410 38 35727 39 36044 40 36361 41 36678 42 36995 43 37311 45 37628 47 37945 48 38261 50 38578 51 38895 52 39211 55 39528 56 39844 58 40161 59 40477 61 40794 62 41111 64 41428 65 41745 66 42062 67 42379 68 42696 69 43013 70 43330 71 43647 72 43965 72 44282 73 44599 74 44916 75 45233 76 45551 76 45868 77 46185 78 46502 79 46820 79 47137 80 47454 81 47771 81 48089 81 48406 82 48723 83 49040 84 49357 85 49674 86 49991 86 50308 87 50625 88 50942 89 51259 89 51576 90 51893 91 52210 91 52527 92 52844 93 53161 94 53478 94 53795 95 54112 96 54429 97 54746 98 55063 99 55380 100 55698 100 56015 101 56332 102 56650 102 56967 103 57284 105 57602 105 57919 106 58237 107 58554 108 58872 108 59189 110 59507 110 59824 111 60142 112 60459 113 60777 113 61095 114 61412 116 61730 117 62047 119 62365 119 62683 120 63000 122 63318 123 63636 124 63954 125 64271 126 64589 127 64907 128 65225 130 65542 131 65860 132 66178 131 66496 131 66814 131 67132 131 67449 133 67767 133 68085 133 68403 134 68721 135 69039 135 69357 136 69674 138 69992 138 70310 139 70628 140 70946 141 71264 142 71582 144 71900 147 72218 151 72536 154 72854 156 73172 157 73491 158 73809 159 74127 160 74445 162 74763 164 75081 169 75399 176 75717 179 76035 182 76353 183 76671 186 76989 189 77307 205 77625 209 77943 218 78261 220 78579 222 78897 223 79215 223 79533 224 79851 224 80169 225 80487 225 80805 225 81123 225 81441 225 81759 225 82078 224 82396 224 82714 223 83032 223 83350 223 83668 222 83986 222 84304 221 84622 221 84940 220 85259 218 85577 217 85895 216 86213 215 86531 214 86849 213 87167 212 87486 209 87804 206 88122 202 88440 194 88758 192 89076 190 89394 188 89712 186 90030 185 90348 185 90667 183 90985 183 91303 182 91621 182 91939 181 92257 181 92575 180 92893 180 93212 179 93530 179 93848 179 94166 180 94484 180 94802 180 95120 181 95438 181 95756 181 96075 181 96393 181 96711 182 97029 182 97347 183 97665 183 97983 184 98301 185 98619 185 98937 186 99255 187 99573 187 99891 188 100209 189 100527 190 100845 190 101163 191 101481 192 101799 192 102117 193 102435 193 102753 193 103071 193 103389 194 103707 194 104025 194 104343 194 104661 195 104979 195 105297 195 105616 194 105934 194 106253 193 106571 194 106890 193 107208 193 107527 192 107845 193 108163 193 108482 192 108800 192 109118 193 109436 193 109755 192 110073 193 110391 193 110709 194 111027 194 111345 195 111663 195 111981 196 112300 195 112618 196 112936 197 113254 198 113572 199 113890 200 114208 201 114526 202 114844 203 115162 204 115480 205 115799 205 116117 206 116435 207 116753 207 117071 208 117389 208 117707 209 118025 209 118343 210 118662 209 118980 210 119298 210 119616 211 119934 211 120252 212 120570 212 120888 212 121206 213 121525 212 121843 213 122161 213 122479 213 122797 213 123116 213 123434 213 123752 213 124071 213 124389 213 124708 212 125026 213 125345 212 125663 212 125982 211 126300 211 126618 211 126937 210 127255 210 127574 209 127892 209 128210 209 128529 208 128847 208 129165 208 129484 207 129802 207 130120 207 130439 206 130757 206 131076 205 131394 205 131712 205 132031 204 132349 204 132667 203 132986 202 133304 202 133622 202 133941 201 134259 200 134578 199 134896 199 135214 199 135533 198 135851 198 136170 197 136489 196 136807 196 137126 194 137445 193 137764 192 138083 191 138402 190 138722 188 139041 187 139360 187 139679 186 139999 184 140318 183 140637 182 140956 181 141275 180 141594 179 141913 178 142232 177 142551 176 142870 175 143189 174 143507 174 143826 173 144145 172 144464 171 144783 170 145102 169 145421 168 145740 167 146059 166 146379 163 146698 162 147018 160 147338 157 147658 154 147978 152 148297 150 148616 148 148936 145 149255 142 149574 140 149893 138 150212 136 150531 134 150850 131 151170 126 151489 122 151810 114 152131 108 152451 104 152772 100 153094 95 153418 88 153738 85 154059 82 154378 80 154698 77 155017 76 155336 74 155655 73 155974 72 156292 71 156611 70 156930 68 157248 68 157567 67 157885 66 158203 66 158522 65 158840 64
samoyed_8,32800 19 33296 27 33792 35 34287 45 34781 56 35276 67 35772 74 36269 81 36766 87 37263 95 37760 102 38258 108 38756 114 39253 121 39751 127 40250 132 40748 137 41246 141 41744 146 42242 150 42740 155 43238 159 43735 165 44230 173 44704 202 45197 212 45693 219 46190 225 46688 230 47185 236 47683 239 48181 243 48679 247 49177 250 49675 253 50174 254 50673 256 51172 257 51671 259 52170 260 52669 261 53169 261 53668 262 54168 261 54667 262 55167 261 55666 260 56166 256 56665 252 57165 248 57665 245 58165 242 58664 240 59164 237 59664 235 60164 233 60664 231 61164 229 61663 228 62163 226 62663 224 63163 223 63663 221 64163 219 64663 217 65163 216 65663 214 66163 213 66664 211 67164 210 67664 209 68165 208 68665 207 69165 206 69666 205 70166 205 70666 205 71166 205 71666 205 72166 205 72666 205 73166 205 73666 205 74166 205 74666 205 75166 205 75665 206 76164 207 76663 208 77162 209 77660 210 78157 213 78651 219 79142 227 79631 238 80125 244 80621 247 81118 250 81615 252 82112 255 82609 258 83105 262 83601 266 84089 278 84584 284 85080 288 85577 292 86075 294 86572 298 87070 301 87568 304 88066 307 88565 309 89065 310 89565 312 90065 313 90565 315 91065 317 91565 319 92065 321 92566 322 93066 323 93567 324 94067 326 94567 328 95068 329 95568 331 96068 335 96568 338 97068 341 97569 344 98069 347 98569 351 99069 354 99570 357 100070 361 100570 366 101070 370 101570 374 102071 377 102571 380 103071 383 103571 385 104071 386 104571 387 105071 388 105571 389 106071 389 106571 390 107071 390 107571 390 108071 391 108571 391 109071 391 109570 391 110070 391 110570 390 111069 391 111569 390 112068 390 112568 388 113067 384 113567 378 114066 374 114565 372 115065 372 115564 375 116063 379 116563 381 117062 384 117561 387 118060 390 118559 393 119058 396 119557 401 120056 405 120555 408 121054 410 121554 411 122053 412 122552 413 123052 414 123551 375 123945 21 124051 367 124451 14 124551 361 124956 9 125052 355 125461 2 125552 351 126053 346 126553 342 127054 338 127555 334 128056 330 128557 326 129057 323 129558 319 130059 316 130560 312 131061 309 131562 306 132063 304 132565 300 133066 297 133567 295 134069 291 134571 288 135072 285 135574 282 136076 278 136578 273 137081 134 137217 132 137583 129 137721 125 138085 126 138222 122 138587 124 138723 118 139089 122 139224 115 139591 121 139724 113 140093 120 140224 111 140595 119 140723 111 141096 120 141222 111 141598 233 142100 230 142601 228 143103 225 143605 222 144106 220 144608 217 145109 215 145611 212 146112 210 146614 207 147116 203 147618 200 148120 197 148622 193 149125 189 149628 185 150133 179 150637 173 151147 161 151655 151 152159 144 152663 136 153166 128 153669 122 154171 116 154674 107 155177 62 155259 5 155680 54 156183 47 156686 41 157189 35 157692 30 158196 23 158700 16
havanese_115,23534 1 23905 8 24277 13 24649 16 25021 20 25390 27 25762 31 26133 36 26505 40 26878 43 27251 45 27625 47 27998 49 28372 50 28745 53 29119 54 29493 55 29867 56 30240 59 30614 60 30987 62 31360 64 31732 67 32103 71 32475 74 32848 76 33221 78 33594 80 33968 81 34342 82 34715 83 35089 84 35462 85 35834 87 36207 89 36580 91 36953 92 37326 94 37700 95 38074 95 38448 96 38822 97 39196 98 39570 99 39943 101 40317 102 40690 104 40979 9 41062 108 41352 14 41432 113 41725 19 41802 118 42098 24 42173 122 42471 29 42545 126 42845 36 42918 128 43218 43 43290 131 43591 56 43662 134 43964 207 44338 208 44711 211 45085 212 45459 213 45833 214 46207 215 46581 216 46955 217 47329 218 47703 220 48077 220 48452 220 48826 221 49200 222 49574 223 49948 223 50322 224 50696 225 51071 224 51445 225 51819 226 52194 225 52568 226 52943 225 53317 226 53692 225 54066 226 54441 225 54816 225 55190 225 55565 225 55939 225 56314 224 56689 224 57063 224 57438 223 57812 223 58187 222 58561 221 58935 220 59309 220 59683 220 60058 219 60431 220 60805 220 61178 221 61551 223 61924 225 62296 228 62667 232 63040 235 63413 237 63787 238 64160 240 64534 242 64908 243 65283 243 65657 245 66032 245 66406 247 66781 247 67155 249 67530 249 67905 250 68280 251 68655 251 69030 252 69404 253 69779 254 70154 254 70529 255 70904 255 71279 255 71654 256 72028 257 72403 257 72778 258 73153 258 73528 258 73903 258 74277 259 74652 259 75027 259 75402 260 75777 260 76152 260 76527 260 76902 260 77277 260 77652 260 78027 260 78402 260 78777 260 79152 261 79527 261 79903 261 80278 262 80653 263 81028 264 81404 265 81779 266 82154 267 82530 266 82905 266 83280 266 83655 266 84031 264 84406 264 84782 263 85157 262 85532 262 85908 260 86283 260 86658 259 87034 257 87409 257 87784 256 88159 256 88535 254 88910 253 89285 253 89660 252 90035 251 90410 251 90785 250 91160 249 91536 247 91911 246 92286 246 92661 245 93035 245 93410 245 93785 244 94160 243 94535 243 94910 242 95285 241 95660 240 96035 239 96410 239 96785 238 97160 237 97535 237 97910 236 98285 235 98660 234 99035 234 99410 233 99682 5 99785 232 100055 7 100160 231 100429 7 100535 231 100803 7 100911 229 101177 8 101286 229 101551 8 101661 228 101926 7 102036 228 102301 5 102411 227 102786 227 103162 226 103537 225 103912 225 104287 225 104663 224 105038 224 105413 225 105789 224 106164 224 106539 225 106915 225 107290 226 107665 227 108041 227 108416 229 108791 230 109166 233 109542 237 109917 237 110292 237 110667 237 111042 237 111417 236 111792 235 112167 234 112542 233 112918 231 113293 230 113668 229 114043 228 114418 227 114793 227 115168 226 115544 224 115919 224 116294 223 116669 223 117044 222 117420 221 117795 221 118170 221 118546 219 118921 219 119296 219 119672 218 120047 218 120422 218 120798 218 121173 218 121549 218 121924 218 122300 218 122675 220 123050 222 123426 232 123801 239 124177 242 124553 245 124928 263 125304 265 125679 266 126055 266 126431 265 126806 265 127182 264 127558 262 127933 262 128309 260 128685 206 128896 46 129061 201 129281 33 129436 199 129666 19 129812 196 130047 10 130188 194 130563 192 130939 190 131315 188 131691 186 132067 184 132442 182 132818 180 133194 177 133570 174 133946 171 134322 168 134698 165 135074 162 135450 159 135826 156 136202 152 136579 148 136955 144 137332 139 137709 134 138086 129 138463 125 138841 121 139218 118 139595 116 139972 113 140349 110 140728 105 141110 98 141494 88 141871 86 142249 83 142627 79 143010 71 143390 65 143770 60 144150 55 144531 49 144915 39 145295 34 145674 28 146053 13
Maine_Coon_265,126 176 500 178 875 179 1250 179 1624 181 1999 182 2374 182 2749 183 3124 183 3499 184 3874 184 4249 184 4624 184 4999 185 5374 185 5749 185 6124 185 6499 185 6874 185 7249 185 7624 185 7999 185 8374 185 8749 185 9124 185 9499 185 9874 185 10249 185 10624 185 10999 185 11374 185 11749 185 12125 184 12500 185 12875 185 13250 185 13625 185 14000 185 14375 185 14750 185 15125 185 15500 185 15875 185 16250 185 16625 185 17000 185 17375 185 17750 185 18125 185 18500 185 18875 185 19250 185 19625 185 20000 185 20375 185 20750 185 21125 185 21500 185 21875 185 22250 185 22625 185 23000 185 23375 185 23750 185 24125 185 24500 185 24875 185 25250 185 25625 185 26000 185 26375 185 26750 185 27125 185 27500 185 27875 185 28250 185 28625 185 29000 185 29375 186 29750 186 30125 186 30500 186 30875 186 31250 186 31625 186 31999 187 32374 187 32749 187 33124 187 33499 187 33874 187 34249 187 34624 187 34999 187 35374 187 35749 187 36124 187 36499 187 36874 186 37249 186 37624 186 37999 186 38374 186 38749 186 39124 186 39498 187 39873 187 40248 187 40623 187 40998 187 41372 188 41747 188 42122 188 42496 189 42871 189 43245 190 43620 190 43994 191 44369 191 44743 192 45117 193 45492 193 45866 194 46240 195 46615 195 46989 196 47363 197 47737 198 48111 199 48486 199 48860 200 49234 201 49608 202 49982 203 50356 204 50730 205 51104 206 51478 207 51852 208 52226 209 52600 210 52974 211 53349 211 53723 212 54097 213 54471 214 54846 214 55220 215 55594 216 55968 217 56343 217 56717 218 57091 219 57466 219 57840 220 58215 220 58589 221 58963 222 59338 222 59712 223 60086 224 60460 225 60835 225 61209 226 61583 227 61958 227 62332 228 62706 229 63080 230 63454 231 63828 232 64129 12 64162 6 64202 233 64501 22 64527 23 64575 235 64876 54 64946 239 65251 309 65626 309 66001 310 66376 310 66751 310 67126 310 67501 310 67876 310 68251 310 68626 310 69001 310 69376 310 69751 310 70128 308 70505 306 70883 303 71260 301 71637 299 72014 297 72391 295 72768 293 73145 290 73522 288 73898 287 74275 285 74652 283 75029 281 75405 280 75782 278 76158 277 76534 276 76910 275 77286 274 77662 273 78037 273 78413 272 78789 271 79164 271 79540 270 79915 270 80291 269 80667 268 81042 268 81418 267 81793 267 82169 265 82545 264 82921 263 83296 263 83672 262 84047 262 84423 261 84798 261 85173 261 85549 260 85924 260 86299 260 86675 259 87050 259 87425 259 87800 259 88175 259 88550 259 88926 258 89301 258 89676 258 90051 258 90426 258 90801 258 91177 257 91552 257 91927 257 92302 257 92678 256 93053 256 93428 256 93803 256 94179 255 94554 255 94929 255 95304 255 95680 254 96055 254 96430 254 96805 254 97180 254 97555 254 97930 254 98305 254 98680 254 99055 254 99430 254 99805 254 100180 254 100555 254 100931 253 101306 253 101681 253 102056 253 102431 253 102807 252 103182 252 103557 252 103932 252 104308 251 104683 251 105058 251 105433 251 105808 251 106184 250 106559 250 106934 250 107309 250 107685 249 108060 249 108435 249 108810 249 109185 249 109560 249 109935 249 110310 249 110685 249 111060 249 111434 250 111809 250 112184 251 112559 250 112934 250 113309 250 113684 251 114059 251 114434 251 114809 251 115184 251 115558 252 115933 252 116308 252 116683 252 117058 252 117433 252 117808 252 118183 252 118558 252 118933 252 119308 252 119683 196 119889 46 120058 194 120267 43 120433 192 120645 40 120807 191 121022 38 121182 189 121398 37 121557 188 121774 36 121932 186 122151 34 122306 185 122527 33 122681 184 122903 32 123056 182 123279 31 123431 180 123656 29 123806 178 124032 28 124180 177 124409 26 124555 176 124785 24 124930 173 125161 23 125304 172 125538 21 125679 170 125914 20 126053 169 126290 18 126428 167 126666 16 126803 164 127042 15 127177 162 127418 13 127552 159 127795 9 127926 156 128301 149 128675 146 129050 143 129424 141 129799 138 130173 137 130548 134 130923 132 131297 131 131672 56 131738 63 132046 51 132118 55 132421 49 132498 45 132795 47 132876 39 133170 44 133256 31 133544 43 133637 21 133919 41 134020 5 134293 39 134668 37 135042 35 135417 31 135791 29 136166 26 136541 23 136915 22 137290 19 137665 17 138039 16 138414 15 138789 13 139163 13 139538 11 139913 10 140288 8 140663 6 141039 3
samoyed_140,30617 2 30990 6 31364 8 31737 11 32112 12 32486 13 32860 15 33234 17 33608 18 33983 19 34357 21 34731 22 35105 24 35480 24 35854 26 36229 26 36603 27 36978 28 37353 28 37728 29 38102 30 38477 30 38852 31 39227 31 39602 31 39978 30 40353 31 40728 31 41103 31 41478 31 41853 32 42228 32 42603 32 42978 33 43353 34 43728 34 44103 34 44479 33 44854 33 45229 33 45604 33 45979 33 46354 33 46729 32 46768 1 47103 33 47141 5 47478 32 47516 6 47853 32 47890 7 48227 32 48264 9 48602 32 48639 10 48976 32 49013 12 49351 31 49388 12 49725 32 49762 14 50099 32 50137 15 50472 34 50512 16 50846 34 50886 18 51219 35 51261 19 51506 6 51591 38 51635 21 51879 10 51954 49 52010 22 52253 13 52319 58 52385 23 52627 15 52690 61 52759 25 53001 17 53062 63 53133 27 53376 19 53433 67 53507 29 53750 21 53805 69 53882 31 54124 24 54176 72 54256 33 54498 27 54547 75 54630 36 54873 30 54918 78 55004 38 55247 123 55379 40 55621 123 55753 42 55996 122 56127 45 56370 122 56501 47 56744 121 56875 49 57119 120 57249 51 57493 120 57624 52 57868 119 57998 53 58242 118 58372 55 58617 116 58747 56 58991 116 59120 58 59365 115 59494 60 59740 114 59868 61 60114 114 60242 63 60489 113 60616 65 60863 112 60991 65 61237 112 61365 67 61611 112 61739 68 61986 111 62112 70 62360 111 62486 71 62734 112 62859 73 63108 114 63229 78 63482 116 63601 80 63855 195 64229 191 64601 191 64973 192 65344 195 65712 201 66083 204 66456 205 66830 205 67204 206 67579 206 67954 205 68329 205 68705 204 69080 204 69456 203 69832 201 70207 201 70583 200 70959 199 71334 199 71710 198 72086 198 72461 198 72837 197 73212 197 73588 196 73964 195 74339 195 74715 195 75091 194 75467 193 75843 192 76219 192 76595 191 76972 189 77348 188 77724 187 78101 185 78477 184 78853 183 79229 182 79605 181 79981 180 80357 179 80734 177 81110 175 81487 173 81863 171 82240 169 82616 167 82992 165 83369 161 83745 159 84122 155 84498 152 84874 150 85250 147 85627 143 86003 141 86379 115 86756 104 87132 98 87509 82 87887 69 88263 62 88642 44 89020 36 89397 31 89778 21 90157 14
beagle_16,10272 4 10769 11 11268 15 11767 19 12266 22 12766 24 13265 26 13766 27 14266 28 14766 29 15267 29 15767 29 16268 29 16769 28 17270 28 17770 28 18271 27 18772 27 19273 26 19774 25 20274 25 20775 25 21275 25 21775 25 22276 24 22776 24 23277 24 23778 24 24279 24 24779 25 25278 28 25777 31 26276 36 26773 45 27271 52 27767 60 28257 74 28753 81 29250 86 29748 90 30245 95 30739 102 31224 119 31720 124 32129 3 32217 128 32625 9 32710 135 33122 12 33203 143 33555 7 33618 17 33702 145 34049 33 34113 22 34201 147 34545 90 34700 149 35041 94 35199 53 35258 91 35538 97 35697 50 35761 89 36036 98 36197 49 36262 89 36535 99 36696 48 36764 87 37034 100 37196 46 37265 87 37533 101 37695 46 37767 86 38032 102 38195 45 38269 84 38531 102 38695 45 38771 83 39031 102 39194 45 39273 82 39530 103 39694 45 39775 80 40030 104 40196 43 40277 79 40530 103 40696 43 40779 78 41029 105 41197 44 41282 75 41529 106 41697 46 41785 73 42029 109 42198 47 42287 71 42529 114 42698 51 42790 69 43029 120 43165 11 43197 56 43293 66 43529 125 43661 24 43696 60 43797 63 44029 160 44193 66 44301 59 44529 232 44804 57 45030 232 45307 55 45530 233 45809 53 46030 235 46311 51 46530 236 46813 50 47030 237 47314 49 47530 238 47816 48 48030 239 48317 48 48530 240 48818 47 49030 242 49319 47 49531 242 49820 46 50031 243 50321 46 50531 243 50821 47 51031 244 51322 47 51531 245 51823 47 52031 246 52324 47 52531 247 52825 47 53031 248 53326 48 53531 249 53827 48 53904 8 54031 251 54328 50 54398 17 54531 252 54828 56 54892 25 55031 253 55329 89 55532 253 55830 90 56032 254 56331 90 56532 255 56831 90 57032 256 57332 89 57532 256 57832 89 58032 257 58332 90 58532 258 58832 90 59032 259 59331 90 59532 259 59831 90 60032 260 60331 89 60532 260 60830 89 61032 261 61330 88 61532 261 61830 86 62032 261 62329 82 62532 261 62829 65 62901 4 63032 262 63329 62 63532 262 63828 61 64032 262 64328 60 64532 262 64828 59 65033 261 65328 57 65533 261 65829 55 66033 261 66330 54 66533 261 66831 52 67033 261 67332 50 67533 261 67833 31 67874 8 68033 261 68334 28 68376 6 68533 262 68835 24 68878 3 69033 262 69337 20 69379 1 69533 262 69840 15 70032 263 70342 10 70532 263 71032 264 71532 264 72032 264 72380 1 72532 263 72878 3 73032 263 73378 3 73532 263 73878 3 74032 262 74377 3 74532 262 74874 6 75032 261 75371 9 75532 261 75869 11 76032 261 76367 12 76533 259 76863 16 77033 259 77358 21 77533 259 77854 25 78033 258 78352 27 78534 257 78849 30 79034 257 79347 32 79534 256 79846 33 80035 255 80345 34 80535 255 80843 36 81035 254 81342 37 81536 253 81842 37 82036 253 82341 38 82537 252 82841 38 83037 252 83340 38 83537 252 83840 38 84038 251 84340 38 84538 251 84840 38 85038 251 85339 39 85456 4 85539 250 85839 39 85952 11 86039 250 86339 39 86449 15 86539 250 86839 39 86945 20 87039 251 87338 40 87441 24 87540 250 87838 40 87938 28 88040 250 88338 40 88436 31 88540 251 88839 39 88933 35 89040 251 89339 39 89431 37 89540 250 89839 40 89928 40 90041 249 90339 40 90425 43 90541 249 90840 40 90923 46 91041 249 91340 41 91421 48 91541 248 91840 42 91918 51 92041 248 92340 44 92414 55 92541 248 92841 48 92910 58 93041 248 93341 127 93541 248 93841 126 94041 247 94341 126 94541 247 94842 124 95041 247 95342 84 95440 25 95541 246 95842 77 95948 15 96041 246 96343 72 96540 246 96843 70 97040 246 97343 67 97540 246 97843 64 98040 245 98343 62 98539 246 98843 60 99039 246 99344 57 99538 246 99844 56 100038 246 100344 54 100538 245 100845 52 101037 245 101345 50 101536 245 101846 47 102036 243 102347 45 102535 243 102847 44 103034 243 103348 42 103533 243 103848 40 104033 241 104348 39 104532 241 104812 3 104849 37 105032 240 105312 3 105349 36 105531 240 105812 3 105850 33 106031 239 106312 2 106350 32 106531 238 106851 29 107030 238 107351 27 107530 237 107852 24 108030 236 108353 21 108530 235 108809 4 108854 18 109029 236 109307 7 109355 13 109529 235 109806 9 109858 4 110029 235 110305 10 110528 235 110804 11 111028 235 111303 13 111528 235 111803 13 112027 235 112304 11 112527 235 112805 9 113027 235 113306 6 113526 235 114026 235 114526 236 115025 237 115525 238 116025 238 116525 239 117024 243 117524 246 118024 248 118523 250 119023 252 119523 257 120023 265 120523 271 121022 278 121522 289 121871 3 122022 301 122371 5 122522 306 122871 6 123022 309 123371 6 123522 310 123871 7 124023 311 124371 8 124523 312 124871 9 125023 313 125371 9 125523 314 125870 11 126024 314 126369 13 126524 314 126869 14 127025 314 127368 16 127525 315 127867 17 128026 316 128366 19 128526 317 128865 21 129028 316 129364 23 129529 317 129862 26 130032 24 130062 286 130361 28 130533 19 130563 288 130858 31 131035 16 131064 326 131536 14 131565 326 132038 11 132065 327 132539 9 132565 328 133040 7 133066 328 133541 5 133566 329 134066 330 134566 330 135067 331 135567 332 136068 332 136568 333 137068 334 137569 334 138070 334 138570 336 139070 337 139571 337 140072 337 140572 338 141073 338 141573 339 142074 339 142575 339 143075 340 143576 340 144076 341 144577 340 145078 340 145579 339 146081 338 146582 337 147084 336 147585 335 148086 334 148588 333 149090 331 149591 331 150093 329 150595 328 151096 327 151597 326 152099 325 152600 325 153101 324 153602 324 154103 323 154604 323 155105 322 155606 322 156107 321 156607 322 157108 321 157609 321 158110 320 158611 320 159112 319 159613 319 160114 318 160615 318 161116 318 161616 318 162117 318 162618 317 163119 317 163620 317 164120 318 164621 317 165122 317 165623 316 166123 317 166624 316 167125 316 167626 315 168127 314 168628 313 169129 313 169630 312 170131 311 170632 310 171133 309 171633 310 172134 309 172635 309 173136 308 173637 308 174138 307 174638 307 175139 306 175640 305 176141 302 176642 298 177143 292 177645 286 178148 277 178651 266 179158 253 179665 16 179682 4 179689 216 180197 157 180369 18
yorkshire_terrier_127,6628 12 6927 16 7226 21 7526 26 7825 30 8125 33 8425 36 8725 38 9025 40 9325 43 9548 3 9625 45 9837 30 9926 46 10099 16 10126 50 10226 48 10394 91 10526 51 10692 97 10826 53 10991 101 11127 54 11290 104 11427 55 11589 107 11728 55 11832 7 11889 109 12028 55 12128 15 12188 113 12329 54 12424 23 12486 115 12630 53 12721 28 12785 116 12931 53 13019 33 13083 118 13232 52 13317 38 13380 121 13533 52 13616 42 13679 122 13834 52 13914 50 13976 125 14134 52 14213 188 14435 52 14512 189 14736 51 14811 190 15037 50 15110 191 15338 50 15408 193 15639 50 15706 195 15940 51 16003 198 16241 260 16541 260 16842 259 17143 258 17443 258 17743 258 18044 257 18344 257 18644 257 18944 256 19245 254 19545 252 19846 250 20146 249 20447 247 20747 246 21048 245 21349 242 21649 241 21950 239 22250 237 22551 234 22851 231 23151 227 23452 221 23752 218 24052 215 24352 213 24652 212 24952 211 25252 210 25551 210 25851 210 26151 209 26450 210 26750 211 27050 211 27350 211 27650 212 27949 213 28249 214 28549 216 28849 217 29149 220 29449 227 29686 10 29749 252 30050 251 30350 251 30650 251 30950 251 31250 251 31551 250 31851 250 32151 250 32451 250 32751 250 33051 250 33351 250 33651 250 33951 250 34251 250 34551 250 34851 250 35151 250 35451 250 35751 250 36051 250 36352 249 36652 249 36953 248 37253 248 37554 247 37854 247 38155 246 38456 245 38756 245 39057 244 39357 244 39658 243 39958 243 40258 243 40558 243 40858 243 41158 243 41458 243 41758 243 42058 243 42359 242 42659 206 42871 30 42959 198 43175 26 43259 193 43478 23 43559 189 43779 22 43859 187 44081 20 44159 184 44382 19 44459 183 44684 16 44759 182 44985 11 45059 181 45287 7 45360 179 45660 178 45960 177 46261 174 46561 172 46861 170 47162 167 47462 165 47762 163 48063 161 48363 160 48664 158 48965 156 49265 155 49566 153 49867 151 50168 149 50469 147 50770 146 51071 144 51371 143 51672 142 51973 140 52273 139 52574 137 52875 136 53176 134 53476 133 53777 131 54077 130 54378 128 54679 126 54980 124 55281 122 55582 119 55882 118 56182 117 56481 116 56781 114 57081 113 57380 112 57680 111 57980 110 58280 108 58579 108 58880 106 59180 105 59479 38 59522 62 59779 37 59822 61 60079 35 60123 58 60378 35 60423 57 60678 33 60722 57 60978 32 61022 57 61277 32 61322 56 61577 31 61621 56 61877 30 61921 56 62176 31 62221 55 62476 30 62521 55 62776 29 62820 55 63076 27 63120 55 63376 26 63420 55 63676 25 63720 55 63976 23 64020 55 64276 22 64320 54 64577 19 64620 54 64877 18 64920 54 65177 17 65220 54 65477 16 65520 54 65777 16 65821 53 66078 14 66121 53 66378 13 66421 53 66678 12 66722 51 66978 11 67022 51 67279 9 67322 51 67580 7 67623 50 67881 5 67923 50 68223 50 68524 48 68824 48 69124 48 69424 48 69725 47 70026 45 70326 45 70627 44 70929 42 71230 40 71533 37 71835 34 72139 30 72444 23 72750 16
Ragdoll_130,40825 10 41138 35 41468 41 41800 45 42129 53 42460 58 42792 62 43122 68 43454 72 43785 77 44116 83 44449 86 44781 92 45114 97 45447 101 45780 105 46113 109 46447 111 46780 115 47112 121 47445 126 47777 129 48109 132 48439 137 48770 141 49103 143 49434 147 49768 148 50101 150 50434 152 50768 153 51101 155 51435 156 51769 157 52103 158 52437 159 52771 160 53104 162 53438 163 53772 164 54106 165 54439 167 54773 168 55107 169 55441 170 55775 171 56109 172 56443 173 56777 174 57111 175 57446 175 57780 176 58114 177 58448 178 58782 179 59116 180 59451 180 59785 181 60119 182 60453 183 60787 184 61121 185 61455 186 61790 186 62124 187 62459 187 62793 188 63128 188 63462 189 63797 189 64132 189 64467 189 64802 189 65137 189 65472 189 65806 190 66141 190 66476 190 66811 190 67146 190 67481 190 67816 190 68150 191 68485 191 68820 191 69155 191 69489 192 69824 192 70159 192 70493 193 70828 193 71162 194 71496 195 71830 196 72164 197 72498 198 72831 200 73103 6 73164 202 73437 11 73496 205 73772 13 73826 210 74107 20 74156 215 74442 28 74482 224 74777 264 75112 264 75447 264 75782 264 76118 263 76453 263 76788 263 77124 262 77459 262 77794 262 78130 261 78465 261 78800 261 79136 260 79471 260 79806 260 80141 260 80477 259 80812 259 81147 259 81482 259 81817 259 82152 259 82488 258 82823 258 83158 258 83493 258 83828 258 84163 257 84498 257 84833 256 85168 256 85503 256 85838 256 86172 257 86507 258 86842 258 87177 258 87512 258 87846 259 88181 259 88516 260 88850 261 89185 261 89520 261 89855 260 90189 261 90524 261 90859 261 91193 262 91528 261 91863 261 92197 262 92532 261 92867 259 93201 257 93536 254 93870 253 94205 252 94539 251 94873 251 95208 231 95450 7 95542 229 95876 225 96210 221 96544 217 96878 212 97212 210 97545 208 97879 206 98213 206 98548 203 98882 202 99218 199 99553 196 99889 193 100227 187 100574 171 100915 163 101255 156 101593 151 101929 149 102266 145 102602 142 102938 140 103274 137 103610 135 103946 132 104281 130 104617 128 104953 125 105289 122 105625 120 105961 118 106297 115 106632 114 106969 110 107304 109 107640 107 107977 103 108313 100 108649 98 108987 93 109326 88 109665 83 110003 79 110340 76 110677 74 111015 70 111352 67 111690 64 112029 59 112367 56 112706 52 113051 41 113410 17 113747 15 114084 13 114420 12 114757 10 115093 9 115428 9 115764 8 116099 8 116435 8 116770 8 117105 8 117440 9 117775 9 118110 10 118445 10 118780 10 119115 11 119450 11 119785 12 120120 12 120455 12 120790 13 121124 14 121459 14 121794 15 122129 15 122464 15 122798 16 123133 17 123468 17 123803 17 124137 19 124472 19 124807 19 125141 20 125476 21 125811 21 126145 22 126480 23 126815 23 127150 23 127485 24 127819 25 128154 26 128488 27 128823 27 129158 27 129493 28 129828 28 130163 28 130497 30 130832 30 131167 31 131502 31 131837 31 132171 33 132506 33 132841 33 133175 34 133510 35 133845 35 134179 36 134514 36 134848 37 135183 37 135518 38 135852 39 136187 39 136522 40 136857 40 137192 41 137527 41 137862 41 138197 42 138531 43 138866 43 139201 44 139536 44 139871 44 140206 44 140541 45 140876 45 141211 45 141546 45 141881 45 142217 45 142552 45 142887 45 143222 46 143558 45 143893 45 144228 45 144564 45 144899 45 145235 45 145570 45 145906 44 146241 44 146577 43 146913 42 147249 41 147585 40 147921 39 148257 38 148593 37 148929 36 149264 36 149600 35 149936 33 150272 32 150608 31 150943 31 151279 29 151614 29 151950 27 152285 27 152621 25 152956 25 153291 24 153627 23 153962 22 154297 21 154633 19 154968 18 155304 16 155639 15 155975 12 156311 10 156647 6
keeshond_89,30775 12 31105 19 31435 29 31489 11 31766 36 31817 20 32094 79 32421 87 32751 93 33083 96 33414 101 33746 104 34079 106 34411 110 34743 114 35076 117 35408 122 35740 127 36072 131 36405 133 36737 136 37069 140 37402 143 37734 147 38067 149 38399 152 38732 155 39064 159 39396 166 39729 175 40062 195 40394 206 40727 218 41059 224 41392 232 41724 235 42056 236 42389 236 42721 237 43053 238 43385 239 43717 240 44049 241 44381 242 44714 242 45046 243 45379 243 45711 244 45979 7 46043 245 46312 14 46376 245 46645 17 46708 246 46979 19 47041 246 47312 21 47373 247 47646 23 47705 248 47981 24 48037 249 48315 25 48370 249 48649 28 48702 250 48983 30 49035 250 49317 33 49367 251 49652 34 49698 253 49986 37 50026 2 50029 255 50320 297 50655 295 50989 294 51324 292 51658 291 51993 289 52329 286 52664 284 52998 283 53333 281 53668 279 54001 279 54335 278 54669 277 55002 277 55336 276 55669 276 56003 275 56336 275 56670 274 57003 274 57336 274 57670 273 58003 273 58336 273 58670 272 59003 272 59336 272 59669 272 60002 272 60335 272 60668 272 61001 272 61333 273 61666 273 61999 273 62331 274 62664 274 62996 275 63329 275 63661 276 63994 276 64326 277 64658 278 64991 278 65323 279 65656 279 65988 280 66321 280 66653 281 66986 281 67319 281 67651 282 67984 282 68317 282 68649 283 68982 283 69315 283 69648 283 69981 283 70313 284 70646 284 70979 284 71312 284 71645 284 71978 284 72311 284 72644 284 72977 284 73310 284 73643 284 73976 284 74309 284 74642 284 74975 284 75308 284 75641 284 75974 284 76307 284 76640 284 76973 284 77306 284 77639 284 77972 284 78305 284 78638 284 78971 284 79304 284 79637 284 79970 284 80303 284 80635 285 80968 285 81301 285 81634 285 81967 285 82300 285 82633 285 82966 285 83299 285 83632 285 83965 285 84298 285 84631 285 84964 285 85297 285 85630 285 85963 285 86296 285 86629 285 86962 285 87295 285 87628 285 87961 285 88294 285 88627 285 88960 285 89293 285 89627 284 89960 284 90293 284 90626 284 90959 284 91292 284 91625 284 91958 284 92291 284 92624 284 92957 284 93290 284 93623 284 93956 284 94290 283 94623 283 94956 283 95289 283 95622 283 95955 283 96288 283 96621 283 96954 283 97287 283 97620 283 97953 283 98286 283 98619 283 98951 284 99284 284 99617 284 99950 284 100283 284 100615 285 100948 285 101281 285 101614 285 101946 286 102279 286 102611 287 102944 287 103276 288 103608 289 103941 289 104273 290 104605 291 104937 292 105269 293 105601 294 105933 295 106265 296 106597 297 106929 298 107261 299 107593 300 107925 301 108257 302 108589 303 108921 304 109253 305 109585 306 109917 307 110250 307 110582 308 110914 309 111247 309 111579 310 111911 311 112244 311 112576 312 112909 312 113242 312 113574 313 113907 313 114240 313 114572 314 114905 314 115238 314 115571 314 115903 315 116236 315 116569 315 116902 315 117234 316 117567 316 117900 316 118233 316 118566 316 118899 316 119232 316 119565 316 119898 316 120231 316 120564 316 120898 315 121231 315 121565 314 121898 314 122232 313 122566 312 122899 312 123233 311 123567 310 123901 309 124235 308 124569 307 124903 306 125238 304 125572 303 125907 301 126242 299 126578 296 126913 294 127248 292 127583 290 127918 288 128252 287 128587 285 128921 284 129256 282 129591 280 129925 279 130260 277 130594 276 130929 274 131263 273 131597 272 131931 271 132265 270 132599 269 132933 268 133267 267 133600 267 133934 266 134268 265 134602 264 134936 263 135270 262 135603 262 135937 261 136271 260 136605 259 136939 258 137273 257 137607 256 137940 256 138274 255 138608 254 138942 253 139275 253 139609 252 139943 251 140277 250 140610 250 140944 249 141278 248 141612 247 141946 246 142280 245 142614 244 142948 243 143282 242 143616 241 143950 240 144283 240 144617 239 144951 238 145285 237 145619 236 145952 236 146287 234 146621 233 146955 232 147290 230 147624 229 147959 227 148293 226 148627 225 148962 223 149296 222 149630 221 149965 219 150299 218 150635 215 150971 212 151306 210 151641 208 151976 206 152310 205 152645 203 152981 200 153315 199 153650 197 153985 195 154320 193 154654 192 154989 190 155323 189 155657 188 155991 187 156325 186 156659 185 156993 184 157327 183 157661 182 157995 181 158329 180 158664 178 158999 176 159335 173 159673 168 160010 164 160346 161 160681 159 161016 157 161351 155 161686 153 162020 152 162355 150 162690 148 163024 147 163358 146 163692 145 164027 143 164360 143 164694 142 165028 141 165361 141 165694 141 166027 140 166360 140
wheaten_terrier_91,37245 2 37256 4 37718 58 38213 69 38709 78 39204 88 39699 98 40194 110 40691 117 41188 124 41685 129 42183 134 42681 139 43179 145 43677 151 44174 158 44672 164 45170 170 45668 177 46165 195 46663 205 47161 212 47660 218 48158 227 48656 234 49154 240 49652 244 50151 246 50649 250 51147 253 51646 254 52144 257 52642 259 53141 260 53639 262 54138 264 54636 266 55135 266 55633 268 56132 269 56631 270 57130 271 57629 272 58128 273 58627 274 59126 275 59626 275 60125 276 60624 277 61123 278 61623 278 62122 279 62622 278 63121 279 63620 280 64120 280 64620 280 65119 281 65619 281 66118 282 66618 282 67117 282 67617 282 68116 283 68615 283 69115 283 69614 283 70113 283 70612 284 71111 284 71610 284 72109 284 72608 246 72858 32 73107 244 73361 27 73606 242 73865 21 74104 243 74367 17 74602 244 74872 9 75101 243 75599 244 76097 245 76595 228 76826 15 77092 229 77329 10 77590 230 77832 4 78087 233 78585 234 79084 234 79582 236 80081 236 80579 238 81076 241 81571 246 82065 252 82555 263 83045 273 83541 277 84039 279 84537 281 85036 283 85535 284 86034 286 86533 288 87033 290 87532 292 88032 294 88532 297 89032 307 89532 312 90032 315 90533 316 91033 319 91533 321 92033 324 92534 325 93034 326 93535 327 94035 328 94535 329 95036 329 95536 330 96036 331 96537 331 97037 332 97537 333 98038 332 98538 333 99038 333 99538 334 100038 334 100538 335 101038 335 101538 335 102039 335 102539 335 103038 336 103538 337 104038 337 104538 338 105038 338 105538 339 106038 339 106538 340 107038 340 107538 341 108038 342 108538 343 109038 343 109538 344 110038 344 110538 345 111037 346 111537 346 112037 346 112536 347 113036 347 113535 347 114035 347 114535 346 115035 345 115534 345 116034 344 116534 343 117034 340 117533 332 118033 328 118533 325 119033 321 119533 319 120033 317 120533 314 121033 312 121533 311 122033 311 122533 310 123033 310 123533 309 124034 308 124534 308 125034 307 125534 307 126034 307 126534 307 127034 308 127534 308 128034 309 128534 310 129034 310 129534 311 130035 311 130535 312 131035 313 131536 313 132036 314 132537 314 133038 313 133538 313 134039 312 134539 312 135040 311 135540 311 136041 309 136541 308 137042 306 137542 305 138043 303 138543 302 139044 300 139545 298 140045 296 140545 295 141046 292 141546 290 142046 287 142547 282 143047 278 143548 273 144048 269 144548 265 145049 261 145549 259 146050 254 146551 249 147052 242 147553 222 148054 214 148555 115 148688 76 149056 109 149197 62 149558 104 149702 52 150059 99 150207 43 150561 95 150712 33 151063 90 151221 16 151564 86 152067 80 152570 74 153077 65 153586 52 154096 38 154609 18
miniature_pinscher_13,53146 4 53644 9 54143 12 54643 13 55143 16 55643 18 56143 21 56329 16 56644 23 56824 35 57145 24 57319 46 57646 26 57815 55 58147 27 58311 63 58648 28 58808 71 59149 29 59304 78 59651 29 59800 86 60152 29 60294 96 60653 29 60789 107 61155 28 61283 122 61657 27 61780 131 62158 27 62277 140 62659 27 62775 147 63161 25 63273 153 63662 25 63771 157 64163 25 64269 161 64665 24 64767 164 65168 22 65265 167 65671 23 65762 170 66172 24 66260 142 66419 12 66673 25 66758 138 67174 26 67256 136 67675 27 67753 136 68175 29 68250 136 68675 31 68746 139 69175 35 69240 143 69675 41 69731 152 70175 207 70675 206 71175 206 71675 205 72175 205 72676 204 73176 203 73676 203 74176 202 74676 202 75177 201 75677 200 76177 200 76677 199 77177 199 77677 198 78177 198 78677 197 79176 198 79676 197 80176 197 80676 197 81176 197 81676 197 82176 196 82676 196 83176 196 83676 197 84176 197 84676 197 85176 197 85676 198 86176 198 86676 199 87176 200 87676 4 87683 193 88185 193 88684 195 89183 198 89675 1 89682 202 90175 1 90182 206 90675 2 90682 211 91175 4 91181 214 91676 220 92176 220 92676 220 93175 221 93674 222 94147 7 94173 223 94642 20 94669 227 95141 255 95640 255 96139 256 96637 259 97137 259 97636 260 98135 262 98634 93 98742 155 99133 87 99254 145 99632 81 99759 142 99926 9 100132 51 100262 143 100414 23 100632 49 100765 173 101132 48 101268 170 101634 44 101771 167 102138 38 102274 163 102645 27 102777 159 103279 155 103782 142 104284 123 104786 111 105289 100 105791 91 106293 85 106795 79 107297 73 107800 68 108302 62 108805 55 109309 45 109814 28 110320 13
staffordshire_bull_terrier_195,79 205 329 25 453 207 704 25 828 208 1079 24 1203 208 1454 24 1578 209 1828 25 1953 210 2203 25 2328 211 2577 26 2703 211 2951 28 3078 212 3325 29 3453 212 3699 30 3829 211 4073 31 4204 210 4448 31 4579 210 4822 31 4955 209 5196 32 5330 209 5571 32 5705 209 5945 32 6081 207 6319 33 6456 207 6693 33 6832 206 7051 4 7067 34 7207 206 7426 50 7582 206 7799 51 7958 206 8173 52 8333 206 8547 52 8709 206 8921 52 9084 208 9295 53 9459 263 9835 262 10210 261 10585 261 10960 260 11336 258 11711 258 12086 257 12461 256 12836 256 13212 254 13587 253 13962 252 14337 252 14712 251 15087 250 15463 248 15838 247 16213 247 16588 246 16963 245 17338 244 17714 242 18089 242 18464 241 18839 241 19214 240 19589 239 19965 238 20340 237 20715 236 21090 236 21465 235 21840 234 22216 233 22591 232 22966 232 23341 231 23716 231 24092 229 24467 229 24842 228 25217 228 25592 227 25967 227 26342 226 26717 226 27093 224 27468 224 27843 223 28218 223 28593 223 28968 222 29343 222 29718 222 30093 221 30468 221 30843 221 31219 219 31594 219 31969 219 32344 218 32719 218 33094 218 33469 217 33844 217 34219 217 34595 215 34970 215 35345 214 35720 214 36095 214 36470 213 36845 213 37221 212 37596 212 37971 212 38346 212 38721 211 39096 211 39471 211 39846 210 40222 209 40597 209 40972 208 41347 208 41722 208 42097 208 42472 207 42848 206 43223 206 43598 205 43973 205 44348 205 44723 205 45098 204 45473 204 45849 203 46224 203 46599 203 46974 203 47349 202 47724 202 48099 202 48474 202 48849 202 49224 201 49599 201 49974 201 50349 201 50724 201 51099 201 51474 201 51849 201 52224 201 52599 201 52974 201 53349 201 53724 201 54099 201 54474 201 54849 202 55224 202 55599 203 55974 203 56349 204 56724 204 57099 205 57474 206 57849 206 58224 207 58599 208 58974 208 59349 209 59724 210 60099 210 60474 211 60849 212 61224 213 61599 213 61974 214 62349 214 62724 214 63099 215 63474 215 63849 216 64224 216 64599 216 64974 216 65349 217 65723 218 66098 218 66473 219 66848 219 67222 220 67597 221 67894 4 67971 222 68268 7 68345 223 68643 7 68720 223 69017 9 69093 226 69392 10 69433 11 69466 228 69767 11 69803 27 69837 232 70142 12 70173 272 70516 18 70541 279 70891 305 71266 305 71641 305 72016 306 72392 305 72767 306 73142 306 73517 307 73892 307 74267 307 74643 307 75018 307 75393 307 75768 307 76143 308 76518 308 76894 307 77269 308 77644 308 78019 308 78395 307 78770 307 79145 308 79520 308 79896 307 80271 308 80646 308 81021 308 81396 309 81771 309 82147 308 82522 309 82897 309 83272 309 83648 309 84023 309 84398 310 84774 309 85149 310 85524 310 85900 309 86275 310 86650 310 87026 310 87401 310 87777 309 88152 309 88528 309 88903 309 89279 308 89654 308 90030 307 90406 306 90782 306 91157 306 91533 305 91909 304 92285 303 92661 303 93036 303 93412 302 93788 301 94164 300 94540 300 94916 299 95293 297 95669 296 96046 294 96423 292 96800 290 97177 288 97555 285 97932 284 98310 281 98688 278 99069 272 99449 267 99828 263 100204 262 100580 261 100957 259 101333 258 101709 257 102085 255 102461 254 102837 253 103213 252 103589 250 103965 249 104341 247 104717 246 105093 244 105469 243 105845 241 106221 239 106597 238 106973 236 107349 234 107725 232 108101 230 108477 228 108853 226 109229 225 109605 222 109981 220 110357 218 110734 215 111110 213 111486 210 111862 208 112238 206 112615 202 112991 200 113368 197 113744 194 114120 192 114496 189 114873 185 115249 182 115625 180 116001 177 116377 175 116753 172 117128 171 117504 169 117880 167 118256 165 118632 163 119007 162 119383 159 119759 157 120134 156 120510 154 120886 152 121261 151 121637 149 122012 148 122388 146 122763 145 123139 143 123514 142 123890 140 124265 138 124641 136 125016 135 125392 133 125767 132 126143 130 126518 129 126894 126 127269 125 127645 123 128021 121 128396 120 128772 117 129148 115 129523 113 129899 111 130274 110 130650 108 131026 105 131401 104 131777 102 132153 100 132528 99 132904 97 133280 95 133655 95 134031 93 134407 91 134783 90 135159 88 135535 86 135910 86 136286 84 136662 83 137037 82 137413 81 137788 80 138164 79 138540 77 138915 77 139291 75 139667 74 140042 74 140418 72 140794 12 140811 53 141170 10 141187 52 141545 9 141563 50 141921 7 141939 49 142297 5 142315 47 142674 1 142691 46 143067 44 143443 42 143818 42 144194 41 144570 39 144946 38 145323 35 145699 33 146076 30 146453 27 146830 24 147207 20 147587 13 147967 6
american_bulldog_14,36591 2 36964 5 37338 7 37712 9 38086 11 38458 15 38832 16 39204 20 39577 23 39951 24 40325 26 40699 28 41072 30 41446 32 41819 35 42193 36 42566 39 42940 41 43314 42 43687 45 44059 49 44400 8 44430 54 44759 100 45130 105 45503 108 45877 110 46251 112 46626 113 47001 114 47377 114 47753 114 48129 115 48505 115 48881 115 49257 115 49633 115 50009 116 50385 116 50761 116 51137 117 51513 118 51889 119 52265 120 52641 121 53017 122 53393 123 53769 124 54145 126 54521 129 54897 132 55273 137 55649 143 56025 171 56401 176 56777 179 57153 182 57529 185 57827 11 57905 188 58195 21 58281 191 58566 28 58657 202 58860 12 58939 32 59033 222 59311 38 59409 234 59677 49 59785 242 60043 60 60161 319 60537 320 60913 322 61289 323 61665 324 62041 325 62417 326 62793 328 63169 329 63545 330 63921 331 64297 331 64673 332 65049 332 65425 333 65801 333 66177 333 66553 333 66929 333 67305 333 67681 332 68057 332 68433 332 68809 331 69185 331 69561 330 69937 330 70313 329 70689 329 71065 328 71441 328 71817 327 72193 327 72569 326 72945 325 73321 325 73697 324 74073 323 74449 322 74825 322 75201 321 75577 320 75953 319 76329 318 76705 317 77081 317 77457 316 77833 316 78209 316 78585 316 78961 315 79337 315 79713 314 80089 314 80465 314 80841 313 81217 313 81593 312 81969 312 82345 311 82721 310 83097 309 83473 308 83849 307 84225 306 84601 304 84977 302 85353 301 85729 300 86105 299 86481 299 86857 299 87233 298 87609 298 87985 298 88361 297 88737 296 89113 296 89489 295 89865 295 90241 295 90617 295 90993 295 91369 295 91745 295 92121 295 92497 295 92873 296 93249 296 93625 296 94001 296 94377 296 94753 295 95129 295 95505 295 95881 295 96257 295 96633 295 97009 295 97385 295 97761 295 98137 295 98513 294 98889 294 99265 294 99641 294 100017 294 100393 293 100769 293 101145 293 101521 293 101897 293 102273 293 102649 292 103025 292 103401 292 103777 292 104153 292 104529 292 104905 292 105281 291 105657 291 106033 291 106409 291 106785 291 107161 291 107537 291 107913 290 108289 290 108665 290 109041 290 109417 290 109793 289 110169 289 110545 289 110921 288 111297 288 111673 287 112049 286 112425 286 112801 285 113177 285 113553 284 113929 283 114305 283 114681 282 115057 281 115433 280 115809 279 116185 278 116561 278 116937 277 117313 276 117689 275 118065 273 118441 272 118817 271 119193 269 119569 267 119945 265 120321 263 120697 261 121073 257 121449 255 121825 253 122201 250 122577 249 122953 247 123329 245 123705 243 124081 242 124457 240 124833 238 125209 237 125585 235 125961 234 126337 232 126713 231 127089 230 127465 228 127841 227 128217 225 128593 223 128969 219 129345 214 129721 206 130097 201 130473 191 130849 183 131225 177 131601 170 131977 168 132353 166 132729 164 133105 163 133481 161 133857 160 134233 159 134609 159 134985 158 135361 157 135737 157 136113 156 136489 155 136865 154 137241 154 137617 153 137993 152 138369 151 138745 151 139121 150 139497 149 139873 149 140249 148 140625 148 141001 147 141377 147 141753 146 142129 145 142505 145 142881 144 143257 143 143633 143 144009 142 144385 141 144761 141 145137 140 145513 139 145889 138 146265 137 146641 137 147017 136 147393 135 147769 134 148145 133 148521 132 148897 131 149273 130 149649 129 150025 128 150401 111 150514 13 150777 102 150897 2 151153 98 151529 96 151905 94 152281 92 152657 91 153033 90 153410 89 153790 85 154169 82 154548 79 154928 75 155307 72 155685 70 156066 65 156445 63 156825 59 157204 56 157583 54 157962 51 158341 49 158720 46 159098 45 159476 44 159854 42 160231 42 160609 41 160986 40 161363 40 161740 39 162117 39 162494 38 162871 37 163248 36 163625 35 164001 35 164378 34 164755 33 165131 33 165508 31 165885 30 166262 29 166640 26 167027 14 167407 9 167786 5
leonberger_29,49473 3 49781 12 49799 14 50107 41 50436 47 50765 52 51096 54 51427 57 51758 60 52090 62 52421 65 52753 67 53085 69 53418 70 53750 72 54082 73 54414 75 54747 76 55079 77 55412 77 55744 78 56077 78 56409 80 56742 80 57074 81 57406 82 57739 82 58072 82 58404 84 58737 84 59069 85 59402 85 59735 85 60068 85 60400 86 60733 86 61066 86 61399 86 61732 87 62064 24 62095 57 62397 24 62433 52 62729 25 62769 50 63044 8 63058 31 63104 49 63166 9 63373 52 63437 49 63497 14 63700 62 63771 49 63828 33 64029 68 64103 52 64158 40 64358 177 64687 183 65017 188 65348 191 65679 194 66009 197 66340 200 66670 204 67000 207 67331 210 67662 212 67994 214 68326 215 68658 217 68990 218 69322 220 69654 221 69987 222 70319 223 70651 224 70983 226 71315 227 71647 228 71979 230 72310 232 72642 233 72974 235 73305 237 73637 238 73969 239 74301 241 74633 242 74965 243 75298 243 75630 245 75962 246 76295 246 76627 247 76959 249 77292 249 77624 250 77956 251 78289 252 78621 253 78953 255 79286 255 79618 257 79950 259 80283 261 80615 265 80947 270 81279 273 81611 276 81943 278 82276 278 82608 280 82940 282 83272 284 83605 285 83937 287 84270 287 84602 289 84935 289 85268 290 85600 291 85933 292 86265 294 86598 294 86931 295 87263 296 87596 296 87929 296 88262 296 88595 296 88927 297 89260 297 89593 297 89926 296 90259 296 90592 296 90925 296 91258 296 91591 295 91924 295 92257 295 92590 294 92923 294 93256 294 93589 293 93922 293 94255 293 94588 292 94921 292 95255 291 95588 291 95921 291 96255 291 96588 291 96921 291 97255 290 97588 290 97921 290 98255 255 98512 33 98588 252 98847 31 98921 250 99181 30 99254 248 99515 29 99588 247 99849 28 99921 246 100183 27 100254 246 100516 27 100587 246 100850 26 100921 246 101183 26 101254 246 101516 26 101587 245 101849 26 101920 245 102183 25 102254 244 102516 25 102587 243 102849 26 102920 242 103182 26 103253 241 103515 26 103586 241 103847 27 103920 240 104180 27 104253 240 104513 27 104586 240 104846 27 104919 240 105178 29 105253 240 105511 29 105586 240 105843 31 105919 241 106176 32 106253 241 106508 33 106586 242 106840 35 106920 242 107173 36 107253 244 107505 38 107587 290 107920 291 108254 291 108587 291 108921 291 109254 291 109587 292 109921 292 110254 293 110588 294 110921 295 111255 295 111588 295 111922 296 112255 297 112589 297 112922 297 113256 296 113590 297 113923 297 114257 296 114591 295 114925 294 115259 293 115593 292 115927 291 116261 290 116594 290 116928 289 117262 288 117596 287 117929 287 118263 286 118597 285 118931 284 119265 283 119599 282 119933 281 120267 280 120601 279 120935 278 121269 277 121603 276 121937 275 122271 274 122605 273 122940 271 123273 271 123607 268 123941 265 124275 261 124609 254 124943 251 125277 248 125612 244 125946 242 126280 240 126614 238 126949 236 127283 234 127617 232 127951 230 128285 228 128619 225 128953 222 129287 219 129621 217 129955 215 130289 212 130623 210 130957 209 131291 207 131625 205 131959 203 132294 200 132628 199 132963 196 133297 195 133632 192 133966 190 134301 188 134636 185 134970 183 135305 181 135640 178 135975 175 136310 172 136645 169 136979 167 137313 166 137647 164 137982 161 138316 159 138650 157 138984 155 139318 153 139652 150 139987 146 140321 143 140655 138 140990 131 141325 121 141661 107 141997 98 142332 87 142669 77 143005 47 143062 13 143346 1 143348 16
wheaten_terrier_46,81748 6 82069 21 82390 32 82536 11 82717 36 82852 25 83045 38 83176 31 83371 43 83463 6 83483 9 83498 38 83698 49 83782 83 84024 56 84081 3 84106 89 84351 173 84678 175 85006 176 85335 176 85663 178 85992 178 86321 178 86651 177 86980 178 87309 178 87638 178 87967 178 88296 179 88626 178 88955 178 89284 178 89613 179 89942 179 90271 179 90601 178 90930 178 91259 178 91589 178 91918 178 92247 178 92577 177 92906 177 93236 176 93565 176 93895 175 94225 173 94554 173 94884 172 95214 170 95544 169 95874 167 96204 165 96534 163 96864 161 97194 158 97525 155 97868 139 98200 8 98213 121 98544 118 98874 115 99205 112 99535 110 99865 108 100196 105 100526 103 100856 102 101187 100 101517 100 101847 101 102177 101 102508 99 102838 99 103168 98 103498 97 103828 96 104159 94 104489 93 104820 91 105150 90 105480 89 105811 87 106141 87 106471 86 106801 85 107132 83 107462 83 107792 82 108122 81 108453 79 108783 79 109114 77 109444 76 109775 74 110106 72 110436 71 110768 69 111099 67 111430 65 111761 63 112092 61 112422 60 112754 57 113084 56 113415 54 113747 51 114078 49 114411 45 114744 41 115075 39 115408 35 115739 33 116072 29 116406 24 116738 21 117070 18 117402 15 117733 13 118064 11 118396 7 118726 6 119058 1
British_Shorthair_177,63042 17 63372 24 63703 31 64035 36 64366 41 64697 44 65029 47 65361 48 65693 50 66024 53 66356 54 66687 57 67019 59 67350 61 67681 64 68012 66 68343 69 68672 73 69003 76 69332 80 69660 86 69990 89 70317 96 70644 102 70972 108 71303 111 71634 113 71966 115 72298 117 72630 119 72963 121 73295 124 73628 125 73960 128 74293 130 74626 131 74959 132 75291 135 75624 136 75957 137 76290 138 76622 140 76955 141 77288 141 77621 142 77954 142 78287 143 78620 144 78953 144 79286 144 79619 145 79951 146 80284 147 80617 147 80950 148 81283 148 81616 149 81949 150 82282 151 82615 152 82948 153 83116 6 83281 158 83441 18 83613 181 83946 182 84279 183 84612 184 84945 185 85278 185 85611 185 85944 186 86277 186 86610 186 86943 185 87276 185 87609 185 87942 184 88275 183 88609 181 88942 180 89275 179 89608 177 89941 174 90274 172 90607 168 90940 163 91274 159 91607 155 91940 152 92273 150 92606 147 92940 144 93273 143 93606 141 93939 140 94273 139 94606 138 94939 138 95272 137 95606 136 95939 135 96272 135 96606 133 96939 133 97273 132 97606 131 97939 131 98273 130 98607 129 98940 128 99274 127 99608 126 99942 125 100276 124 100613 120 100957 109 101293 106 101628 104 101964 101 102299 99 102634 97 102969 95 103303 94 103638 92 103972 91 104306 90 104640 89 104973 89 105307 88 105641 87 105974 87 106307 87 106641 86 106974 86 107308 85 107641 85 107974 85 108308 84 108641 84 108974 84 109307 84 109641 83 109974 83 110307 84 110640 84 110974 82 111307 82 111640 82 111973 82 112306 82 112639 82 112973 81 113306 81 113639 81 113972 81 114305 81 114638 81 114971 81 115304 81 115638 80 115971 80 116304 80 116637 80 116970 80 117303 80 117636 80 117969 80 118302 80 118635 80 118969 79 119302 79 119635 79 119968 79 120301 79 120634 79 120967 79 121300 79 121633 79 121966 79 122299 79 122632 79 122965 79 123299 78 123632 78 123965 78 124298 78 124631 78 124964 78 125297 78 125630 78 125963 78 126296 78 126629 78 126963 77 127296 77 127629 77 127962 77 128295 76 128628 76 128961 76 129294 76 129628 75 129961 75 130294 75 130627 75 130960 75 131294 74 131627 74 131960 74 132294 73 132627 73 132960 73 133293 72 133627 71 133960 71 134293 71 134627 71 134960 71 135293 71 135627 70 135960 70 136293 70 136627 69 136960 69 137293 70 137627 69 137960 69 138293 70 138627 69 138960 69 139065 12 139294 69 139394 17 139627 70 139723 22 139960 70 140052 26 140294 70 140383 28 140627 71 140713 31 140960 73 141044 33 141294 74 141374 36 141627 115 141961 114 142294 113 142627 113 142961 111 143294 110 143628 108 143961 106 144294 105 144628 103 144961 101 145295 98 145628 96 145962 94 146295 93 146629 91 146962 90 147296 88 147630 86 147963 85 148297 83 148631 81 148964 80 149298 78 149631 77 149965 74 150298 73 150632 71 150965 70 151299 68 151632 66 151965 64 152299 61 152632 60 152965 58 153298 56 153632 17 153658 27 153965 15 153994 22 154298 14 154330 17 154632 12 154669 6 154965 11 155298 10 155631 10 155965 8 156298 7 156631 7 156965 5 157298 5 157632 4 157965 3
german_shorthaired_61,61696 10 62026 11 62281 19 62315 35 62610 74 62873 7 62940 77 63204 18 63268 80 63536 22 63599 78 63869 25 63929 75 64202 27 64260 63 64535 28 64592 59 64868 30 64922 58 65202 31 65254 59 65535 32 65586 60 65869 33 65916 63 66202 35 66249 64 66536 38 66580 67 66870 111 67204 111 67537 112 67871 112 68205 112 68539 112 68873 113 69207 113 69541 113 69875 114 70208 115 70542 116 70876 116 71210 117 71544 117 71878 118 72212 118 72546 118 72880 79 72960 38 73214 78 73294 39 73549 76 73628 39 73883 75 73963 38 74217 73 74297 38 74551 69 74631 38 74886 67 74965 38 75220 66 75299 38 75555 64 75633 38 75889 63 75967 39 76224 62 76301 39 76559 60 76635 39 76894 59 76969 40 77230 57 77303 41 77565 55 77637 45 77903 51 77971 70 78258 31 78305 77 78595 28 78639 88 78930 28 78973 84 79265 28 79307 73 79600 28 79641 67 79935 29 79974 36 80269 30 80308 35 80604 31 80640 36 80938 71 81272 71 81606 71 81941 70 82275 70 82609 70 82943 70 83277 71 83611 72 83945 73 84279 74 84613 75 84947 77 85281 78 85615 79 85949 80 86283 81 86618 81 86952 82 87286 83 87620 84 87954 85 88288 66 88361 13 88623 62 88698 11 88957 60 89034 10 89291 58 89370 9 89625 57 89706 7 89960 55 90042 7 90294 54 90377 7 90628 54 90712 7 90962 54 91047 8 91296 53 91382 8 91631 52 91717 9 91965 53 92052 9 92299 53 92387 8 92633 53 92723 4 92967 53 93302 53 93636 53 93971 53 94305 54 94640 54 94977 52 95312 51 95649 50 95984 50 96320 49 96655 50 96990 50 97325 51 97660 52 97995 52 98331 52 98666 53 99002 52 99339 50 99677 47 100014 45 100358 37 100696 34 101035 30 101375 25 101711 24 102049 21 102388 17 102723 17 103061 14 103397 13 103732 13 104069 11 104404 11 104740 11 105076 10 105411 10 105746 11 106082 10 106417 10 106753 11 107088 11 107424 10 107760 9 108097 4
Persian_169,9492 2 9979 18 10475 26 10974 27 11471 30 11968 33 12465 36 12961 40 13457 44 13952 49 14449 52 14946 55 15443 58 15940 61 16436 65 16933 68 17430 71 17928 73 18426 75 18924 77 19422 79 19921 80 20419 82 20917 84 21414 87 21910 91 22405 96 22901 100 23397 104 23894 107 24391 110 24889 112 25386 115 25884 117 26381 120 26878 123 27375 126 27873 128 28370 131 28868 133 29366 135 29864 137 30361 140 30859 142 31356 145 31853 148 32350 151 32846 155 33343 158 33840 161 34337 164 34834 167 35330 171 35824 177 36319 182 36814 187 37309 192 37806 195 38302 199 38800 201 39297 204 39795 206 40292 209 40790 211 41287 214 41784 217 42280 221 42775 226 43271 230 43767 234 44262 239 44757 244 45253 248 45746 255 46240 261 46733 268 47230 271 47727 274 48225 276 48721 280 49215 286 49710 291 50202 299 50695 306 51191 310 51687 314 52183 318 52680 321 53176 325 53670 331 54164 337 54656 345 55151 350 55646 355 56140 361 56634 367 57130 371 57625 376 58119 382 58614 387 59111 390 59608 393 60105 396 60602 399 61098 403 61595 406 62093 408 62590 411 63088 413 63585 416 64084 417 64582 419 65080 421 65579 422 66077 424 66576 425 67074 427 67572 429 68070 431 68568 433 69066 435 69565 436 70064 437 70563 438 71062 439 71562 439 72061 440 72561 440 73061 440 73561 440 74061 440 74561 440 75062 439 75562 439 76062 439 76563 438 77063 438 77564 437 78064 437 78565 436 79065 436 79566 435 80067 434 80567 434 81068 433 81569 432 82069 432 82570 431 83070 431 83571 430 84071 430 84572 429 85072 429 85572 429 86073 428 86573 428 87073 428 87573 428 88073 428 88573 428 89074 427 89574 427 90074 427 90574 427 91075 426 91575 426 92075 426 92576 425 93076 425 93577 424 94077 424 94578 423 95078 423 95579 422 96079 422 96580 421 97080 421 97581 420 98081 420 98582 419 99082 419 99583 418 100083 418 100584 417 101084 417 101585 416 102085 416 102585 416 103086 415 103586 415 104087 414 104587 414 105087 414 105588 413 106088 413 106588 413 107089 412 107589 412 108089 412 108590 411 109090 411 109590 411 110090 411 110590 411 111091 410 111591 410 112091 410 112592 409 113092 409 113592 409 114092 409 114592 409 115092 409 115592 409 116092 409 116592 409 117092 409 117593 408 118093 408 118593 408 119093 408 119593 408 120092 409 120592 409 121092 409 121592 409 122092 409 122592 409 123092 409 123592 409 124092 409 124591 410 125091 410 125591 410 126091 410 126590 411 127090 411 127590 411 128089 412 128589 412 129089 412 129588 413 130088 413 130588 413 131087 414 131587 414 132087 414 132587 414 133087 414 133586 415 134086 415 134586 415 135086 415 135586 415 136086 415 136585 416 137085 416 137585 416 138086 415 138586 415 139087 414 139588 413 140093 408 140603 398 141111 390 141616 385 142120 381 142623 378 143126 375 143629 372 144132 369 144634 367 145136 365 145639 359 146141 344 146643 308 147145 72 147228 218 147647 66 147732 211 148149 61 148235 205 148652 55 148738 200 149154 51 149240 196 149656 47 149742 192 150158 42 150244 189 150661 35 150746 185 151164 27 151249 180 151670 8 151751 176 152254 171 152758 165 153275 75 153362 58 153788 49 153866 53 154296 33 154369 48 154801 20 154871 44 155375 37 155878 31 156382 18
samoyed_136,113006 5 113379 11 113753 16 114127 21 114502 35 114877 77 115252 80 115627 84 116002 87 116377 90 116752 93 117127 95 117502 97 117877 100 118252 102 118628 104 119003 107 119378 108 119753 111 120128 114 120503 116 120878 118 121253 120 121628 121 122003 122 122378 123 122753 124 123128 124 123503 125 123879 124 124254 124 124629 125 125004 125 125379 125 125754 125 126129 125 126504 125 126879 125 127254 125 127630 123 128005 123 128380 123 128755 123 129130 122 129506 121 129881 120 130256 120 130631 120 131006 119 131381 119 131757 117 132132 117 132507 116 132882 115 133257 114 133633 110 134008 107 134384 5 134395 92 134771 90 135146 89 135522 87 135897 87 136272 86 136647 86 137021 87 137396 86 137770 87 138144 89 138519 89 138893 91 139267 92 139641 94 140014 97 140388 99 140762 105 141135 109 141508 112 141881 115 142253 118 142627 25 142659 86 143000 23 143037 79 143374 23 143414 75 143748 22 143792 68 144123 20 144169 63 144497 19 144546 59 144872 17 144923 53 145247 15 145301 47 145622 12 145679 40 145998 8 146059 28 146438 17
german_shorthaired_19,32486 7 32858 18 33228 31 33551 22 33598 38 33921 36 33967 48 34291 107 34662 115 35035 105 35408 97 35781 94 36154 93 36527 92 36900 92 37273 92 37646 92 38020 92 38393 91 38766 91 39139 91 39512 91 39885 91 40258 92 40629 94 41002 93 41374 95 41747 95 42120 96 42494 96 42867 97 43241 97 43614 98 43988 98 44362 98 44736 99 45110 99 45484 100 45858 101 46232 102 46607 102 46981 103 47355 104 47729 105 48104 105 48478 107 48853 107 49227 109 49602 109 49976 111 50351 112 50725 114 51100 115 51475 116 51849 118 52224 119 52599 120 52973 122 53348 124 53722 126 54097 127 54471 130 54846 131 55220 134 55594 136 55969 138 56343 140 56718 141 57093 142 57468 144 57843 145 58219 145 58594 147 58970 147 59346 148 59721 150 60097 151 60472 154 60848 155 61223 159 61599 167 61974 174 62350 190 62725 197 63101 198 63476 201 63852 203 64227 206 64602 209 64978 211 65214 19 65353 216 65584 34 65729 271 66105 271 66480 271 66856 270 67231 270 67607 269 67983 268 68358 268 68734 267 69109 267 69485 266 69861 265 70236 265 70612 264 70987 264 71363 263 71738 263 72114 262 72489 261 72864 240 73117 1 73240 235 73615 233 73990 231 74365 229 74740 227 75115 224 75491 222 75866 220 76241 218 76616 217 76991 215 77365 215 77740 214 78115 212 78490 211 78865 210 79240 209 79615 208 79989 208 80364 207 80739 206 81114 204 81488 204 81863 203 82237 202 82612 201 82986 201 83361 200 83735 200 84110 199 84484 198 84857 200 85230 201 85602 203 85974 206 86345 209 86717 211 87089 214 87461 216 87834 218 88207 219 88580 221 88953 223 89326 224 89699 226 90072 228 90444 231 90816 234 91188 236 91561 151 91719 80 91935 151 92095 79 92309 151 92471 78 92684 150 92848 76 93058 151 93224 75 93433 151 93600 75 93808 150 93976 74 94183 150 94352 73 94557 152 94728 72 94932 152 95104 72 95307 152 95480 71 95682 153 95857 69 96056 154 96233 69 96431 155 96609 69 96805 157 96985 69 97180 158 97361 69 97554 160 97737 69 97929 161 98112 73 98303 163 98488 80 98678 163 98864 107 99052 165 99239 120 99426 167 99615 127 99800 168 99990 132 100174 170 100366 133 100549 170 100741 134 100923 172 101116 135 101297 173 101492 134 101671 175 101868 133 102045 176 102244 132 102419 178 102619 132 102794 178 102995 24 103020 106 103168 179 103371 20 103397 104 103542 181 103747 17 103772 19 103793 83 103916 182 104123 14 104147 19 104168 83 104291 182 104500 9 104522 18 104544 81 104665 184 104876 4 104897 18 104919 79 105040 184 105272 18 105294 76 105414 185 105647 17 105669 69 105788 186 106022 16 106044 64 106163 186 106397 3 106402 11 106419 58 106537 187 106761 6 106778 9 106794 55 106912 187 107126 2 107129 14 107153 7 107169 53 107286 137 107428 47 107496 25 107528 5 107544 48 107661 136 107810 40 107865 42 107919 40 108036 136 108187 38 108239 42 108294 27 108410 136 108563 39 108612 46 108668 22 108785 136 108939 41 108982 54 109043 20 109160 136 109315 120 109534 137 109690 117 109909 137 110065 115 110284 137 110439 114 110658 138 110814 112 111033 138 111188 111 111408 140 111563 109 111782 142 111937 107 112157 142 112312 105 112532 140 112687 102 112906 142 113063 99 113281 147 113438 96 113656 149 113813 94 114030 151 114188 92 114405 190 114602 50 114780 190 114984 40 115155 190 115378 19 115529 191 115758 10 115904 191 116279 191 116654 191 117029 191 117404 192 117779 192 118154 192 118529 193 118904 193 119279 193 119654 194 120029 194 120405 194 120780 194 121155 195 121530 195 121905 196 122280 197 122655 198 123031 198 123406 199 123781 200 124156 203 124531 204 124906 206 125281 208 125656 210 126031 212 126406 214 126782 214 127157 216 127532 218 127907 220 128282 221 128657 223 129033 224 129408 226 129783 227 130158 230 130533 232 130909 233 131284 238 131659 258 132034 264 132410 267 132785 269 133160 271 133535 273 133911 273 134286 275 134661 276 135037 277 135412 278 135788 278 136163 279 136539 278 136914 279 137290 278 137666 278 138041 278 138417 277 138793 277 139169 276 139544 276 139920 275 140296 149 140451 119 140672 145 140831 114 141048 143 141210 110 141424 141 141588 106 141800 139 141966 103 142176 138 142343 101 142552 137 142721 98 142929 134 143100 94 143305 133 143480 89 143681 131 143860 83 144057 130 144238 80 144433 129 144616 77 144810 126 144994 73 145186 125 145372 70 145562 124 145750 66 145938 123 146128 62 146314 122 146505 60 146690 121 146883 56 147066 119 147262 51 147442 118 147640 47 147818 37 147860 75 148019 41 148195 29 148237 73 148398 36 148571 25 148613 72 148776 31 148947 20 148990 70 149154 26 149324 16 149366 69 149532 20 149700 13 149741 69 149911 11 150077 8 150117 68 150455 3 150493 66 150869 65 151245 64 151621 63 151997 62 152373 61 152749 60 153125 59 153501 58 153877 57 154252 57 154628 56 155004 55 155380 53 155755 53 156131 52 156507 50 156883 49 157259 47 157635 45 158011 43 158387 42 158763 39 159139 37 159515 34 159892 29 160268 24 160645 15 161022 9
Siamese_57,49332 4 49608 33 49885 49 50162 57 50441 63 50720 69 51000 72 51280 75 51560 78 51839 81 52118 84 52398 86 52676 90 52955 92 53235 94 53514 96 53794 98 54071 102 54350 104 54622 113 54843 4 54893 123 55124 6 55171 126 55405 7 55445 134 55686 9 55718 142 55968 11 55994 132 56133 8 56250 12 56268 137 56416 6 56531 154 56699 4 56813 152 56981 3 57095 150 57263 2 57376 150 57658 149 57940 147 58221 147 58503 146 58784 146 59065 146 59347 145 59628 145 59909 145 60191 145 60472 145 60753 105 60862 36 61035 102 61147 32 61316 100 61430 31 61597 99 61714 28 61878 99 61996 28 62159 99 62279 27 62441 98 62562 25 62722 98 62844 25 63003 98 63127 23 63284 98 63409 23 63565 98 63691 23 63846 99 63972 24 64127 99 64254 25 64408 99 64535 26 64690 99 64816 27 64971 100 65097 29 65252 101 65379 29 65533 102 65660 30 65814 103 65941 31 66095 105 66222 31 66376 37 66417 65 66503 32 66657 36 66699 65 66783 34 66938 36 66981 66 67064 34 67219 36 67263 67 67345 35 67500 36 67545 68 67626 35 67781 36 67826 71 67906 36 68062 36 68107 74 68186 37 68343 36 68388 116 68624 37 68669 117 68905 37 68949 118 69187 37 69230 118 69468 38 69511 118 69749 40 69791 119 70030 161 70311 161 70592 161 70873 161 71154 162 71435 163 71716 164 71997 169 72278 171 72559 172 72839 173 73120 173 73401 173 73682 40 73726 129 73962 39 74008 127 74243 39 74290 123 74523 40 74572 118 74804 39 74853 99 74959 7 75084 40 75134 94 75365 40 75415 87 75645 41 75696 76 75925 42 75977 71 76206 42 76258 69 76486 43 76539 64 76766 44 76820 52 77047 44 77100 38 77327 46 77380 34 77608 46 77660 34 77889 46 77940 33 78170 46 78219 33 78452 79 78734 14 78763 47 79018 3 79045 43 79329 37 79611 33 79893 3 79900 2 79903 20 80185 16 80469 9
pug_187,1743 2 1967 3 2191 4 2415 4 2639 5 2863 5 3088 5 3312 5 3537 5 3761 6 3985 6 4210 6 4434 6 4659 6 4883 7 5108 6 5332 7 5557 7 5781 7 6006 7 6230 8 6455 8 6679 9 6904 9 7128 10 7353 10 7577 11 7801 12 8026 11 8250 12 8475 12 8699 13 8923 14 9148 14 9372 15 9597 15 9821 15 10046 15 10270 16 10495 16 10719 17 10944 16 11168 17 11393 17 11617 18 11841 18 12065 19 12289 20 12512 22 12732 27 12947 36 13163 45 13384 49 13607 51 13829 54 14052 56 14275 58 14499 60 14722 62 14946 63 15170 64 15394 66 15618 67 15842 68 16065 71 16289 72 16513 73 16736 76 16960 77 17183 79 17407 81 17630 83 17817 4 17852 86 18041 7 18075 88 18265 9 18297 92 18489 11 18519 95 18714 12 18742 97 18938 14 18964 100 19163 16 19186 103 19388 126 19612 128 19837 128 20062 128 20286 129 20511 129 20736 129 20960 130 21185 131 21410 131 21635 131 21860 131 22085 131 22309 132 22534 133 22721 5 22759 133 22941 10 22984 133 23162 14 23209 133 23381 20 23434 133 23603 23 23659 133 23827 24 23884 133 24050 26 24109 133 24274 27 24334 134 24497 29 24558 134 24721 30 24783 134 24945 31 25008 134 25169 29 25233 134 25393 25 25458 134 25617 23 25683 113 25799 18 25842 20 25908 113 26026 15 26066 20 26133 112 26252 13 26290 20 26358 112 26480 8 26515 19 26583 112 26739 18 26808 112 26964 17 27033 112 27188 17 27258 112 27413 16 27483 113 27637 17 27708 114 27862 16 27933 115 28087 16 28158 126 28311 16 28384 130 28536 16 28609 131 28760 16 28834 131 28985 16 29059 131 29209 16 29284 131 29434 16 29509 131 29658 17 29734 132 29883 16 29959 132 30107 17 30184 132 30331 18 30410 131 30556 18 30635 132 30780 19 30860 133 31003 20 31085 134 31227 21 31310 138 31449 24 31535 163 31760 162 31985 162 32211 161 32436 160 32661 160 32886 160 33112 158 33337 158 33563 157 33788 156 34014 155 34239 155 34465 154 34690 153 34916 152 35142 151 35367 150 35593 149 35818 149 36044 148 36269 147 36495 146 36721 22 36749 117 36947 13 36974 116 37174 6 37199 116 37424 115 37650 114 37874 115 38099 114 38324 114 38549 113 38774 113 38998 113 39223 113 39447 113 39672 113 39896 114 40121 113 40345 114 40570 114 40794 114 41019 114 41244 113 41469 113 41694 112 41918 100 42023 6 42143 99 42368 98 42593 98 42818 98 43043 98 43268 98 43493 98 43718 98 43943 98 44168 98 44393 98 44618 98 44843 98 45068 98 45293 98 45518 98 45743 99 45968 99 46193 99 46418 99 46643 99 46868 99 47093 99 47318 99 47543 99 47769 98 47994 98 48219 98 48444 98 48669 98 48894 98 49120 97 49345 97 49570 97 49795 97 50021 96 50246 96 50471 96 50696 96 50922 95 51147 95 51372 95 51598 94 51823 94 52048 94 52274 93 52499 93 52724 93 52950 92 53175 92 53401 91 53626 91 53851 91 54077 89 54302 89 54528 88 54753 88 54978 88 55204 87 55429 87 55655 86 55880 86 56105 86 56331 85 56556 85 56782 84 57007 84 57232 84 57458 83 57683 83 57908 83 58134 82 58359 82 58584 82 58810 81 59035 81 59261 80 59486 80 59712 79 59937 78 60163 77 60388 77 60614 76 60840 75 61065 75 61291 74 61517 73 61742 72 61968 71 62193 71 62419 70 62644 70 62870 69 63095 68 63321 67 63546 67 63771 67 63997 66 64222 65 64447 65 64673 63 64898 63 65124 61 65349 61 65575 59 65800 59 66026 57 66252 56 66478 54 66703 54 66929 52 67155 51 67380 51
wheaten_terrier_85,96653 10 97151 20 97650 32 98148 37 98647 43 99145 51 99644 57 100142 83 100641 85 101140 87 101639 88 102138 90 102636 92 103135 94 103634 95 104133 97 104631 100 105129 102 105627 105 106124 109 106621 113 107118 117 107616 120 108115 122 108613 125 109112 127 109611 129 110110 131 110609 133 111108 135 111607 137 112106 139 112605 140 113105 141 113604 142 114104 143 114603 145 115103 145 115602 147 116102 147 116601 149 117101 150 117600 151 118099 153 118598 155 119098 156 119597 158 120096 160 120595 162 121094 165 121594 167 122093 171 122593 175 123093 181 123370 22 123592 188 123853 55 124092 194 124349 64 124592 201 124799 8 124845 73 125092 226 125339 83 125591 335 126091 338 126591 341 127090 345 127590 348 128090 350 128590 353 129089 356 129589 358 130088 361 130588 363 131088 365 131587 367 132087 368 132587 370 133087 371 133587 372 134086 374 134586 375 135086 376 135586 377 136086 377 136587 377 137087 377 137587 378 138087 378 138587 379 139087 379 139588 378 140088 378 140588 378 141088 378 141589 377 142089 376 142589 376 143090 375 143590 374 144090 374 144590 373 145091 372 145591 371 146091 371 146591 370 147092 369 147592 368 148093 366 148593 366 149093 365 149594 363 150094 362 150595 359 151095 357 151596 354 152096 353 152597 349 153098 346 153598 343 154099 340 154599 337 155100 334 155600 332 156101 327 156601 325 157102 322 157602 320 158103 318 158604 315 159104 314 159605 312 160105 311 160606 309 161106 309 161607 307 162107 307 162608 305 163108 305 163608 305 164109 303 164609 303 165109 302 165610 301 166110 300 166610 300 167111 298 167612 296 168112 296 168613 294 169114 292 169615 290 170116 288 170617 286 171118 284 171619 282 172120 280 172622 277 173123 275 173625 272 174127 268 174631 263 175137 256 175643 248 176148 241 176651 236 177152 233 177654 228 178155 225 178656 221 179157 218 179657 215 180158 212 180658 209 181159 206 181659 205 182159 203 182659 202 183159 201 183659 199 184160 197 184660 196 185161 193 185661 191 186162 190 186662 189 187162 189
pug_21,18151 8 18648 16 19146 21 19645 24 20144 27 20643 28 21142 29 21641 30 22140 30 22640 30 23139 30 23639 29 24138 28 24637 28 25137 26 25636 26 26136 24 26635 24 27135 22 27634 22 28133 22 28633 21 29132 21 29631 21 30131 20 30630 20 31129 20 31629 20 32128 20 32628 20 33127 20 33626 21 34126 21 34625 22 35124 23 35624 23 36123 24 36623 24 37122 25 37621 26 38121 27 38620 28 39120 28 39619 29 40118 30 40617 32 41117 32 41616 33 42115 34 42614 36 43113 38 43612 39 44112 40 44611 41 45110 43 45609 46 46108 49 46607 52 46703 5 46736 7 47106 56 47198 14 47227 20 47605 62 47686 29 47724 30 48104 153 48603 156 48960 17 49102 159 49451 30 49601 162 49941 42 50100 165 50433 52 50599 167 50927 60 51099 169 51421 68 51598 172 51916 74 52098 173 52409 81 52597 176 52895 96 53096 179 53387 105 53596 182 53864 128 54095 185 54360 132 54595 188 54857 135 55095 190 55355 138 55594 193 55853 140 56094 196 56351 142 56594 198 56849 144 57093 200 57347 146 57593 202 57845 148 58092 205 58343 150 58592 207 58840 153 59092 208 59339 154 59591 211 59837 156 60091 213 60335 158 60591 215 60833 160 61090 218 61330 163 61590 222 61827 166 62089 404 62589 404 63088 404 63588 404 64087 405 64587 405 65086 406 65585 407 66084 408 66584 408 67083 409 67582 410 68081 411 68580 412 69079 413 69578 414 70077 415 70576 416 71075 417 71574 418 72073 419 72572 420 73071 421 73571 421 74070 422 74569 422 75069 422 75568 423 76068 423 76567 424 77067 424 77567 424 78066 426 78566 426 79066 426 79565 427 80065 427 80565 427 81065 427 81565 427 82065 427 82564 428 83064 428 83564 428 84064 428 84563 429 85063 429 85563 429 86063 429 86562 430 87062 430 87562 430 88061 432 88561 432 89060 433 89560 433 90059 434 90559 434 91059 434 91558 435 92058 435 92557 435 93057 435 93557 435 94057 435 94556 436 95056 436 95556 436 96056 435 96556 435 97056 435 97556 435 98056 435 98556 435 99056 435 99556 435 100056 435 100556 435 101056 435 101556 435 102056 435 102557 434 103057 434 103557 434 104057 434 104558 433 105058 433 105558 433 106058 433 106558 433 107058 433 107559 432 108059 432 108559 432 109059 432 109559 432 110059 432 110559 432 111059 432 111559 432 112059 432 112559 432 113059 432 113559 432 114059 432 114559 432 115058 433 115558 433 116058 433 116557 434 117057 434 117557 434 118057 434 118556 435 119056 435 119556 435 120056 435 120556 435 121055 436 121555 436 122056 435 122556 435 123056 435 123556 435 124056 435 124556 435 125056 435 125556 435 126057 434 126557 434 127057 434 127557 434 128058 433 128559 432 129059 432 129559 432 130059 432 130560 431 131060 431 131561 431 132061 431 132562 430 133062 430 133562 430 134063 429 134563 429 135063 429 135564 428 136064 429 136564 429 137064 429 137565 428 138065 428 138565 428 139065 428 139565 428 140065 429 140565 429 141066 428 141566 428 142066 428 142566 428 143067 427 143567 427 144067 427 144567 428 145068 427 145568 427 146068 427 146569 426 147069 426 147569 426 148070 425 148570 425 149071 424 149571 424 150071 424 150572 423 151072 423 151573 422 152073 422 152574 421 153074 421 153574 421 154075 420 154575 419 155075 419 155575 419 156075 419 156576 418 157076 417 157576 417 158076 417 158577 416 159077 416 159577 416 160078 415 160578 415 161078 416 161579 415 162079 415 162580 414 163080 414 163581 413 164081 413 164582 412 165082 412 165583 411 166083 411 166584 410 167084 410 167585 409 168085 410 168586 409 169086 409 169587 408 170087 408 170588 407 171089 406 171589 406 172090 405 172591 404 173092 403 173593 402 174094 401 174595 401 175096 400 175597 399 176098 398 176599 70 176686 310 177100 55 177193 303 177601 49 177699 297 178102 45 178203 293 178603 43 178706 291 179105 39 179208 289 179606 36 179711 286 180107 35 180213 284 180498 1 180609 32 180716 283 181110 31 181219 280 181611 30 181723 276 182113 28 182230 269 182614 27 182737 262 183115 26 183245 38 183292 207 183617 24 183758 16 183804 195 184118 22 184308 191 184619 21 184811 188 185120 20 185313 186 185622 17 185816 184 186123 16 186318 182 186624 14 186820 180 187125 13 187322 178 187627 10 187823 178 188128 8 188325 176 188630 4 188827 174 189328 173 189830 171 190332 169 190834 167 191336 165 191837 164 192340 161 192842 159 193139 4 193344 157 193638 7 193845 156 194137 9 194348 153 194637 11 194850 151 195137 13 195352 149 195637 16 195854 147 196138 18 196357 144 196638 20 196860 141 197138 23 197363 138 197639 23 197866 135 198139 24 198370 131 198640 24 198874 127 199141 24 199378 123 199642 23 199883 118 200143 22 200389 112 200644 22 200896 105 201145 20 201404 97 201646 19 201911 90 202148 16 202421 75 202650 12 202929 66 203152 8 203438 56 203945 47 204454 35 204964 17
Abyssinian_122,5226 2 5502 6 5779 7 6057 8 6334 10 6611 11 6889 12 7167 12 7444 13 7722 13 8000 14 8277 15 8555 15 8833 15 9111 16 9388 17 9666 17 9944 17 10222 18 10500 18 10778 18 11056 18 11334 18 11612 19 11890 19 12168 19 12446 19 12724 19 13002 19 13280 19 13558 20 13836 20 14114 20 14393 19 14672 18 14954 14 15233 13 15512 12 15790 13 16070 11 16349 10 16628 9 16907 8 17185 8 17463 8 17741 8 18020 7 18298 7 18576 7 18854 7 19132 7 19410 7 19688 7 19966 7 20244 7 20522 8 20800 8 21077 9 21355 9 21633 9 21911 9 22189 9 22467 9 22744 10 23022 10 23300 10 23577 11 23855 11 24133 11 24410 12 24688 12 24965 13 25243 13 25520 14 25798 14 26075 15 26352 16 26629 17 26906 18 27183 19 27460 20 27737 22 28013 24 28290 25 28566 28 28841 31 29115 35 29386 43 29659 49 29933 53 30208 57 30483 61 30759 63 31035 66 31311 69 31587 71 31863 74 32139 76 32416 78 32692 80 32969 81 33245 84 33522 85 33798 87 34075 88 34351 90 34628 92 34904 94 35181 95 35458 96 35735 97 36012 98 36289 99 36566 100 36842 102 37119 104 37396 105 37673 106 37950 107 38227 108 38504 109 38781 110 39058 111 39335 112 39612 114 39889 115 40166 116 40443 117 40721 117 40998 118 41275 119 41552 120 41829 121 42107 121 42384 122 42661 123 42939 123 43216 125 43493 126 43770 127 44048 127 44325 128 44602 129 44880 129 45157 130 45435 130 45712 131 45990 132 46267 133 46545 133 46822 134 47100 134 47377 135 47655 120 47777 12 47932 117 48058 9 48210 115 48338 6 48487 115 48765 114 49043 113 49320 113 49598 112 49876 111 50153 111 50431 110 50709 110 50986 110 51264 109 51542 109 51819 109 52097 108 52374 109 52652 108 52930 107 53207 108 53485 107 53762 107 54040 106 54318 105 54595 106 54873 105 55151 104 55428 105 55706 104 55983 105 56192 3 56261 105 56469 7 56538 105 56747 9 56815 106 57025 11 57092 107 57303 14 57369 108 57582 14 57646 109 57860 16 57923 111 58139 17 58200 112 58418 18 58477 114 58696 20 58754 116 58975 21 59031 117 59253 24 59307 121 59532 32 59583 124 59811 36 59859 127 60089 177 60368 178 60646 180 60924 182 61203 183 61481 184 61759 186 62037 188 62315 190 62593 191 62871 193 63149 195 63427 197 63705 200 63983 202 64260 205 64538 207 64816 210 65094 212 65371 215 65649 177 65839 26 65927 171 66121 23 66205 162 66402 21 66483 151 66683 18 66760 144 66962 18 67038 141 67242 16 67316 139 67521 15 67594 137 67800 14 67872 134 68079 13 68150 133 68358 13 68428 131 68637 12 68706 130 68916 10 68983 130 69196 8 69261 129 69476 6 69539 127 69756 3 69817 126 70094 126 70372 125 70649 125 70926 124 71204 123 71481 123 71757 123 72034 123 72310 124 72587 123 72863 124 73139 125 73416 124 73692 124 73969 124 74246 123 74523 122 74802 63 74885 37 75081 56 75169 28 75361 15 75389 23 75451 21 75671 15 75734 11 75954 4
english_cocker_spaniel_23,224 239 725 238 1225 238 1724 239 2224 240 2723 241 3223 241 3723 241 4222 242 4722 243 5222 243 5721 245 6220 247 6720 248 7219 249 7718 250 8217 252 8716 253 9216 253 9715 254 10214 256 10713 257 11212 258 11711 259 12209 261 12708 262 13207 263 13705 265 14204 266 14702 268 15201 269 15700 271 16198 274 16697 277 17195 280 17694 282 18192 285 18691 287 19189 289 19687 291 20185 293 20683 294 21181 295 21679 297 22177 298 22675 299 23173 301 23671 303 24169 304 24667 307 25164 309 25662 311 26159 314 26657 315 27155 317 27653 319 28151 321 28649 323 29147 325 29645 327 30143 329 30642 330 31141 331 31639 333 32138 334 32637 336 33135 338 33633 341 34132 342 34631 343 35129 345 35628 347 36127 348 36626 349 37125 350 37624 351 38123 352 38621 353 39120 354 39619 355 40118 356 40617 357 41116 358 41615 359 42114 360 42613 362 43112 363 43611 364 44109 366 44608 367 45107 369 45606 371 46105 372 46604 373 47103 375 47602 376 48101 377 48600 378 49100 378 49599 380 50098 381 50597 382 51096 383 51595 384 52095 384 52594 385 53093 386 53592 388 54091 389 54590 390 55090 390 55589 390 56088 391 56587 392 57087 353 57451 29 57586 353 57952 27 58086 352 58454 25 58585 353 58955 24 59085 352 59457 22 59585 352 59958 20 60084 353 60459 19 60584 352 60961 17 61084 352 61462 16 61584 352 61963 14 62084 352 62464 13 62584 352 62966 10 63084 353 63469 6 63584 353 63971 3 64084 353 64584 353 65084 353 65585 352 66085 352 66585 352 67085 352 67585 352 68085 352 68585 352 69085 352 69585 352 70084 353 70584 352 71084 352 71584 352 72084 353 72584 353 73084 353 73584 353 74084 353 74584 352 75084 353 75584 353 76083 354 76583 354 77083 354 77583 354 78083 354 78583 354 79083 354 79583 354 80083 354 80583 354 81083 354 81583 355 82084 354 82584 354 83084 354 83584 354 84084 354 84584 354 85084 354 85584 354 86084 354 86585 353 87085 353 87585 353 88085 353 88585 353 89085 354 89585 354 90085 355 90586 354 91086 354 91586 355 92086 355 92587 355 93087 355 93587 356 94087 357 94587 357 95087 357 95588 357 96088 358 96588 358 97089 357 97589 358 98089 358 98589 359 99090 358 99590 358 100090 359 100591 358 101091 359 101592 358 102092 359 102592 359 103093 359 103593 359 104094 359 104595 358 105096 356 105597 355 106098 354 106600 352 107101 350 107602 349 108104 346 108605 345 109107 343 109609 340 110110 339 110612 337 111114 334 111615 333 112117 331 112619 330 113121 328 113623 326 114124 326 114626 324 115126 324 115628 323 116129 322 116630 321 117131 319 117631 319 118132 318 118634 316 119135 315 119636 315 120138 316 120640 315 121142 314 121645 312 122147 311 122649 314 123150 313 123652 312 124153 311 124655 309 125156 308 125657 307 126159 306 126660 305 127161 304 127663 302 128164 301 128666 299 129167 298 129669 296 130171 294 130674 23 130720 245 131225 240 131728 237 132231 234 132733 232 133235 230 133737 228 134239 226 134740 225 135242 223 135744 221 136245 220 136747 218 137249 216 137751 214 138254 211 138756 209 139258 207 139760 205 140262 204 140763 203 141265 201 141768 198 142269 198 142771 196 143273 194 143775 193 144277 192 144779 190 145281 188 145782 188 146284 186 146785 185 147286 184 147787 183 148288 183 148789 182 149290 181 149790 181 150291 180 150791 180 151292 179 151792 180 152293 179 152793 102 152899 73 153293 95 153405 67 153794 91 153908 64 154295 87 154412 60 154796 83 154914 58 155297 79 155417 55 155799 75 155920 52 156302 69 156422 49 156807 61 156925 46 157311 55 157427 43 157814 49 157930 40 158317 44 158433 16 158458 11 158820 39 158937 6 158962 5 159323 33 159826 28 160328 23 160832 16 161337 8
Maine_Coon_21,13756 1 26758 4 27256 7 27336 5 27755 8 27833 9 28253 11 28331 13 28752 12 28830 14 29250 14 29328 17 29749 15 29827 19 30247 17 30325 21 30746 18 30824 23 31245 19 31322 26 31744 20 31821 27 32243 21 32320 29 32742 22 32818 31 33241 23 33317 33 33739 24 33816 35 34238 26 34315 36 34736 27 34814 38 35233 30 35313 40 35730 33 35812 42 36227 36 36312 42 36723 40 36811 44 37220 43 37311 45 37716 47 37810 47 38212 51 38310 48 38708 55 38809 50 39205 58 39309 51 39701 62 39809 53 40198 65 40309 54 40695 68 40809 55 41191 73 41308 58 41688 76 41808 59 42182 82 42308 61 42610 4 42675 89 42808 63 43109 9 43170 94 43308 65 43608 13 43667 98 43808 66 44108 17 44164 101 44307 68 44608 21 44661 104 44807 69 45109 23 45159 107 45307 70 45609 27 45656 111 45807 71 46109 33 46152 115 46306 72 46610 158 46806 73 47110 159 47306 74 47611 159 47806 75 48112 158 48305 77 48612 160 48805 78 49113 112 49233 40 49304 80 49613 111 49735 40 49803 82 50114 109 50237 40 50302 84 50615 107 50738 41 50801 86 51115 107 51239 42 51299 89 51616 106 51740 43 51797 92 52117 105 52240 45 52295 95 52617 105 52741 47 52791 100 53118 104 53241 151 53618 104 53741 152 54119 103 54241 152 54619 104 54741 153 55120 103 55241 154 55620 103 55741 155 56120 103 56241 155 56620 103 56741 156 57120 103 57241 156 57621 102 57741 157 58121 102 58241 157 58621 102 58742 157 59121 102 59242 157 59621 102 59742 158 60121 103 60242 158 60621 103 60742 158 61121 103 61242 159 61621 103 61742 160 62121 102 62242 160 62621 102 62742 160 63121 102 63242 160 63622 101 63742 161 64121 102 64242 161 64621 102 64742 161 65121 102 65243 161 65621 101 65743 161 66121 101 66243 161 66621 101 66743 162 67121 101 67243 162 67621 101 67743 163 68121 101 68243 163 68621 101 68744 163 69121 100 69244 163 69621 100 69744 163 70121 100 70245 163 70621 100 70745 163 71121 100 71246 163 71621 100 71762 147 72121 100 72265 145 72621 100 72768 142 73121 100 73269 141 73621 100 73771 139 74121 100 74272 139 74621 100 74773 138 75120 101 75274 137 75620 101 75775 137 76120 101 76276 136 76620 101 76777 135 77120 101 77278 135 77620 101 77779 134 78120 101 78280 133 78620 101 78781 133 79120 101 79282 132 79620 101 79782 133 80120 101 80283 132 80620 101 80783 132 81120 101 81284 132 81619 101 81784 132 82119 101 82284 132 82619 100 82784 132 83119 100 83284 132 83619 99 83784 132 84118 100 84284 132 84618 99 84784 132 85118 98 85284 133 85618 97 85784 133 86118 97 86283 134 86617 97 86783 134 87117 97 87282 134 87617 97 87781 135 88117 96 88280 136 88616 97 88779 137 89116 97 89277 139 89615 98 89776 140 90115 98 90275 140 90615 98 90774 141 91114 100 91272 143 91613 101 91771 143 92113 101 92270 144 92612 102 92770 143 93111 103 93269 144 93610 105 93768 145 94109 106 94267 145 94608 107 94766 146 95107 109 95265 147 95607 110 95729 8 95764 147 96106 112 96226 14 96262 149 96605 136 96761 150 97104 140 97259 151 97603 144 97756 154 98102 307 98601 308 99101 308 99600 308 100100 308 100600 31 100634 274 101100 23 101141 267 101600 18 101645 262 102100 14 102147 260 102602 6 102649 258 103151 255 103653 253 104154 252 104656 249 105157 248 105659 246 106160 244 106662 242 107163 240 107664 239 108166 236 108667 235 109169 232 109670 230 110171 229 110672 227 111173 224 111674 222 112175 220 112675 218 113176 215 113677 212 114177 210 114678 206 115178 204 115678 202 116179 199 116679 198 117179 196 117679 195 118180 193 118680 192 119180 190 119680 189 120180 188 120680 186 121180 185 121680 184 122179 183 122679 181 123179 179 123679 178 124179 176 124679 174 125179 173 125679 172 126179 170 126679 168 127179 166 127679 165 128179 165 128679 164 129179 164 129680 163 130180 162 130680 162 131181 161 131681 162 132182 161 132682 161 133183 161 133684 160 134185 160 134685 161 135186 160 135687 160 136188 91 136282 66 136688 88 136785 64 137189 86 137287 63 137690 84 137789 62 138191 84 138291 61 138691 84 138793 60 139192 84 139294 60 139692 85 139796 59 140193 85 140297 59 140694 85 140799 58 141194 86 141300 58 141695 86 141801 58 142195 86 142303 57 142696 86 142804 57 143197 85 143305 57 143698 84 143806 57 144198 84 144307 57 144699 83 144809 56 145199 83 145310 56 145700 82 145811 56 146201 80 146312 56 146701 80 146813 56 147202 79 147314 56 147703 78 147816 54 148204 76 148317 54 148704 76 148818 54 149205 75 149319 54 149705 74 149820 54 150206 73 150322 53 150707 71 150823 53 151207 70 151324 53 151708 69 151825 53 152209 67 152326 53 152709 66 152827 54 153210 64 153328 54 153711 62 153829 54 154212 60 154331 53 154712 60 154832 53 155213 58 155333 53 155714 57 155834 53 156214 56 156336 51 156715 55 156837 51 157216 53 157339 50 157717 51 157841 49 158217 50 158342 49 158717 49 158844 48 159218 47 159345 48 159719 45 159847 47 160219 45 160349 46 160720 43 160850 46 161220 43 161352 46 161720 42 161854 46 162220 42 162355 46 162721 41 162857 46 163221 41 163358 47 163722 40 163859 48 164222 39 164361 48 164722 39 164863 47 165223 38 165364 48 165723 38 165866 47 166223 38 166367 47 166723 37 166868 48 167223 37 167370 47 167724 36 167871 47 168224 35 168372 48 168724 35 168873 48 169224 35 169374 48 169724 35 169875 49 170225 33 170376 50 170725 33 170877 50 171225 33 171379 50 171726 32 171880 51 172226 31 172381 51 172726 31 172882 52 173226 30 173383 52 173727 28 173884 52 174228 26 174385 53 174728 25 174886 53 175229 23 175387 53 175729 22 175887 55 176230 20 176389 54 176731 18 176890 55 177231 17 177390 56 177732 16 177892 55 178232 15 178393 55 178733 14 178894 55 179234 12 179395 55 179734 12 179896 55 180235 10 180397 55 180736 8 180898 55 181237 6 181400 54 181738 4 181901 54 182402 53 182903 53 183404 52 183905 52 184406 51 184907 50 185408 49 185909 48 186409 48 186910 47 187410 47
chihuahua_64,54259 9 54676 17 55093 21 55510 23 55927 26 56345 28 56762 31 56901 15 57180 32 57313 26 57598 33 57726 34 58015 34 58140 41 58433 35 58555 49 58851 35 58970 70 59268 35 59386 75 59686 35 59801 82 59931 4 60104 35 60217 87 60345 7 60522 35 60633 95 60759 10 60940 34 61048 102 61172 13 61358 34 61464 111 61583 18 61776 34 61880 137 62194 34 62296 136 62612 34 62711 134 63030 34 63126 118 63448 35 63540 110 63866 36 63954 108 64284 40 64367 109 64702 46 64777 32 64813 78 65121 103 65232 74 65539 101 65651 71 65957 100 66069 69 66376 97 66488 67 66794 96 66906 66 67212 95 67323 65 67630 94 67741 63 68048 93 68159 61 68466 92 68577 59 68884 91 68995 57 69302 91 69412 56 69719 91 69830 54 70136 91 70248 10 70270 30 70554 90 70668 1 70691 25 70971 91 71110 22 71388 91 71528 21 71805 91 71946 20 72222 91 72364 19 72639 91 72782 17 73056 92 73199 17 73473 92 73616 17 73890 92 74033 17 74307 92 74450 17 74724 92 74867 17 75141 91 75283 18 75558 91 75699 19 75975 91 76114 21 76392 91 76528 24 76809 90 76942 27 77226 90 77356 30 77643 90 77769 34 78060 89 78183 38 78477 89 78597 41 78895 88 79012 43 79312 87 79427 45 79729 87 79843 46 80146 86 80259 47 80563 86 80676 47 80980 86 81092 49 81398 84 81508 53 81815 84 81925 55 82232 83 82341 58 82649 83 82757 62 82845 7 83066 83 83174 105 83484 82 83590 111 83901 81 84006 114 84318 81 84422 117 84735 80 84838 119 85152 59 85223 9 85254 87 85358 17 85570 52 85669 81 85781 11 85987 48 86084 80 86201 8 86404 44 86497 82 86620 6 86821 42 86911 84 87238 40 87325 85 87655 38 87742 84 88072 35 88159 83 88488 34 88577 81 88905 32 88995 79 89322 30 89414 77 89738 29 89832 76 90154 28 90252 73 90571 27 90672 69 90987 26 91093 64 91403 26 91516 58 91820 26 91937 52 92236 26 92356 49 92652 26 92775 45 93069 26 93194 42 93485 26 93613 38 93902 26 94033 32 94318 26 94452 27 94734 27 94870 23 95151 26 95290 16 95567 27 95984 26 96400 27 96817 26 97233 26 97650 25 98066 25 98483 24 98899 24 99316 23 99732 23 100149 22 100566 21 100982 20 101399 19 101816 18 102232 17 102649 16 103066 15 103483 13 103900 11 104317 9 104734 7 105152 4
american_bulldog_103,40224 24 40712 40 41198 57 41692 65 42187 72 42683 78 43180 82 43678 86 44175 90 44672 94 45170 98 45668 102 46166 106 46665 109 47163 113 47661 115 48160 116 48659 117 49158 118 49657 118 50156 119 50655 119 51154 120 51654 120 52153 121 52652 122 53152 122 53651 124 54151 125 54650 126 55149 128 55649 130 56148 134 56648 137 57148 140 57648 144 58147 150 58647 195 59146 209 59646 215 60146 221 60646 228 61146 239 61646 249 62146 257 62645 260 63145 261 63645 261 64145 261 64645 260 65145 259 65645 215 66145 208 66645 200 67145 186 67645 180 68144 177 68644 175 69143 175 69643 175 70142 176 70642 178 71141 180 71640 181 72139 89 72234 87 72639 89 72740 80 73138 90 73243 77 73637 91 73744 75 74136 92 74246 72 74635 93 74747 70 75134 93 75248 68 75634 93 75749 67 76133 94 76250 66 76633 93 76751 65 77132 94 77252 64 77632 94 77753 64 78132 94 78255 63 78632 94 78755 65 79132 94 79256 65 79632 95 79758 65 79877 5 80131 96 80259 66 80371 13 80631 97 80760 65 80865 20 81131 97 81262 63 81355 30 81631 97 81763 60 81834 7 81849 36 82131 98 82264 30 82307 10 82318 9 82332 53 82631 98 82766 26 82819 65 83131 98 83267 24 83318 65 83631 98 83770 20 83815 67 84131 98 84272 18 84314 66 84631 98 84774 16 84809 69 85131 98 85279 10 85307 68 85631 98 85781 7 85805 64 86131 98 86303 62 86631 99 86785 2 86801 59 87131 99 87284 6 87298 58 87631 99 87783 70 88131 100 88281 68 88631 100 88773 73 89131 101 89271 71 89631 101 89770 69 90131 101 90269 68 90631 101 90768 66 91131 102 91268 63 91630 103 91768 59 92130 103 92268 56 92630 104 92768 53 93130 104 93268 50 93630 105 93769 46 94129 106 94269 43 94629 107 94769 39 95129 108 95268 35 95629 109 95768 27 96129 110 96268 21 96629 111 96767 19 97129 112 97266 17 97629 113 97765 16 98129 114 98264 16 98629 117 98761 17 99129 120 99257 19 99629 145 100129 99 100229 43 100629 95 100734 34 101129 94 101241 23 101629 92 102129 92 102629 91 103129 90 103629 90 104129 89 104629 89 105130 88 105630 88 106130 88 106630 88 107131 87 107631 87 108131 87 108631 86 109132 60 109194 23 109632 49 109700 15 110132 44 110209 3 110632 41 111132 38 111632 35 112133 31 112633 29 113133 27 113634 25 114135 22 114636 19 115137 16 115640 8
British_Shorthair_26,27110 3 27464 4 27817 6 28171 6 28524 8 28878 8 29231 10 29585 10 29939 11 30293 11 30646 12 31000 13 31354 13 31707 14 31861 16 32061 15 32215 21 32415 15 32569 26 32768 16 32923 29 33122 16 33277 33 33476 17 33631 36 33829 18 33985 38 34183 18 34339 40 34536 19 34693 42 34890 19 35047 43 35243 21 35401 45 35597 21 35755 47 35950 22 36109 48 36304 23 36463 50 36657 24 36817 51 37010 25 37171 53 37364 25 37525 55 37717 27 37879 57 38070 28 38233 58 38423 30 38587 60 38777 30 38941 61 39130 31 39295 63 39483 33 39649 64 39836 35 40003 66 40189 36 40357 67 40542 38 40711 68 40894 40 41065 69 41247 42 41419 71 41599 45 41773 72 41952 48 42127 74 42305 50 42481 75 42657 55 42835 76 43011 61 43189 77 43363 68 43543 79 43717 74 43897 80 44070 84 44251 81 44423 91 44605 82 44776 94 44959 83 45129 98 45313 84 45482 101 45667 85 45835 104 46021 86 46188 106 46375 88 46540 110 46729 89 46893 112 47083 90 47246 114 47437 91 47598 117 47791 92 47950 120 48145 93 48303 122 48499 95 48655 125 48853 96 49008 127 49207 97 49361 128 49561 99 49713 131 49915 101 50065 134 50269 103 50417 136 50623 105 50768 140 50977 110 51118 145 51331 114 51467 150 51685 118 51816 156 52039 288 52393 288 52747 289 53101 289 53455 289 53809 290 54163 290 54517 291 54871 291 55225 291 55579 292 55933 292 56287 292 56641 292 56995 293 57349 293 57703 293 58057 293 58411 294 58765 294 59119 294 59473 294 59827 294 60181 295 60535 295 60889 295 61243 295 61597 295 61951 295 62305 296 62659 296 63013 296 63367 296 63721 296 64075 297 64429 297 64783 297 65137 297 65491 297 65845 297 66199 297 66553 297 66907 297 67261 297 67615 297 67969 297 68323 297 68677 297 69031 297 69385 297 69739 297 70093 297 70447 297 70801 297 71155 297 71509 297 71863 297 72217 297 72571 297 72925 297 73279 297 73633 297 73987 297 74341 297 74695 297 75049 297 75403 297 75757 297 76111 297 76465 297 76819 296 77173 296 77527 296 77881 295 78235 295 78589 295 78943 294 79297 293 79651 293 80005 292 80359 291 80713 291 81067 290 81421 289 81775 288 82129 287 82483 285 82837 284 83191 283 83545 282 83899 282 84253 281 84607 280 84961 279 85315 278 85669 278 86023 277 86377 276 86731 275 87085 274 87439 273 87793 272 88147 271 88501 269 88855 268 89209 268 89563 267 89917 266 90271 266 90625 265 90979 265 91333 264 91687 264 92041 263 92395 263 92749 262 93103 261 93457 261 93811 260 94165 260 94519 259 94873 258 95227 257 95581 256 95935 255 96289 254 96643 253 96997 253 97351 251 97705 250 98059 249 98413 248 98767 247 99121 246 99475 244 99829 243 100183 242 100537 240 100891 239 101245 237 101599 235 101953 234 102307 232 102661 231 103015 229 103369 228 103723 227 104077 226 104431 225 104785 224 105139 224 105493 223 105847 222 106201 221 106555 220 106909 219 107263 218 107617 217 107971 216 108325 215 108679 214 109033 213 109387 213 109741 212 110095 211 110449 211 110803 210 111157 209 111511 209 111865 208 112219 208 112573 207 112927 206 113281 206 113635 205 113989 205 114343 204 114697 204 115051 203 115405 203 115759 202 116113 202 116467 202 116821 201 117175 201 117529 200 117883 200 118237 200 118591 199 118945 199 119299 199 119653 198 120007 198 120361 198 120715 197 121069 197 121423 197 121777 196 122131 196 122485 195 122839 195 123193 194 123547 194 123901 193 124255 193 124609 192 124963 192 125317 191 125671 191 126025 191 126379 190 126733 190 127087 189 127441 189 127795 188 128149 188 128503 187 128857 187 129211 186 129565 186 129919 185 130273 185 130627 184 130981 184 131335 183 131689 183 132043 182 132397 182 132751 182 133105 181 133459 181 133813 181 134167 180 134521 180 134875 179 135229 179 135583 178 135937 178 136291 178 136645 177 136999 177 137353 176 137707 176 138061 175 138415 175 138769 174 139123 173 139477 173 139831 172 140185 172 140539 171 140893 171 141247 170 141601 170 141955 169 142309 169 142663 168 143017 168 143371 167 143725 167 144079 166 144433 166 144787 165 145141 165 145495 164 145849 164 146203 163 146557 163 146911 162 147265 162 147621 159 147978 156 148336 152 148703 138 149062 133 149419 130 149775 128 150131 126 150487 124 150843 121 151198 120 151553 119 151908 118 152263 117 152618 116 152973 115 153328 114 153683 113 154037 113 154392 112 154747 111 155101 111 155456 110 155810 110 156165 109 156520 108 156874 108 157229 107 157583 107 157938 106 158292 107 158647 106 159001 106 159356 106 159711 105 160065 106 160420 105 160775 105 161129 105 161484 105 161839 104 162193 105 162548 104 162903 104 163257 104 163612 104 163967 103 164321 104 164676 103 165031 103 165385 104 165740 103 166094 104 166449 104 166804 103 167158 104 167513 104 167867 105 168221 105 168576 105 168930 106 169285 105 169639 106 169994 106 170349 106 170703 106 171057 107 171412 107 171766 107 172120 108 172475 108 172829 108 173184 108 173538 108 173893 108 174248 107 174603 107 174958 106 175313 105 175668 104 176022 104 176376 104 176730 104
american_pit_bull_terrier_87,52503 4 52813 34 53143 41 53473 48 53712 2 53802 54 54042 19 54134 56 54372 26 54465 59 54703 30 54797 61 55034 34 55129 63 55213 1 55364 39 55461 65 55544 2 55695 43 55793 67 56025 48 56124 70 56355 54 56455 73 56687 60 56750 14 56778 84 57018 84 57105 90 57349 180 57681 182 58011 185 58342 188 58673 190 59004 193 59336 194 59555 4 59667 197 59885 9 60000 197 60216 11 60333 198 60548 13 60669 196 60878 16 61004 195 61209 18 61337 197 61538 22 61671 223 62004 223 62337 223 62670 223 63004 222 63337 223 63671 222 64005 221 64340 219 64675 218 65010 216 65344 215 65678 215 66011 215 66344 215 66677 215 67010 216 67343 216 67676 216 68009 216 68341 217 68673 218 69006 219 69338 220 69671 220 70004 220 70336 221 70669 222 71003 221 71336 221 71669 221 72003 220 72336 220 72669 221 73003 220 73337 219 73670 219 74004 218 74337 218 74671 216 75005 215 75338 215 75672 214 76005 213 76338 213 76671 212 77004 212 77338 210 77673 208 78008 206 78344 203 78681 200 79019 195 79361 186 79698 182 80033 181 80367 180 80701 180 81036 178 81371 177 81708 173 82048 166 82384 6 82392 156 82728 153 83063 151 83399 148 83733 147 84068 145 84403 143 84738 141 85072 140 85408 137 85743 135 86078 133 86413 131 86748 129 87083 126 87418 124 87753 122 88089 119 88425 115 88761 112 89098 108 89433 106 89769 102 90104 100 90439 98 90774 95 91109 93 91444 91 91780 88 92115 86 92450 84 92786 81 93121 79 93457 77 93793 74 94128 32 94165 36 94464 27 94503 31 94802 20 94841 27 95136 18 95179 22 95471 15 95519 16 95805 13 95855 14 96139 12 96191 12 96473 10 96528 9 96807 8 96864 7 97141 6 97476 2 97543 8 97876 12 98210 13 98545 11 98880 7 99215 3
miniature_pinscher_144,3496 18 3717 27 3939 35 4162 40 4386 42 4610 45 4834 47 5058 48 5282 50 5506 52 5730 53 5954 55 6179 55 6403 57 6628 57 6852 58 7077 59 7301 60 7526 60 7751 61 7975 62 8200 62 8424 63 8649 63 8874 63 9099 63 9324 63 9548 64 9773 64 9998 64 10223 64 10448 64 10673 64 10898 64 11123 64 11348 64 11573 64 11798 64 12023 64 12248 64 12473 64 12698 64 12923 65 13148 65 13373 65 13598 65 13823 66 14048 66 14273 66 14498 67 14723 67 14948 67 15173 68 15398 68 15623 68 15848 69 16073 69 16298 69 16523 70 16748 70 16973 70 17198 70 17423 70 17648 71 17873 71 18098 71 18323 71 18548 72 18772 73 18997 73 19222 73 19447 73 19672 73 19897 74 20121 75 20346 75 20571 75 20795 76 21020 76 21245 76 21469 77 21694 78 21919 78 22143 79 22368 79 22592 80 22817 81 23041 82 23265 83 23489 84 23713 86 23938 87 24135 7 24162 89 24358 11 24385 92 24553 3 24582 13 24609 94 24806 16 24832 97 25022 3 25028 21 25055 101 25246 136 25470 138 25695 139 25920 141 26145 142 26370 144 26594 146 26819 148 27043 151 27267 154 27492 156 27716 158 27940 160 28164 161 28389 162 28613 163 28837 165 29062 165 29286 166 29511 167 29735 168 29960 169 30185 169 30409 171 30634 77 30712 93 30859 76 30938 93 31083 76 31164 92 31308 76 31390 92 31533 76 31615 57 31684 23 31757 77 31841 54 31912 21 31982 78 32066 53 32138 20 32206 79 32290 53 32365 18 32430 83 32515 53 32591 18 32654 93 32750 43 32816 18 32878 92 32977 41 33042 17 33101 94 33203 40 33268 17 33324 95 33428 40 33494 16 33545 99 33653 40 33719 16 33765 104 33879 40 33945 15 33985 109 34101 43 34170 16 34208 162 34396 15 34432 164 34622 14 34656 166 34847 14 34881 74 34967 80 35073 14 35106 69 35193 80 35298 14 35331 61 35419 80 35524 13 35557 44 35647 78 35749 14 35784 41 35876 74 35975 13 36010 38 36104 72 36200 13 36238 34 36333 69 36426 12 36465 32 36563 64 36651 13 36693 28 36789 64 36877 12 36921 24 37016 62 37102 12 37150 18 37242 62 37328 12 37379 12 37469 61 37553 12 37704 51 37778 12 37950 30 38004 11 38182 24 38229 12 38410 21 38455 11 38637 20 38680 11 38864 18 38905 12 39090 18 39131 11 39316 17 39356 11 39542 17 39582 11 39768 16 39807 11 39994 15 40032 11 40220 15 40258 10 40445 15 40483 11 40671 15 40709 10 40897 14 40934 10 41123 13 41160 9 41348 14 41385 9 41574 13 41610 9 41799 13 41836 9 42025 13 42061 9 42250 13 42286 9 42476 13 42512 9 42701 13 42737 9 42927 12 42963 9 43152 13 43188 10 43377 13 43414 9 43603 12 43639 9 43828 13 43865 8 44054 12 44090 8 44279 13 44316 6 44504 13 44541 6 44730 13 44767 4 44955 13 45181 13 45406 13 45632 13 45857 13 46082 14 46308 14 46534 13 46759 14 46985 13 47210 14 47436 13 47662 13 47887 13 48113 13 48339 13 48564 13 48790 13 49016 12 49242 12 49468 11 49694 11 49920 11 50145 11 50371 11 50597 11 50823 11 51048 12 51274 11 51500 11 51725 12 51951 12 52176 13 52402 12 52628 12 52853 12 53078 12 53304 12 53529 12 53755 11 53980 12 54206 11 54431 11 54657 10 54882 10 55108 9 55334 9 55560 8 55786 7 56013 4
samoyed_186,236 260 736 260 1236 260 1736 260 2236 261 2736 261 3235 261 3735 261 4235 259 4735 254 5235 252 5735 250 6235 247 6735 245 7235 243 7735 241 8235 240 8735 239 9235 238 9736 237 10236 236 10737 233 11237 232 11738 230 12238 228 12739 225 13239 223 13740 221 14240 221 14741 221 15241 227 15484 3 15741 249 16241 250 16741 251 17242 251 17741 252 18241 253 18741 254 19241 254 19740 256 20239 257 20738 259 21237 261 21736 263 22235 265 22734 266 23232 269 23731 270 24229 272 24728 273 25226 275 25725 276 26223 278 26721 280 27219 282 27718 283 28216 285 28714 287 29213 288 29711 290 30210 291 30709 292 31208 293 31706 295 32205 296 32704 297 33203 298 33702 299 34201 300 34700 301 35198 303 35698 303 36197 304 36696 305 37195 306 37694 307 38193 308 38692 309 39191 310 39690 311 40189 312 40688 313 41187 314 41686 315 42185 315 42684 314 43183 313 43682 314 44181 314 44680 314 45179 314 45679 314 46178 315 46678 314 47178 314 47678 314 48179 313 48679 313 49179 313 49680 312 50181 311 50681 311 51182 310 51682 310 52183 308 52684 307 53184 307 53685 306 54185 306 54686 305 55186 306 55686 306 56186 306 56685 307 57185 308 57685 308 58185 308 58684 309 59183 311 59682 312 60181 313 60680 314 61180 314 61679 315 62178 316 62678 317 63177 318 63677 319 64177 319 64677 320 65177 320 65677 321 66178 320 66678 321 67179 322 67680 321 68181 320 68683 318 69184 317 69686 315 70187 314 70688 313 71190 311 71691 310 72192 309 72694 307 73195 306 73696 305 74198 303 74699 302 75200 301 75701 300 76201 300 76702 299 77204 297 77705 296 78206 295 78707 294 79208 293 79709 292 80211 290 80712 289 81214 287 81716 285 82219 281 82721 278 83223 276 83726 273 84229 269 84732 266 85234 264 85737 260 86239 258 86742 255 87244 253 87747 250 88250 247 88754 243 89257 240 89761 235 90265 231 90768 227 91271 223 91774 219 92277 216 92781 211 93284 208 93790 201 94304 187 94816 175 95325 166 95835 156 96346 144 96865 125 97374 116 97880 110 98384 106 98888 102 99390 100 99892 98 100394 95 100896 93 101398 90 101900 88 102402 85 102904 83 103406 80 103908 77 104410 74 104912 71 105414 67 105916 64 106418 60 106920 56 107423 51 107925 46 108429 36
Siamese_86,25340 3 25713 7 25933 6 26087 9 26307 12 26462 10 26682 15 26836 11 27057 17 27211 12 27433 19 27585 13 27808 21 27960 14 28184 24 28335 14 28560 27 28710 14 28936 32 29085 15 29312 34 29460 15 29688 37 29835 15 30064 39 30115 17 30210 15 30440 72 30585 16 30815 73 30960 16 31191 75 31335 16 31567 76 31711 15 31943 77 32086 15 32318 78 32461 16 32694 79 32836 16 33069 80 33211 16 33445 81 33586 16 33821 81 33961 16 34196 83 34336 17 34572 84 34712 16 34947 86 35087 16 35323 88 35462 16 35698 90 35837 16 36074 92 36212 17 36449 94 36587 17 36825 95 36962 17 37200 96 37337 17 37576 96 37712 17 37951 97 38088 16 38327 97 38463 17 38702 98 38838 17 39078 97 39212 18 39453 98 39587 18 39828 99 39962 18 40204 99 40337 19 40579 100 40712 19 40954 101 41087 19 41329 102 41461 20 41704 102 41836 21 42080 102 42210 22 42455 103 42585 22 42830 104 42959 23 43205 105 43334 23 43580 105 43708 25 43955 107 44083 25 44330 108 44457 26 44705 110 44830 28 45080 117 45202 31 45456 152 45831 153 46206 153 46581 153 46956 153 47331 153 47706 154 48082 153 48457 153 48832 153 49208 153 49583 153 49958 153 50333 154 50708 154 51084 153 51459 153 51834 154 52209 154 52584 154 52959 154 53334 155 53708 156 54083 156 54458 156 54833 157 55207 158 55582 158 55956 159 56330 161 56705 161 57079 162 57453 163 57828 163 58202 165 58576 166 58950 167 59324 168 59698 169 60073 169 60446 171 60820 172 61194 173 61568 174 61942 176 62315 178 62689 179 63063 180 63436 182 63810 183 64184 184 64557 186 64931 187 65305 188 65678 190 66053 190 66427 191 66801 192 67175 193 67550 193 67925 193 68300 193 68676 192 69052 190 69428 189 69808 18 69838 154 70218 149 70596 146 70973 144 71349 143 71724 143 72100 141 72476 140 72852 139 73228 138 73603 138 73979 136 74355 135 74731 134 75107 133 75483 132 75860 130 76236 128 76613 126 76989 125 77366 123 77742 122 78118 121 78494 119 78870 118 79246 117 79622 116 79998 115 80374 114 80750 113 81126 112 81502 111 81877 111 82253 110 82629 109 83005 108 83380 108 83756 107 84132 106 84507 106 84883 105 85258 105 85633 105 86009 103 86384 103 86759 103 87134 103 87509 103 87885 102 88260 102 88635 102 89010 102 89385 102 89760 102 90135 102 90510 102 90884 103 91259 103 91634 103 92009 103 92384 103 92759 103 93134 103 93509 103 93885 102 94260 102 94635 102 95010 102 95385 102 95760 102 96135 102 96510 102 96885 102 97260 102 97635 102 98010 102 98385 102 98760 103 99135 103 99510 103 99885 103 100259 104 100634 104 101009 104 101384 104 101759 104 102134 104 102509 105 102884 105 103258 106 103633 106 104008 106 104383 106 104758 106 105133 106 105508 107 105883 107 106258 107 106633 107 107008 107 107383 107 107758 108 108133 108 108508 108 108884 107 109259 107 109634 107 110009 108 110384 108 110759 108 111134 108 111509 108 111884 109 112259 109 112635 108 113010 108 113385 109 113760 109 114135 109 114510 110 114885 110 115260 110 115635 111 116010 111 116385 113 116520 7 116760 114 116885 19 117135 116 117255 25 117510 146 117885 146 118260 147 118635 147 119010 148 119385 148 119760 149 120135 149 120510 149 120885 149 121260 150 121635 150 122010 150 122385 151 122759 152 123134 152 123509 153 123884 153 124259 153 124634 154 125009 154 125384 154 125759 155 126134 155 126510 154 126885 155 127260 155 127635 155 128010 156 128385 156 128760 156 129135 156 129510 157 129886 156 130261 156 130636 157 131011 157 131386 157 131761 157 132137 157 132512 157 132887 157 133262 157 133638 157 134013 157 134388 157 134763 158 135139 157 135514 157 135889 157 136265 157 136640 157 137015 157 137391 156 137766 157 138141 157 138517 156 138892 157 139267 157 139643 156 140018 156 140393 156 140769 156 141144 156 141519 156 141894 157 142270 156 142645 156 143020 156 143396 156 143771 156 144146 156 144522 155 144897 155 145273 154 145648 155 146023 155 146399 154 146774 154 147149 154 147525 153 147900 153 148275 154 148651 153 149026 153 149401 153 149776 153 150152 152 150527 152 150902 152 151277 152 151652 152 152028 151 152403 151 152778 151 153153 151 153529 150 153904 150 154279 150 154654 150 155030 149 155405 149 155780 150 156155 150 156531 149 156906 149 157281 149 157657 148 158032 148 158407 148 158783 147 159158 147 159533 147 159909 146 160284 146 160660 145 161035 145 161411 144 161786 144 162162 143 162538 142 162913 142 163289 141 163665 140 164040 140 164416 138 164791 138 165167 137 165543 136 165918 136 166294 134 166670 133 167046 132 167421 132 167797 131 168174 129 168550 127 168926 126 169302 125 169679 123 170055 121 170431 120 170807 119 171183 117 171559 116 171935 114 172311 113 172686 112 173062 111 173438 109 173813 109 174189 108 174565 106 174940 106 175316 104 175691 104 176067 102 176443 101 176819 99 177195 97 177571 96 177947 94 178323 92 178699 90 179076 87 179453 84 179830 81 180207 78 180583 75 180959 72 181336 68 181712 66 182088 64 182465 62 182841 60 183217 58 183594 55 183970 54 184345 53 184721 52 185096 52 185472 50 185847 50 186223 49 186598 49 186973 48 187349 46
saint_bernard_55,7856 7 8231 9 8605 11 8980 13 9355 14 9730 15 10071 6 10105 16 10443 11 10480 17 10816 14 10855 18 11190 16 11230 18 11563 19 11606 18 11936 22 11981 19 12311 23 12356 19 12684 25 12732 19 13056 29 13107 19 13430 30 13483 19 13802 34 13858 20 14175 36 14233 20 14547 40 14609 20 14918 44 14984 21 15292 45 15360 20 15665 47 15735 21 16039 42 16111 20 16414 39 16487 20 16788 37 16862 20 17163 33 17237 21 17537 31 17613 20 17912 27 17988 21 18287 25 18364 20 18661 25 18739 20 19036 23 19115 19 19411 22 19490 19 19785 22 19865 19 20159 22 20241 18 20534 22 20616 18 20908 23 20991 19 21282 23 21367 18 21657 23 21742 18 22031 24 22117 18 22405 25 22493 17 22780 25 22868 18 23154 26 23243 18 23529 27 23619 17 23903 28 23994 17 24278 27 24369 18 24605 5 24653 27 24745 17 24977 14 25027 28 25120 17 25350 19 25402 28 25496 17 25725 22 25777 28 25871 17 26099 26 26151 29 26246 17 26474 29 26525 30 26621 17 26848 33 26900 30 26997 16 27223 36 27274 31 27372 17 27598 39 27648 32 27747 17 27970 85 28122 17 28330 100 28497 18 28703 102 28873 17 29075 105 29248 17 29446 109 29623 18 29818 112 29998 18 30191 114 30373 19 30565 115 30748 19 30940 115 31123 20 31314 116 31498 20 31689 117 31874 20 32063 118 32249 20 32438 118 32624 21 32812 120 32999 22 33186 121 33375 21 33560 122 33750 22 33935 123 34125 22 34310 123 34501 22 34685 124 34876 22 35060 125 35252 22 35435 125 35627 22 35811 125 36003 22 36186 126 36378 22 36562 126 36754 22 36937 127 37129 22 37313 127 37505 22 37689 127 37880 23 38064 128 38256 23 38440 128 38631 23 38816 128 39007 23 39191 130 39382 24 39567 130 39758 24 39943 131 40133 24 40318 132 40509 24 40694 133 40884 25 41069 134 41260 25 41445 135 41635 25 41821 135 42011 25 42197 136 42386 26 42572 138 42762 26 42948 139 43138 25 43324 140 43513 26 43700 141 43889 26 44075 143 44264 26 44451 144 44640 26 44826 146 45015 26 45202 147 45391 26 45577 150 45766 27 45953 151 46142 26 46329 152 46517 27 46705 153 46893 27 47081 153 47269 26 47457 154 47644 27 47833 155 48020 26 48209 155 48395 27 48586 155 48771 26 48963 154 49146 27 49340 154 49521 27 49717 153 49897 27 50093 154 50272 27 50470 153 50648 27 50846 154 51023 28 51223 154 51398 28 51599 154 51773 29 51976 154 52149 28 52352 155 52524 29 52729 155 52899 29 53105 156 53273 31 53482 156 53648 31 53858 158 54021 34 54235 195 54611 195 54988 193 55364 193 55741 191 56117 191 56494 190 56871 188 57247 188 57624 186 58001 185 58377 184 58754 183 59131 181 59508 180 59884 179 60261 178 60639 175 61016 173 61393 172 61770 170 62147 168 62524 166 62901 164 63278 162 63655 160 64033 158 64410 156 64789 152 65167 149 65544 148 65922 145 66299 144 66676 142 67053 140 67430 139 67807 137 68184 136 68561 134 68937 134 69313 133 69690 132 70066 131 70443 130 70819 129 71195 129 71572 127 71948 126 72324 125 72701 123 73077 122 73453 122 73829 121 74206 119 74582 118 74958 118 75334 117 75710 116 76086 116 76462 115 76839 114 77215 113 77591 113 77967 112 78343 112 78719 112 79094 112 79470 112 79846 111 80223 110 80599 110 80975 109 81350 110 81726 110 82102 109 82478 109 82854 109 83229 110 83605 109 83981 109 84357 109 84733 108 85109 108 85485 108 85861 107 86237 107 86612 108 86988 108 87364 107 87740 107 88116 107 88492 107 88868 106 89244 106 89620 106 89996 106 90372 106 90748 105 91124 105 91501 104 91877 104 92253 104 92629 104 93005 103 93381 103 93757 103 94133 103 94509 103 94885 103 95261 103 95637 103 96013 103 96389 103 96765 102 97141 102 97517 102 97893 102 98269 103 98645 103 99021 103 99397 103 99773 103 100149 103 100525 103 100901 104 101277 104 101653 104 102029 105 102405 106 102780 108 103156 108 103532 109 103908 110 104118 10 104284 111 104491 14 104660 113 104865 16 105036 114 105239 17 105412 116 105613 19 105787 119 105988 19 106163 121 106362 20 106539 123 106737 20 106915 125 107112 21 107291 126 107487 21 107667 128 107862 21 108043 130 108236 21 108419 131 108611 19 108795 133 108986 18 109171 134 109360 18 109547 136 109735 16 109923 138 110108 17 110299 140 110482 18 110675 143 110855 20 111051 147 111227 23 111428 149 111600 26 111804 198 112180 197 112556 197 112932 196 113308 195 113685 194 114061 193 114437 192 114813 191 115189 189 115565 188 115942 185 116318 184 116694 182 117070 180 117446 178 117822 177 118199 174 118575 172 118951 170 119327 169 119703 168 120079 166 120455 166 120831 165 121207 164 121583 164 121960 163 122336 163 122712 163 123088 163 123464 163 123841 163 124217 164 124593 164 124970 164 125346 165 125722 167 126098 169 126475 171 126851 174 127228 176 127604 181 127980 186 128357 218 128733 219 129109 220 129486 220 129862 220 130238 220 130615 134 130754 80 130991 131 131132 78 131368 128 131510 76 131744 126 131888 74 132121 123 132265 72 132497 121 132643 69 132873 120 133021 67 133250 117 133399 64 133626 116 133777 60 134002 115 134180 12 134379 114 134755 113 135132 111 135508 111 135885 109 136261 109 136638 107 137014 107 137391 106 137768 105 138144 104 138521 103 138898 102 139275 101 139652 100 140029 98 140406 97 140782 97 141159 96 141536 95 141913 94 142289 94 142666 93 143042 94 143419 93 143795 93 144172 92 144548 92 144925 91 145301 91 145677 91 146053 91 146430 90 146806 90 147182 91 147558 91 147934 91 148310 91 148685 92 149061 92 149437 92 149813 92 150189 92 150564 93 150940 93 151316 93 151691 94 152067 94 152443 94 152818 95 153194 95 153570 95 153946 95 154321 96 154697 95 155073 95 155449 95 155825 95 156201 95 156577 95 156953 94 157328 95 157704 95 158080 95 158456 94 158832 94 159208 94 159584 94 159960 94 160336 94 160713 92 161089 92 161465 92 161841 92 162217 92 162593 92 162970 91 163346 91 163722 91 164099 90 164475 90 164851 90 165227 90 165604 89 165980 88 166356 88 166733 87 167109 87 167486 86 167862 86 168238 86 168615 84 168991 84 169368 83 169744 83 170121 82 170498 81 170874 80 171251 79 171627 79 172004 78 172381 77 172757 76 173134 75 173511 74 173888 73 174264 72 174641 71 175018 70 175395 68 175772 67 176149 66 176526 64 176903 63 177280 61 177657 60 178035 57 178412 56 178790 53 179168 51 179547 47 179925 45 180303 42 180681 40 181058 38 181436 35 181815 32 182194 28 182573 24 182955 16 183337 6
great_pyrenees_98,50903 5 51399 10 51896 13 52395 15 52894 16 53387 23 53887 22 54387 22 54887 22 55387 22 55887 21 56387 21 56887 20 57287 2 57388 19 57787 3 57888 18 58288 2 58389 16 58788 3 58890 13 59289 2 59391 11 59789 3 59896 4 60289 3 65182 7 65680 13 66179 16 66677 20 67176 23 67675 26 68173 31 68672 34 69171 37 69670 41 70168 46 70642 5 70666 50 71138 13 71163 59 71636 92 72134 101 72632 110 73130 116 73628 124 74126 138 74625 144 75123 148 75622 150 75884 4 76120 153 76382 7 76619 154 76881 7 77118 156 77379 9 77617 157 77878 10 78115 159 78377 10 78614 160 78876 10 79113 162 79375 11 79613 162 79875 11 80112 163 80374 11 80611 164 80873 12 81111 164 81372 12 81610 165 81871 13 82109 166 82370 13 82609 166 82869 14 83108 168 83368 14 83608 168 83866 16 84107 169 84365 16 84607 170 84863 18 85106 171 85362 18 85606 172 85862 17 86105 174 86361 17 86604 175 86861 16 87104 176 87361 15 87604 177 87862 13 88103 178 88362 12 88603 179 88862 10 89102 181 89363 7 89602 181 89864 4 90101 183 90601 184 91101 186 91600 188 92100 189 92599 193 93099 195 93599 197 94099 199 94598 201 95098 202 95598 203 96098 203 96598 203 97097 204 97597 204 98097 204 98596 205 99096 205 99596 205 100096 205 100596 204 101096 204 101596 204 102096 204 102595 205 103095 205 103595 205 104095 205 104595 205 105095 205 105595 205 106095 205 106595 205 107095 205 107595 206 108095 206 108596 205 109096 205 109596 205 109852 4 110096 205 110351 7 110596 204 110850 9 111096 204 111349 11 111596 204 111848 13 112096 204 112348 13 112597 203 112848 14 113097 203 113347 15 113597 203 113846 17 114097 203 114345 19 114598 202 114844 20 115098 202 115344 20 115598 202 115844 21 116098 202 116343 22 116598 202 116843 22 117098 202 117343 23 117599 201 117843 23 118099 201 118343 24 118599 201 118843 24 119099 202 119343 24 119600 201 119843 25 120100 201 120343 25 120600 201 120843 26 121101 200 121344 25 121601 200 121844 26 122101 201 122345 26 122602 200 122845 26 123102 200 123346 26 123603 199 123846 27 124103 200 124347 27 124487 4 124604 199 124847 29 124910 8 124983 18 125104 200 125347 30 125408 13 125480 21 125605 199 125846 32 125905 18 125977 24 126105 199 126346 34 126403 23 126475 26 126606 199 126846 37 126901 27 126973 28 127107 199 127346 41 127398 31 127471 30 127607 199 127846 85 127968 33 128108 199 128346 86 128465 36 128609 199 128846 89 128959 42 129109 200 129346 98 129455 46 129610 200 129846 155 130111 200 130346 155 130612 200 130846 155 131113 200 131346 155 131614 200 131845 156 132115 201 132345 156 132616 202 132844 157 133117 202 133343 158 133618 203 133842 153 134119 203 134341 123 134469 21 134620 204 134840 113 135120 207 135338 111 135621 209 135835 111 136122 321 136623 317 137124 313 137625 310 138126 305 138627 291 139129 279 139630 271 140132 264 140633 259 141134 255 141636 249 142137 246 142638 242 143139 239 143640 235 144141 232 144642 228 145143 224 145644 219 146145 212 146645 205 147146 199 147647 195 148147 192 148648 188 149148 185 149648 183 150148 181 150649 177 151149 175 151649 173 152149 171 152649 168 153149 166 153649 163 154150 160 154650 157 155150 155 155650 153 156150 150 156650 147 157150 144 157651 141 158151 137 158651 133 159151 127 159651 121 160151 114 160651 108 161151 104 161651 100 162150 98 162650 95 163150 92 163650 90 164150 88 164650 86 165149 85 165649 83 166149 81 166649 79 167149 78 167649 76 168150 73 168650 72 169150 70 169651 68 170152 64 170653 61 171154 58 171655 55 172157 51 172659 46 173161 42 173664 37 174169 29 174673 22
newfoundland_85,184 132 684 177 1184 180 1684 183 2183 186 2683 188 3183 189 3683 191 4183 192 4683 194 5183 195 5683 196 6183 197 6683 198 7183 198 7682 200 8182 201 8682 202 9182 202 9682 203 10182 204 10681 205 11181 206 11681 207 12181 208 12681 208 13180 210 13680 210 14180 211 14680 212 15179 213 15679 214 16179 215 16679 215 17178 217 17678 218 18178 218 18678 219 19177 220 19677 221 20177 221 20676 222 21176 222 21676 222 22175 223 22675 223 23174 224 23674 224 24174 224 24673 225 25173 225 25673 225 26172 226 26672 226 27171 228 27671 228 28170 229 28670 229 29170 229 29669 230 30168 231 30668 231 31168 231 31667 232 32166 233 32665 234 33165 234 33664 235 34163 236 34662 237 35162 237 35661 237 36160 238 36659 239 37158 239 37657 240 38157 239 38656 240 39155 240 39654 241 40153 241 40652 242 41152 241 41651 242 42150 243 42650 243 43149 244 43649 244 44148 245 44647 246 45147 247 45646 248 46146 249 46646 249 47145 250 47645 251 48145 251 48644 252 49144 253 49644 253 50144 253 50644 253 51144 254 51644 254 52144 254 52644 254 53144 254 53644 254 54144 255 54644 255 55144 255 55644 255 56144 255 56644 256 57144 256 57644 257 58144 258 58644 258 59144 259 59644 260 60144 261 60644 261 61144 262 61644 262 62144 263 62644 263 63145 262 63644 264 64144 264 64644 264 65144 264 65644 265 66144 265 66644 182 66865 44 67144 179 67370 39 67644 177 67873 35 68143 177 68374 34 68643 176 68875 33 69143 176 69376 32 69643 175 69876 32 70143 175 70377 30 70643 175 70877 30 71143 176 71377 30 71643 176 71877 29 72143 176 72377 29 72643 177 72876 29 73143 178 73376 29 73643 178 73876 28 74143 179 74376 28 74644 179 74876 27 75144 181 75375 28 75644 182 75875 28 76144 183 76374 28 76644 184 76874 28 77144 185 77373 29 77645 185 77873 28 78145 187 78372 29 78645 188 78871 30 79145 191 79365 36 79645 194 79855 46 80145 256 80645 256 81145 256 81645 256 82145 256 82645 256 83145 256 83645 256 84145 256 84645 256 85145 256 85645 255 86145 255 86645 255 87145 254 87645 254 88145 254 88646 252 89146 252 89646 252 90146 252 90646 252 91146 252 91646 253 92147 252 92647 252 93147 252 93648 252 94148 252 94648 253 95148 254 95648 255 96149 255 96649 256 97149 258 97650 259 98150 260 98650 262 99151 262 99651 263 100151 263 100651 264 101152 263 101652 263 102153 263 102653 263 103154 263 103654 264 104155 263 104655 263 105156 263 105656 263 106157 262 106658 261 107159 260 107659 261 108160 260 108661 259 109162 258 109662 258 110163 257 110664 256 111164 256 111665 255 112165 256 112666 255 113166 255 113667 254 114168 177 114367 55 114668 172 114870 52 115168 168 115371 51 115669 163 115872 50 116170 158 116372 51 116670 155 116873 50 117171 150 117373 50 117672 144 117873 51 118173 138 118373 51 118673 123 118873 51 119175 108 119374 50 119676 104 119874 51 120177 100 120374 51 120679 96 120874 51 121180 93 121374 51 121681 90 121874 52 122183 87 122374 52 122684 84 122874 52 123186 81 123374 52 123687 78 123875 52 124188 76 124375 52 124689 74 124875 52 125191 72 125375 52 125692 70 125876 51 126193 69 126376 51 126694 67 126876 51 127196 65 127377 50 127697 64 127877 51 128198 63 128378 50 128700 60 128879 49 129201 58 129379 49 129703 56 129880 48 130205 52 130380 49 130706 49 130881 48 131208 44 131381 48 131711 37 131881 48 132213 28 132382 47 132715 21 132883 46 133219 13 133383 47 133884 46 134384 46 134884 46 135385 46 135886 45 136386 46 136887 45 137387 45 137888 45 138389 44 138889 44 139390 43 139891 43 140391 43 140892 42 141392 42 141892 42 142393 42 142893 42 143393 42 143893 42 144394 41 144894 41 145394 42 145894 42 146395 42 146895 42 147395 43 147895 43 148396 43 148896 43 149396 44 149896 44 150397 43 150897 44 151397 44 151897 44 152398 44 152898 44 153399 43 153899 44 154399 44 154900 43 155400 43 155901 42 156402 41 156903 41 157403 41 157904 40 158405 39 158905 39 159406 38 159907 36 160408 35 160909 34 161411 31 161913 28 162414 27 162916 24 163417 22 163918 19 164421 14 164926 6 165426 6
British_Shorthair_36,9 145 342 145 675 145 1008 146 1341 146 1673 148 2005 149 2338 150 2670 151 3002 153 3335 153 3667 155 4000 155 4333 155 4665 156 4998 157 5330 158 5662 160 5995 161 6328 163 6661 165 6994 169 7327 171 7660 173 7993 173 8326 174 8659 174 8992 175 9325 175 9658 176 9991 177 10324 178 10657 179 10990 180 11323 181 11656 182 11989 182 12322 183 12655 184 12988 185 13321 186 13654 187 13987 187 14320 188 14653 189 14986 190 15319 191 15652 191 15985 192 16318 193 16651 195 16984 196 17317 197 17650 198 17983 199 18316 200 18649 201 18982 201 19315 202 19648 202 19981 203 20314 203 20647 203 20980 204 21313 204 21646 204 21979 205 22312 205 22645 205 22978 206 23311 206 23644 206 23977 207 24310 207 24643 207 24976 208 25309 208 25642 208 25975 209 26308 209 26641 209 26974 210 27307 210 27640 211 27973 211 28306 211 28639 212 28972 212 29305 212 29638 213 29971 213 30304 213 30637 214 30970 214 31303 214 31636 215 31969 215 32302 215 32635 215 32968 216 33301 216 33634 216 33967 216 34300 216 34633 217 34966 217 35299 217 35632 217 35965 217 36298 218 36631 218 36964 188 37155 27 37297 187 37489 27 37630 186 37822 27 37963 184 38154 29 38296 184 38487 29 38629 184 38819 30 38962 183 39152 30 39295 183 39485 30 39628 183 39819 29 39961 183 40152 29 40294 183 40485 29 40627 183 40818 29 40960 184 41151 29 41293 184 41484 28 41626 184 41817 28 41959 185 42149 29 42292 219 42625 219 42958 219 43291 219 43624 219 43957 218 44290 218 44623 218 44956 218 45289 217 45622 217 45955 215 46288 214 46621 213 46954 212 47287 211 47620 209 47953 208 48286 208 48495 3 48619 218 48952 219 49285 220 49618 221 49951 223 50284 224 50617 225 50950 228 51283 229 51616 230 51949 231 52282 231 52615 232 52948 233 53281 234 53614 234 53947 235 54280 235 54613 236 54946 237 55279 237 55612 238 55945 238 56278 239 56611 239 56944 240 57277 241 57610 241 57943 242 58276 22 58306 212 58609 18 58640 212 58942 10 58974 212 59308 211 59642 211 59976 210 60309 211 60643 210 60976 211 61309 211 61642 212 61976 211 62309 211 62642 212 62975 212 63308 212 63641 213 63974 213 64307 213 64640 214 64974 213 65307 213 65640 213 65973 214 66306 214 66639 214 66972 214 67305 214 67638 215 67971 215 68304 215 68638 214 68971 214 69304 214 69637 214 69970 214 70303 214 70636 214 70970 213 71303 213 71636 213 71969 213 72302 140 72446 69 72635 140 72780 68 72969 139 73115 66 73302 139 73448 66 73635 139 73782 65 73968 139 74116 64 74301 139 74449 64 74635 138 74783 63 74968 121 75095 11 75116 63 75301 121 75428 12 75449 63 75634 120 75762 11 75783 62 75967 120 76096 10 76116 62 76300 121 76430 9 76450 61 76634 120 76764 7 76783 61 76967 120 77098 5 77116 61 77300 121 77432 3 77450 59 77633 121 77783 59 77966 122 78116 59 78299 123 78450 58 78633 123 78783 58 78966 125 79115 58 79299 127 79448 58 79632 131 79779 59 79965 134 80110 61 80298 137 80441 62 80632 203 80965 202 81298 201 81631 200 81964 199 82297 197 82631 195 82964 191 83297 185 83630 183 83963 182 84296 182 84630 181 84963 180 85296 180 85629 179 85962 179 86295 179 86629 177 86962 177 87295 176 87628 176 87962 175 88295 176 88628 176 88962 176 89146 6 89295 191 89628 192 89961 192 90295 191 90628 192 90961 192 91294 192 91628 191 91961 191 92294 191 92627 192 92960 192 93294 191 93627 191 93960 191 94293 192 94626 192 94960 137 95104 47 95293 132 95438 46 95626 129 95772 46 95959 128 96106 45 96292 127 96439 46 96625 126 96773 46 96959 124 97106 46 97292 124 97440 46 97625 123 97773 47 97958 123 98106 48 98292 121 98439 50 98625 121 98772 51 98958 121 99105 55 99291 120 99438 63 99625 119 99771 65 99958 119 100104 66 100291 118 100437 67 100625 117 100770 68 100958 117 101102 70 101291 117 101435 71 101625 116 101768 72 101958 115 102101 73 102291 115 102434 74 102625 114 102766 76 102958 114 103099 77 103292 113 103432 77 103625 114 103764 79 103958 114 104097 80 104292 113 104430 80 104625 113 104762 82 104959 112 105095 82 105292 112 105427 84 105625 112 105759 85 105959 112 106092 86 106292 112 106424 87 106626 111 106756 88 106959 111 107089 88 107292 111 107421 90 107626 110 107753 91 107959 111 108085 92 108292 111 108416 94 108626 111 108746 97 108959 111 109077 99 109292 217 109626 216 109959 216 110293 215 110626 215 110959 215 111293 214 111626 213 111959 213 112293 212 112626 212 112960 211 113293 210 113627 209 113960 209 114294 207 114627 207 114961 205 115294 205 115628 203 115961 203 116295 201 116628 200 116962 197 117295 196 117629 191 117962 188 118296 181 118629 177 118962 175 119296 171 119629 169 119962 168 120295 165 120629 162 120962 160 121295 158 121628 156 121961 154 122294 152 122627 151 122960 149 123293 147 123626 146 123959 144 124292 143 124625 142 124958 140 125291 138 125624 137 125957 134 126290 132 126623 129 126956 126 127289 123 127622 121 127955 117 128289 114 128622 110 128956 19 128980 81 129290 10 129317 73 129652 65 129987 60 130323 54 130658 49 130993 45 131330 36 131668 25 132005 14
pug_195,20791 6 21085 17 21381 24 21678 29 21975 35 22270 42 22355 21 22567 47 22649 31 22865 51 22944 39 23163 54 23240 45 23461 58 23537 50 23760 60 23834 55 24058 64 24131 60 24357 136 24656 139 24955 142 25254 147 25553 152 25852 157 26151 162 26451 166 26750 169 27050 89 27141 80 27349 88 27443 80 27569 1 27649 87 27744 81 27867 4 27949 86 28046 81 28166 6 28248 87 28347 82 28465 7 28548 87 28647 85 28764 8 28848 88 28948 89 29063 9 29148 88 29249 91 29361 11 29448 89 29550 94 29660 11 29748 89 29850 99 29956 15 30047 91 30151 119 30347 91 30451 117 30647 91 30752 115 30947 92 31052 114 31248 91 31353 111 31548 91 31653 109 31848 91 31954 65 32026 32 32148 91 32254 63 32335 15 32448 91 32554 62 32748 91 32855 61 33048 92 33156 59 33348 92 33456 59 33648 92 33756 59 33948 92 34057 58 34248 92 34357 58 34549 91 34658 57 34849 91 34958 57 35149 91 35258 57 35449 91 35558 57 35750 90 35859 56 36050 90 36159 56 36350 90 36459 57 36651 89 36760 56 36951 89 37061 55 37252 88 37363 54 37553 86 37665 52 37854 85 37967 50 38155 84 38268 49 38455 84 38569 48 38756 82 38870 47 39057 81 39171 45 39357 81 39472 44 39658 80 39772 44 39959 79 40072 43 40259 79 40372 43 40560 78 40671 43 40861 77 40971 43 41161 77 41270 44 41463 76 41569 44 41764 77 41867 46 42067 75 42165 48 42370 73 42463 50 42674 71 42761 52 42987 59 43060 53 43292 54 43360 54 43597 49 43660 54 43905 42 43960 55 44210 37 44261 54 44513 34 44561 55 44816 31 44862 56 45119 28 45162 59 45422 25 45462 63 45725 23 45763 68 46027 21 46063 74 46328 21 46363 77 46630 19 46663 81 46931 19 46962 88 47233 19 47261 92 47535 18 47559 96 47837 121 48139 121 48441 122 48743 123 49045 122 49347 122 49649 100 49753 17 49952 82 50057 13 50255 72 50360 10 50560 53 50615 7 50662 9 50869 41 50963 8 51180 28 51264 7 51486 21 51565 6 51789 17 51866 5 52092 14 52166 6 52394 11 52467 5 52695 10 52768 5 52997 8 53068 5 53299 5 53369 4 53601 2 53669 5 53970 4 54271 3 54571 3
newfoundland_74,3969 30 4462 39 4958 43 5455 46 5951 50 6444 57 6929 72 7426 75 7923 78 8421 80 8918 83 9416 85 9914 87 10412 89 10910 91 11407 94 11873 16 11905 96 12368 29 12401 100 12864 137 13361 140 13857 144 14354 147 14851 150 15348 153 15844 157 16341 160 16837 164 17333 168 17829 172 18325 176 18821 180 19317 184 19814 187 20311 190 20808 193 21306 195 21804 197 22302 199 22799 202 23297 204 23795 206 24293 208 24791 210 25288 213 25785 216 26280 221 26746 255 27241 260 27738 263 28235 266 28732 269 29229 272 29726 275 30223 278 30719 282 31217 284 31714 287 32212 289 32709 292 33207 294 33705 296 34203 298 34701 300 35198 303 35695 306 36193 308 36689 312 37186 315 37681 320 38177 324 38673 328 39171 330 39668 333 40166 335 40664 337 41162 339 41661 340 42159 342 42658 343 43157 344 43655 346 44154 347 44653 348 45152 349 45651 350 46149 352 46648 353 47147 354 47645 356 48144 357 48643 358 49141 360 49640 361 50139 362 50637 364 51136 365 51634 367 52133 368 52632 369 53131 370 53630 371 54130 371 54629 372 55129 372 55629 372 56129 372 56628 373 57128 373 57628 373 58128 373 58628 373 59128 373 59627 374 60127 374 60627 374 61127 374 61626 375 62126 375 62626 375 63125 376 63625 376 64125 376 64624 377 65124 377 65624 377 66123 378 66623 378 67123 378 67623 378 68123 378 68622 379 69122 379 69622 379 70122 379 70622 379 71122 379 71622 379 72122 379 72622 379 73122 379 73622 379 74122 379 74622 379 75122 379 75623 378 76123 378 76623 378 77123 378 77623 378 78123 378 78623 378 79123 378 79623 378 80123 378 80623 378 81123 378 81623 378 82123 378 82623 378 83123 378 83622 379 84122 379 84622 379 85122 379 85622 379 86122 379 86622 379 87123 378 87623 378 88123 378 88623 378 89123 378 89623 378 90124 377 90624 377 91124 377 91625 376 92125 376 92626 375 93126 375 93627 374 94127 374 94628 373 95128 373 95629 372 96129 372 96629 372 97130 371 97630 371 98130 371 98631 370 99131 370 99632 369 100133 368 100634 367 101134 367 101635 366 102136 365 102637 364 103137 364 103638 363 104139 362 104640 361 105141 360 105642 359 106143 358 106644 357 107145 356 107646 355 108147 354 108649 352 109149 352 109651 350 110152 349 110653 348 111154 347 111655 346 112156 345 112657 344 113158 343 113659 237 113900 101 114161 225 114405 96 114663 219 114908 93 115166 214 115409 92 115670 207 115911 90 116175 200 116413 88 116679 195 116914 87 117184 107 117312 60 117416 85 117689 98 117818 53 117917 79 118195 90 118323 46 118419 71 118699 83 118826 41 118921 62 119203 78 119329 36 119423 30 119706 73 119832 29 119925 25 120210 68 120336 14 120429 19 120714 62 120936 8 121217 58 121720 53 122223 48 122725 43 123229 36 123734 27 124239 14
Abyssinian_191,190 7 413 10 636 11 859 13 1081 16 1304 18 1526 21 1748 23 1970 26 2193 27 2414 31 2636 33 2857 37 3079 39 3301 41 3522 44 3743 48 3963 52 4184 55 4405 58 4627 60 4850 61 5072 63 5295 64 5518 66 5741 67 5963 69 6186 70 6409 71 6632 72 6855 73 7078 74 7301 75 7525 75 7748 76 7971 77 8195 77 8418 78 8642 78 8865 79 9088 81 9312 81 9535 82 9758 83 9982 83 10205 85 10428 86 10651 87 10874 88 11097 89 11321 90 11544 91 11767 92 11991 92 12214 94 12437 95 12661 95 12884 96 13108 96 13331 97 13554 98 13778 98 14001 99 14225 99 14448 100 14671 101 14895 101 15118 102 15342 101 15565 102 15788 103 16012 103 16235 103 16459 103 16682 104 16905 105 17129 105 17352 106 17576 106 17799 107 18023 106 18246 107 18470 107 18693 108 18917 108 19141 108 19364 109 19588 109 19812 109 20035 110 20259 110 20483 110 20707 110 20930 111 21154 111 21378 111 21602 111 21825 112 22049 112 22273 112 22497 112 22720 113 22944 113 23168 113 23391 114 23615 114 23839 114 24063 114 24286 115 24510 115 24734 115 24957 116 25181 116 25405 116 25629 116 25853 116 26076 117 26300 117 26524 117 26748 117 26972 117 27196 117 27419 118 27643 118 27867 118 28091 118 28315 119 28539 119 28763 119 28987 119 29211 119 29435 119 29660 118 29884 118 30108 118 30332 118 30556 117 30780 117 31004 117 31228 117 31453 116 31677 116 31901 116 32125 116 32349 116 32573 116 32798 115 33022 115 33246 115 33470 114 33694 114 33919 113 34143 113 34367 113 34591 113 34815 113 35039 113 35263 113 35487 113 35711 113 35935 113 36159 113 36383 113 36607 113 36831 113 37055 113 37278 114 37502 114 37726 114 37949 116 38173 116 38396 117 38620 117 38844 117 39067 118 39291 118 39515 118 39739 118 39963 118 40187 118 40410 118 40634 118 40858 118 41082 118 41306 118 41530 118 41754 118 41978 118 42202 118 42426 118 42650 118 42873 119 43097 119 43321 119 43545 119 43769 119 43993 119 44216 120 44440 120 44664 120 44888 120 45112 120 45336 119 45559 120 45783 120 46007 120 46231 120 46455 120 46679 120 46903 120 47127 120 47351 120 47575 120 47799 120 48023 120 48247 120 48471 120 48694 120 48918 120 49142 120 49366 120 49590 120 49813 121 50037 121 50261 121 50484 122 50708 122 50931 123 51155 122 51379 122 51602 122 51826 121 52049 121 52273 119 52497 118 52720 117 52944 115 53168 112 53391 13 53407 94 53615 11 53634 87 53839 9 53858 65 53933 6 54063 8 54083 61 54287 7 54308 57 54511 6 54533 53 54734 6 54769 39 54958 5 54997 32 55182 3 55225 23 55453 13
wheaten_terrier_154,11352 4 11726 7 12099 10 12473 13 12847 15 13221 17 13595 19 13970 20 14344 22 14719 24 15094 26 15154 6 15469 30 15527 9 15844 36 15896 16 16220 41 16267 21 16595 69 16970 70 17346 70 17723 68 18103 64 18480 63 18857 62 19233 61 19608 62 19984 62 20359 62 20735 62 21110 62 21485 62 21860 63 22235 62 22610 62 22985 62 23360 62 23735 61 24110 61 24485 60 24860 60 25235 60 25610 60 25985 59 26360 59 26735 58 27110 58 27485 58 27860 57 28235 57 28610 57 28985 57 29360 56 29735 56 30110 56 30485 56 30860 56 31235 56 31610 56 31985 56 32360 56 32735 56 33110 57 33484 58 33859 58 34234 59 34609 59 34984 59 35359 60 35734 60 36108 62 36483 63 36858 63 37233 64 37607 67 37982 68 38357 69 38731 72 39106 73 39480 76 39854 79 40229 81 40603 84 40976 88 41350 91 41723 96 42096 101 42469 106 42842 113 43215 117 43586 124 43959 129 44332 134 44705 141 45079 147 45453 150 45826 154 46200 157 46574 159 46947 162 47321 164 47694 167 48066 171 48439 174 48811 177 49181 183 49552 188 49923 193 50295 196 50668 199 51042 200 51416 202 51791 202 52166 203 52540 204 52915 205 53290 205 53665 206 54040 206 54415 207 54790 207 55165 208 55540 208 55915 208 56290 209 56665 209 57039 211 57414 211 57789 211 58164 212 58539 212 58914 213 59289 213 59664 213 60039 213 60414 214 60788 215 61163 215 61538 215 61913 216 62288 216 62663 216 63038 216 63414 215 63789 215 64164 215 64539 215 64915 214 65290 214 65666 213 66041 213 66416 213 66792 211 67167 211 67542 211 67918 210 68293 209 68669 208 69044 208 69419 207 69795 206 70170 206 70546 204 70921 204 71297 202 71672 202 72048 200 72423 200 72799 199 73174 198 73549 198 73925 196 74300 195 74676 194 75051 193 75427 191 75802 191 76178 189 76554 187 76929 186 77305 184 77681 181 78056 180 78432 178 78808 176 79183 174 79559 172 79935 170 80311 168 80686 167 81062 165 81438 164 81814 162 82190 161 82566 159 82942 158 83317 158 83693 157 84069 155 84445 154 84821 153 85197 152 85573 151 85949 150 86325 149 86701 148 87076 148 87452 147 87828 147 88204 146 88580 145 88956 144 89332 143 89707 143 90083 143 90459 142 90834 142 91210 141 91585 141 91960 142 92336 141 92711 141 93086 141 93462 140 93837 140 94212 141 94588 140 94963 140 95338 140 95713 140 96089 139 96464 139 96839 139 97214 139 97590 139 97965 139 98340 139 98715 139 99091 138 99466 139 99841 139 100217 138 100592 138 100967 138 101343 138 101718 138 102094 137 102469 137 102844 137 103220 136 103595 136 103971 136 104346 136 104721 136 105097 135 105472 135 105847 135 106222 135 106598 134 106973 134 107348 134 107723 135 108098 135 108473 135 108849 134 109224 134 109599 134 109974 134 110349 134 110724 134 111099 134 111475 133 111850 134 112225 134 112600 134 112975 134 113350 134 113725 134 114100 134 114475 134 114850 134 115225 134 115600 134 115975 135 116350 135 116725 135 117100 135 117476 134 117851 134 118226 134 118601 134 118976 134 119351 134 119726 135 120101 135 120476 135 120851 135 121227 134 121602 134 121977 134 122352 135 122727 135 123102 135 123477 135 123852 135 124227 135 124603 134 124978 135 125353 135 125728 135 126103 135 126478 135 126853 135 127228 136 127603 136 127979 135 128354 135 128729 136 129104 136 129479 137 129854 137 130230 137 130605 137 130980 138 131355 139 131730 140 132106 139 132481 140 132856 141 133231 142 133607 142 133982 144 134357 145 134732 147 135107 150 135483 153 135858 159 136233 164 136608 167 136984 169 137359 172 137734 177 138109 181 138484 184 138859 186 139234 187 139609 189 139985 189 140360 190 140735 192 141110 193 141485 194 141860 195 142235 196 142610 197 142986 197 143361 198 143736 198 144111 199 144486 199 144861 200 145236 200 145612 200 145987 200 146362 201 146738 200 147113 200 147488 200 147864 200 148239 200 148614 200 148990 200 149365 200 149740 200 150115 200 150491 200 150866 200 151241 200 151616 200 151991 201 152367 200 152742 200 153117 200 153492 201 153867 201 154242 201 154617 201 154993 201 155368 201 155743 201 156118 201 156494 200 156869 200 157244 201 157619 201 157995 200 158370 200 158745 200 159121 199 159496 199 159871 199 160247 197 160622 197 160997 197 161373 196 161748 196 162123 196 162499 194 162874 194 163249 194 163625 193 164000 193 164376 192 164752 191 165127 191 165503 190 165879 189 166254 189 166630 188 167006 188 167382 187 167758 186 168134 185 168510 185 168886 184 169262 183 169638 183 170013 183 170389 182 170765 182 171141 182 171517 182 171893 181 172269 182 172644 183 173020 184 173396 185 173772 188 174147 191 174523 192 174899 193 175275 193 175651 193 176026 194 176402 194 176778 194 177154 194 177529 194 177905 194 178281 194 178656 194 179032 194 179407 194 179783 194 180159 194 180535 193 180910 194 181286 193 181661 194 182037 193 182412 194 182788 193 183164 192 183539 193 183915 192 184290 192 184666 191 185041 191 185417 190 185792 189 186168 188 186543 188 186919 58 186983 122 187294 54 187361 118
havanese_38,31139 32 31465 48 31795 54 32125 60 32450 72 32779 80 33110 85 33440 92 33771 98 34102 103 34431 111 34760 118 35086 128 35416 138 35745 152 36076 156 36407 160 36738 164 37069 167 37401 169 37731 173 38063 175 38395 176 38727 178 39059 180 39391 182 39723 183 40054 186 40386 188 40718 190 41051 191 41383 193 41715 195 42047 196 42380 197 42712 200 43045 200 43377 202 43709 204 44041 206 44373 207 44706 208 45038 209 45369 212 45701 213 46033 214 46364 216 46695 218 47024 222 47354 225 47685 227 48016 229 48348 230 48680 231 49012 231 49344 232 49676 233 50009 233 50341 234 50674 234 51006 235 51339 235 51671 236 52004 236 52336 237 52669 237 53002 237 53334 238 53667 238 53999 239 54332 239 54665 239 54997 240 55330 240 55642 6 55662 242 55974 8 55994 243 56307 10 56326 244 56639 12 56657 246 56972 264 57305 264 57638 264 57971 264 58304 263 58637 263 58970 263 59303 263 59637 262 59970 262 60303 262 60637 261 60970 261 61304 260 61637 260 61971 260 62304 260 62638 259 62972 258 63305 258 63639 258 63973 257 64307 256 64640 257 64974 256 65308 256 65642 255 65976 254 66309 255 66643 254 66977 254 67311 253 67646 252 67980 252 68314 251 68649 250 68983 249 69317 249 69651 249 69985 248 70319 248 70652 249 70986 249 71320 249 71653 249 71987 249 72320 249 72654 249 72987 250 73321 250 73654 251 73987 251 74321 251 74654 252 74988 252 75321 253 75654 254 75988 254 76321 255 76655 255 76988 258 77321 260 77655 260 77988 262 78321 265 78655 265 78988 266 79321 267 79655 266 79988 266 80322 265 80655 265 80988 265 81322 264 81655 264 81989 263 82322 263 82655 263 82988 263 83322 262 83655 262 83988 262 84321 262 84654 262 84987 262 85320 262 85653 262 85986 262 86319 262 86652 262 86985 262 87318 262 87650 263 87983 263 88316 263 88649 263 88982 263 89315 263 89648 263 89981 263 90314 261 90647 260 90980 258 91313 256 91646 253 91979 251 92312 249 92645 248 92978 246 93311 244 93644 241 93976 240 94309 238 94642 238 94975 237 95308 236 95641 235 95974 234 96307 233 96640 233 96973 233 97306 232 97639 232 97972 231 98305 231 98638 231 98971 230 99304 230 99637 230 99971 229 100304 229 100637 229 100970 228 101304 227 101637 227 101970 227 102303 227 102637 226 102970 226 103303 226 103637 225 103970 225 104303 226 104637 225 104970 225 105303 225 105637 224 105970 225 106303 225 106637 224 106970 224 107304 223 107637 223 107971 223 108304 223 108637 223 108971 222 109304 222 109638 222 109971 222 110305 221 110638 221 110972 220 111305 220 111639 219 111973 218 112307 216 112641 215 112975 213 113309 212 113643 210 113978 207 114312 205 114648 200 114983 197 115317 195 115652 192 115986 190 116320 189 116654 187 116988 184 117322 182 117656 180 117989 179 118323 178 118657 176 118991 174 119324 173 119658 171 119991 170 120325 169 120659 167 120993 165 121326 165 121660 163 121994 162 122327 161 122661 159 122995 158 123328 157 123662 156 123996 154 124330 153 124664 151 124998 150 125333 147 125669 144 126004 141 126339 139 126674 136 127008 134 127343 132 127677 130 128011 128 128346 125 128680 123 129014 121 129349 118 129684 116 130018 114 130353 111 130688 108 131022 106 131357 103 131691 101 132025 99 132359 97 132693 95 133027 93 133361 90 133696 87 134030 84 134365 80 134700 76 135035 72 135371 67 135707 24 135736 34 136045 17 136071 30 136384 10 136405 27 136720 4 136739 24 137073 20 137408 3
Siamese_167,11012 1 11387 3 11762 3 12137 4 12512 5 12886 6 13261 6 13636 7 14011 7 14385 9 14760 9 15135 10 15510 10 15885 10 16260 10 16635 11 17010 11 17385 12 17760 12 18135 13 18511 13 18885 15 19261 14 19636 15 20011 16 20386 16 20761 17 21136 17 21511 18 21886 18 22262 17 22637 18 23013 17 23390 16 23766 15 24142 15 24518 16 24893 17 25268 18 25643 19 26018 19 26393 20 26768 21 27143 21 27518 22 27894 21 28269 22 28644 22 29019 23 29394 23 29770 23 30145 23 30521 23 30897 22 31274 20 31650 20 32026 19 32402 19 32781 15 33156 16 33531 17 33906 17 34281 18 34656 19 35031 20 35407 20 35782 21 36158 22 36533 23 36909 24 37285 24 37660 25 38036 25 38410 28 38785 28 39160 29 39534 32 39909 33 40227 2 40283 35 40601 4 40647 2 40650 1 40659 35 40975 6 41020 9 41030 40 41350 7 41395 51 41725 7 41770 51 42100 8 42145 52 42475 8 42521 53 42850 8 42896 9 42907 43 43225 8 43272 8 43283 43 43601 7 43648 7 43661 41 43976 7 44028 2 44037 42 44133 15 44351 8 44412 45 44505 19 44727 7 44788 46 44876 24 45102 7 45163 48 45248 28 45477 7 45538 50 45622 29 45852 7 45904 3 45912 53 45994 33 46228 6 46278 5 46286 56 46368 35 46603 7 46653 66 46741 37 46978 7 47025 72 47112 42 47353 7 47397 79 47484 45 47728 8 47771 133 48103 8 48145 135 48478 8 48519 136 48853 9 48893 138 49228 9 49266 140 49603 10 49640 142 49978 10 50015 142 50353 10 50389 144 50728 11 50764 144 51103 11 51138 145 51478 12 51512 147 51853 13 51886 149 52228 13 52259 151 52603 14 52632 154 52978 16 53003 158 53353 19 53373 164 53728 184 54103 184 54478 185 54853 185 55228 186 55603 186 55978 187 56353 187 56729 187 57104 187 57479 188 57855 187 58230 187 58606 187 58981 187 59357 187 59732 187 60107 187 60483 186 60858 187 61234 186 61609 186 61985 186 62360 186 62735 186 63111 186 63486 186 63862 185 64237 186 64613 185 64988 185 65364 184 65739 185 66115 184 66490 184 66866 184 67241 184 67617 183 67992 184 68368 183 68744 182 69119 182 69495 182 69870 182 70246 181 70621 181 70997 181 71372 181 71747 181 72122 181 72497 182 72873 181 73248 181 73623 181 73998 181 74373 181 74748 182 75123 182 75497 183 75872 183 76247 183 76622 183 76997 183 77371 185 77746 185 78121 185 78496 185 78870 186 79245 187 79620 187 79995 187 80370 187 80745 187 81119 189 81494 189 81869 189 82244 189 82619 190 82994 190 83369 190 83744 190 84119 190 84494 190 84869 190 85244 190 85619 190 85994 190 86369 190 86744 190 87119 190 87494 190 87869 161 88034 25 88244 160 88410 24 88619 159 88786 23 88994 158 89162 22 89369 157 89537 22 89743 157 89913 20 90118 156 90288 20 90493 156 90664 19 90868 155 91039 19 91243 155 91415 17 91618 155 91790 17 91993 155 92166 15 92368 154 92541 15 92743 154 92916 15 93118 154 93291 15 93492 155 93667 13 93867 154 94042 13 94242 154 94417 13 94617 154 94792 12 94992 154 95168 11 95366 154 95543 11 95741 154 95918 11 96116 154 96293 11 96491 154 96668 10 96865 155 97043 10 97240 155 97418 10 97614 156 97793 10 97989 156 98168 10 98363 157 98543 9 98738 157 98918 9 99112 158 99293 9 99486 159 99668 9 99860 160 100043 9 100234 161 100418 9 100608 162 100793 9 100981 164 101169 8 101355 165 101544 7 101729 166 101919 7 102103 167 102294 7 102476 169 102669 6 102850 170 103045 5 103224 171 103420 3 103598 172 103972 173 104346 174 104720 175 105094 176 105468 177 105842 178 106217 178 106591 179 106965 180 107339 181 107713 182 108087 182 108461 183 108836 183 109210 184 109584 185 109958 186 110332 187 110706 187 111080 188 111455 188 111829 189 112204 188 112578 189 112953 189 113328 188 113703 188 114078 187 114454 186 114829 185 115205 184 115581 182 115958 179 116334 177 116711 174 117089 170 117286 2 117466 165 117660 4 117844 160 118034 6 118223 42 118278 100 118409 6 118605 30 118656 96 118783 7 119033 93 119158 8 119410 90 119532 9 119787 87 119907 9 120164 84 120281 11 120541 81 120656 11 120919 21 120957 39 121030 12 121299 6 121335 35 121405 13 121712 31 121779 14 122090 26 122154 14 122466 23 122528 16 122843 19 122903 16 123220 16 123277 18 123596 13 123652 18 123973 10 124026 20 124350 6 124401 21 124775 22 125150 23 125524 25 125899 25 126273 27 126648 28 127022 30 127397 31 127771 32 128145 34 128519 36 128893 38 129266 40 129640 42 130012 45 130382 51 130748 60 131121 63 131496 63 131871 63 132246 63 132622 62 132998 62 133374 61 133751 59 134128 57 134505 55 134881 54 135258 52 135634 51 136010 50 136386 49 136762 48 137138 47 137514 46 137890 45 138265 45 138641 44 139017 43 139393 41 139769 40 140145 39 140521 38 140898 36 141274 35 141650 34 142026 33 142403 31 142779 30 143156 28 143532 27 143908 26 144285 24 144661 23 145037 22 145413 21 145789 20 146165 19 146541 17 146917 16 147293 15 147669 14 148045 12 148421 11 148797 9 149175 4
great_pyrenees_4,33578 5 33910 8 34242 10 34574 12 34906 14 35239 15 35571 18 35903 20 36235 21 36568 23 36900 24 37233 25 37565 28 37897 29 38229 31 38562 32 38894 34 39226 36 39559 37 39892 38 40224 40 40556 42 40889 43 41221 44 41553 46 41884 48 42216 50 42548 51 42881 52 43213 53 43545 54 43877 56 44208 58 44540 59 44872 60 45204 61 45536 63 45868 64 46200 65 46532 66 46864 67 47196 68 47528 69 47861 69 48193 70 48525 71 48858 71 49190 72 49523 72 49856 72 50189 72 50523 71 50856 71 51189 71 51522 71 51856 70 52189 70 52522 70 52855 70 53188 70 53522 69 53855 69 54188 69 54521 69 54854 68 55186 69 55519 69 55852 69 56185 69 56518 69 56850 70 57183 70 57516 70 57848 71 58181 71 58513 72 58846 72 59178 73 59510 74 59842 75 60174 76 60506 77 60837 79 61168 81 61498 84 61830 85 62161 88 62492 90 62823 93 63154 95 63484 99 63816 101 64147 104 64479 106 64810 110 65142 112 65474 114 65806 116 66138 118 66470 119 66802 121 67134 123 67466 125 67799 126 68131 129 68463 133 68795 134 69128 136 69460 138 69792 139 70125 139 70457 140 70789 141 71122 141 71454 142 71786 143 72119 143 72451 144 72783 145 73115 146 73448 146 73780 147 74112 148 74444 149 74776 150 75108 151 75440 152 75772 153 76104 154 76435 156 76767 157 77099 158 77430 160 77761 162 78093 163 78424 165 78755 167 79087 168 79418 170 79749 172 80081 173 80412 175 80741 179 81072 181 81400 186 81730 189 82061 191 82392 193 82723 195 83055 196 83386 198 83718 199 84050 200 84381 202 84713 203 85045 204 85377 205 85709 206 86041 207 86373 208 86705 209 87037 210 87369 211 87701 212 88033 213 88365 214 88697 215 89028 217 89360 218 89691 220 90023 221 90355 222 90687 223 91019 224 91351 225 91684 225 92016 226 92349 226 92681 227 93014 227 93346 228 93679 228 94011 229 94344 229 94677 229 95009 230 95342 230 95675 230 96007 231 96340 231 96673 231 97005 232 97338 232 97671 232 98004 232 98336 233 98669 233 99002 233 99335 233 99668 233 100001 233 100334 233 100666 234 100999 234 101332 234 101665 234 101998 234 102331 234 102664 234 102997 234 103330 234 103663 234 103996 234 104330 233 104663 233 104996 233 105329 233 105662 233 105996 232 106329 232 106662 232 106996 231 107329 231 107662 231 107996 230 108329 230 108663 229 108996 229 109330 228 109663 228 109997 227 110331 226 110664 226 110998 225 111332 224 111666 223 112000 222 112334 221 112668 220 113002 219 113336 218 113670 217 114004 216 114337 216 114671 215 115005 214 115339 213 115673 212 116007 211 116341 210 116675 209 117009 206 117343 202 117678 198 118012 183 118346 176 118681 155 118844 4 119016 148 119351 135 119686 119 120021 101 120358 51 120430 15 120694 27 121031 18
english_setter_13,8333 5 8831 8 9331 8 9831 8 10330 10 10830 10 11329 11 11829 11 12329 12 12829 12 13328 13 13828 13 14327 14 14826 16 15325 17 15824 18 16323 19 16822 20 17321 20 17820 21 18264 16 18319 22 18703 43 18756 30 18817 23 19133 18 19188 102 19316 23 19625 33 19682 111 19814 25 20119 175 20313 25 20615 180 20812 26 21112 185 21310 28 21609 188 21808 30 22106 190 22307 30 22604 191 22800 1 22807 30 23101 194 23297 6 23305 32 23598 197 23796 41 24096 241 24594 201 24796 41 25091 204 25297 39 25589 204 25799 1 25804 33 26087 205 26304 33 26585 206 26805 32 27082 210 27305 32 27580 214 27804 34 28078 260 28575 263 29072 267 29570 269 30069 270 30566 273 31064 275 31562 277 32061 278 32559 280 33056 282 33554 284 34052 286 34550 288 35047 291 35545 293 36043 295 36542 297 37040 299 37539 300 38038 301 38537 302 39036 303 39534 305 40033 306 40532 307 41031 308 41530 309 42030 309 42529 310 43029 310 43528 311 44027 312 44527 312 45027 313 45526 314 46025 315 46525 315 47024 316 47523 317 48022 319 48521 320 49021 320 49519 322 50018 323 50515 327 51006 336 51504 338 52001 341 52501 341 53001 342 53501 342 54001 343 54501 343 55001 343 55501 344 56001 344 56501 345 57001 345 57501 346 58001 346 58501 347 59001 347 59501 348 60001 348 60501 349 60919 2 61001 350 61418 4 61501 351 61917 5 62001 352 62416 6 62501 353 62915 8 63001 354 63414 9 63501 355 63914 9 64001 356 64413 10 64501 357 64913 10 65001 359 65412 11 65501 360 65911 12 66001 361 66410 13 66501 363 66909 14 67001 365 67408 15 67501 366 67907 16 68001 368 68406 17 68501 371 68904 19 69001 374 69401 22 69501 378 69897 27 70001 386 70390 34 70501 423 71001 424 71501 424 72001 425 72501 426 73001 427 73501 428 74001 429 74501 431 75001 433 75501 434 76001 436 76501 438 77001 439 77501 441 78001 443 78501 444 79001 446 79501 447 80001 448 80501 449 81001 450 81501 451 82001 451 82501 452 83001 452 83501 453 84001 453 84501 453 85001 454 85501 454 86001 454 86501 454 87001 455 87501 455 88001 455 88501 456 89001 456 89501 457 90001 457 90501 458 91001 458 91501 459 92001 459 92501 459 93001 460 93501 460 94001 461 94501 461 95001 461 95501 462 96001 462 96501 462 97001 462 97501 462 98001 463 98501 463 99001 463 99501 463 100001 463 100501 463 101001 464 101501 464 102001 464 102501 464 103001 464 103501 464 104001 464 104501 464 105001 464 105501 464 106001 464 106501 464 107001 464 107501 464 108001 464 108501 463 109001 463 109501 463 110001 463 110501 462 111001 462 111501 462 112001 462 112501 462 113001 462 113501 462 114001 462 114501 462 115001 462 115501 462 116001 462 116501 462 117001 462 117501 462 118001 462 118501 462 119001 463 119501 463 120001 463 120501 464 121001 464 121501 464 122001 464 122501 464 123001 464 123501 464 124001 464 124501 464 125001 464 125501 465 126001 465 126501 465 127001 336 127342 124 127501 327 127848 117 128001 324 128352 113 128501 320 128855 109 129001 317 129359 104 129501 315 129863 100 130001 312 130369 32 130417 45 130505 305 130923 38 131009 298 131426 34 131512 292 131928 32 132015 285 132429 30 132518 278 132931 28 133021 271 133433 25 133523 264 133935 22 134026 257 134438 17 134528 252 134950 1 135031 246 135532 243 136034 239 136535 236 137037 232 137538 230 138039 227 138540 225 139041 222 139542 220 140044 217 140545 214 141047 211 141550 207 142052 204 142555 199 143057 196 143560 192 144063 188 144566 183 145069 179 145571 175 146074 169 146576 163 147078 154 147581 139 148083 131 148584 127 149086 122 149587 119 150088 116 150588 114 151089 111 151589 108 152090 106 152590 105 153091 103 153592 101 154094 97 154595 95 155096 92 155598 88 156100 85 156601 82 157103 80 157605 77 158107 73 158610 69 159114 64 159618 58 160122 52 160625 47 161127 44 161629 41 162130 39 162632 37 163133 35 163634 33 164136 29 164637 27 165136 28 165636 29
keeshond_172,27605 15 27935 26 28265 40 28594 45 28924 48 29252 53 29576 62 29904 67 30233 71 30563 74 30891 79 31219 84 31548 88 31877 92 32208 94 32525 110 32853 115 33180 121 33509 125 33840 127 34171 129 34501 132 34833 133 35163 136 35493 139 35824 141 36154 144 36485 146 36815 149 37146 151 37477 153 37808 155 38139 157 38470 159 38801 161 39131 164 39462 166 39792 169 40123 171 40453 174 40783 177 41114 179 41446 180 41778 181 42110 182 42442 183 42774 184 43106 185 43438 186 43770 187 44101 189 44433 190 44765 191 45097 192 45429 193 45761 194 46093 195 46425 196 46757 197 47088 199 47419 201 47750 203 48080 206 48411 208 48742 210 49073 212 49404 214 49735 216 50066 218 50397 220 50729 221 51059 224 51391 225 51722 227 52054 228 52386 229 52717 231 53050 231 53382 232 53714 233 54046 234 54379 234 54711 235 55044 235 55376 236 55709 236 56041 237 56374 237 56707 237 57039 238 57372 238 57704 239 58037 239 58369 240 58702 240 59035 240 59367 241 59700 241 60033 241 60366 241 60698 242 61031 242 61364 242 61697 242 62029 243 62362 243 62694 244 63027 244 63360 244 63692 245 64025 245 64357 246 64690 246 65022 247 65355 247 65688 247 66020 248 66353 248 66685 249 67018 249 67350 250 67683 250 68016 250 68348 251 68681 251 69014 251 69346 252 69679 252 70012 252 70344 253 70677 253 71010 253 71342 254 71675 254 72008 254 72340 255 72673 255 73006 254 73338 252 73671 252 74003 252 74335 252 74668 251 75000 251 75332 251 75664 252 75997 251 76329 252 76661 252 76993 253 77326 253 77658 253 77991 253 78324 253 78657 253 78990 254 79323 254 79656 255 79919 2 79989 255 80250 4 80322 256 80582 5 80655 256 80915 5 80988 257 81247 6 81321 257 81579 7 81653 266 81986 266 82319 266 82651 266 82983 267 83315 268 83646 269 83978 270 84310 271 84643 271 84975 272 85309 271 85642 271 85976 270 86310 269 86644 268 86979 266 87314 264 87649 263 87984 261 88319 259 88654 257 88989 256 89324 254 89659 252 89994 250 90328 249 90661 249 90995 248 91329 247 91663 246 91997 245 92330 245 92664 244 92998 243 93331 243 93665 242 93999 241 94332 189 94533 40 94666 182 94870 36 94999 173 95206 33 95333 168 95542 30 95667 165 95877 28 96001 162 96213 25 96335 158 96550 21 96670 154 96886 18 97004 151 97222 15 97339 147 97558 12 97674 142 97893 10 98008 138 98230 6 98344 22 98384 93 98680 10 98724 83 99062 75 99398 69 99734 64 100070 59 100406 53 100741 49 101076 43 101411 39 101747 32 102084 25 102423 10
beagle_32,17629 2 17962 3 18294 4 18627 4 18946 5 18958 6 19278 8 19291 6 19609 12 19623 7 19941 13 19955 9 20273 24 20605 25 20937 26 21269 27 21601 28 21933 29 22266 29 22598 30 22930 31 23262 32 23594 33 23926 33 24258 34 24590 35 24922 36 25254 36 25586 37 25918 37 26250 38 26582 39 26915 34 27247 36 27579 37 27911 37 28244 38 28576 39 28909 39 29241 40 29573 41 29906 41 30238 42 30571 42 30903 43 31235 44 31568 43 31900 44 32232 45 32564 45 32896 46 33228 47 33560 48 33892 48 34224 49 34556 50 34887 52 35219 53 35550 55 35882 56 36214 57 36545 59 36877 60 37209 61 37540 63 37872 64 38204 66 38535 69 38867 70 39199 73 39530 77 39862 79 40193 82 40524 85 40855 87 41185 91 41516 93 41845 97 42173 102 42502 106 42831 110 43161 113 43491 116 43821 119 44151 122 44357 22 44482 124 44684 33 44813 126 45013 40 45144 128 45343 47 45474 131 45672 54 45805 133 46004 58 46135 136 46334 63 46465 139 46665 66 46793 144 46995 71 47118 152 47326 74 47447 156 47656 78 47777 159 47987 81 48108 160 48317 85 48440 161 48648 88 48771 163 48978 93 49102 165 49310 95 49434 166 49642 97 49765 168 49973 101 50097 169 50305 104 50428 171 50637 107 50760 172 50969 110 51091 174 51301 114 51422 176 51633 298 51964 300 52296 301 52628 302 52960 303 53291 305 53623 306 53955 307 54287 307 54619 308 54952 308 55284 309 55616 310 55948 311 56280 312 56613 312 56945 313 57278 313 57611 314 57944 314 58277 314 58610 314 58943 314 59276 314 59608 315 59941 315 60274 315 60607 315 60940 315 61273 315 61606 314 61939 314 62272 314 62605 313 62938 313 63271 313 63604 312 63937 312 64270 311 64603 311 64936 311 65269 310 65602 310 65935 309 66268 309 66601 308 66934 308 67267 307 67600 307 67933 306 68266 306 68599 305 68932 305 69265 304 69598 304 69931 304 70264 303 70597 303 70930 303 71263 302 71596 302 71929 302 72262 302 72595 302 72928 302 73261 302 73594 301 73927 301 74260 301 74593 301 74926 301 75259 301 75592 301 75925 301 76258 300 76591 300 76924 300 77257 300 77590 300 77923 300 78256 300 78589 299 78922 299 79255 299 79588 299 79921 299 80254 299 80587 299 80920 299 81253 298 81586 298 81919 298 82252 298 82585 298 82918 298 83251 298 83584 298 83917 298 84250 298 84583 298 84916 298 85249 298 85582 298 85915 298 86248 297 86581 297 86914 297 87247 297 87580 297 87913 297 88246 297 88579 297 88912 297 89245 297 89578 297 89911 297 90244 297 90577 297 90910 297 91243 297 91576 227 91815 58 91909 203 92157 49 92242 196 92496 43 92575 194 92833 40 92908 192 93170 36 93241 191 93505 34 93574 189 93841 32 93907 188 94176 30 94240 187 94512 27 94573 186 94847 26 94906 186 95182 24 95239 185 95517 22 95572 185 95852 20 95905 184 96187 19 96239 183 96522 17 96572 183 96858 14 96905 183 97193 12 97239 182 97528 10 97572 182 97863 8 97905 182 98200 3 98238 182 98572 181 98905 181 99238 181 99572 180 99906 179 100240 178 100574 177 100908 176 101242 175 101576 174 101909 174 102243 172 102577 171 102910 171 103243 171 103576 171 103909 170 104242 170 104576 169 104908 169 105241 169 105574 168 105907 168 106240 167 106573 167 106906 166 107239 165 107572 165 107905 164 108238 163 108570 163 108903 162 109236 160 109569 159 109902 157 110235 155 110568 153 110901 150 111235 145 111568 142 111901 38 111947 91 112234 34 112286 82 112568 32 112625 73 112901 31 112960 69 113235 29 113296 64 113575 22 113632 59 113909 20 113967 55 114243 19 114304 49 114576 18 114641 42 114909 18 114977 36 115243 17 115314 30 115576 16 115651 21 115909 16 115988 13 116242 16 116575 15 116908 15 117241 14 117574 14 117907 13 118241 11 118574 7 118908 4
beagle_56,53795 9 54124 15 54454 21 54784 25 55115 29 55446 33 55777 37 56108 43 56439 55 56770 58 57102 60 57434 61 57765 63 58098 64 58430 65 58762 66 59094 67 59426 68 59759 68 60091 69 60423 70 60756 70 61088 71 61420 72 61753 72 62085 73 62418 74 62750 75 63083 75 63415 77 63748 78 64081 79 64413 81 64746 82 65079 82 65411 84 65744 85 66077 85 66410 86 66742 88 67075 88 67408 89 67741 89 68074 90 68407 91 68739 92 69072 93 69405 94 69738 94 70071 95 70404 96 70737 97 71070 98 71403 98 71736 99 72069 100 72403 99 72736 100 73069 100 73402 99 73735 85 73824 10 74068 83 74160 6 74401 83 74734 83 75067 83 75400 83 75733 83 76066 83 76399 83 76732 84 77065 85 77397 87 77730 88 78063 89 78395 91 78728 93 79060 96 79392 100 79724 103 80056 108 80388 112 80720 114 81051 118 81382 121 81713 124 82045 127 82377 129 82708 133 83040 136 83372 138 83704 122 83834 10 84036 122 84170 8 84367 124 84506 5 84699 125 84841 4 85031 127 85175 4 85363 128 85510 2 85695 130 86027 132 86359 134 86691 136 87023 139 87355 141 87688 143 88020 145 88353 146 88685 147 89018 146 89350 147 89683 146 90015 146 90348 145 90680 146 91013 145 91346 144 91678 144 92011 144 92343 144 92676 144 93008 144 93341 144 93674 143 94007 143 94339 144 94672 143 95005 143 95338 143 95670 144 96003 143 96336 143 96669 143 97002 143 97335 142 97668 142 98001 142 98334 141 98667 141 99000 140 99333 140 99666 139 99999 138 100332 138 100666 136 100999 135 101332 135 101665 134 101998 133 102331 132 102664 131 102998 130 103331 129 103664 129 103997 128 104330 128 104663 128 104996 128 105330 128 105663 129 105996 129 106330 130 106663 131 106997 131 107330 131 107664 131 107997 131 108331 107 108439 23 108665 101 108778 17 108999 98 109114 14 109333 92 109448 13 109666 66 109736 18 109784 9 110000 61 110072 4 110119 7 110334 58 110668 55 111002 52 111336 49 111670 47 112004 43 112338 40 112672 35 113006 30 113340 27 113674 23 114009 17 114343 13 114681 3
Birman_27,12734 4 13233 6 13732 8 14232 9 14732 10 15232 11 15732 11 16232 12 16732 13 17231 14 17731 15 18231 15 18731 16 19231 17 19731 17 20231 18 20730 19 21230 20 21730 20 22230 21 22730 21 23230 22 23730 22 24229 23 24729 23 25229 24 25729 24 26229 24 26729 25 27229 25 27729 26 28229 27 28728 28 29228 29 29728 30 30228 31 30727 33 31227 35 31726 37 32226 38 32725 40 33225 41 33724 44 34224 44 34723 46 35222 48 35721 50 36220 53 36719 57 37218 65 37717 75 38216 81 38715 87 39214 92 39714 95 40213 99 40713 101 41212 104 41711 107 42211 109 42710 111 43210 113 43709 115 44209 117 44708 119 45207 121 45707 123 46206 126 46706 127 47205 130 47704 133 48204 135 48703 138 49202 142 49701 146 50200 151 50699 155 51198 158 51697 162 52196 165 52695 168 53194 170 53693 173 54192 175 54692 176 55191 178 55690 180 56189 183 56688 185 57187 187 57686 189 58185 191 58684 193 59183 195 59682 197 60181 199 60681 200 61180 202 61679 203 62178 205 62677 207 63177 208 63676 210 64175 212 64674 214 65174 215 65673 217 66172 218 66671 220 67171 221 67670 223 68169 224 68668 225 69168 226 69667 227 70166 229 70665 231 71165 231 71664 233 72163 234 72508 6 72662 236 73006 11 73161 237 73506 14 73660 239 74006 17 74159 241 74506 20 74658 242 75006 23 75158 243 75508 24 75657 245 76009 25 76156 246 76510 26 76655 248 77011 27 77154 250 77513 28 77654 250 78015 28 78153 252 78517 28 78651 254 79018 29 79150 256 79520 30 79649 257 80022 30 80147 259 80524 30 80646 261 81026 31 81144 263 81528 31 81642 265 82031 30 82140 267 82533 31 82638 270 83035 31 83136 272 83538 31 83634 274 84040 31 84132 276 84542 31 84629 280 85045 31 85127 282 85547 31 85625 284 86050 31 86124 285 86552 31 86622 287 87055 31 87120 289 87557 31 87619 290 88059 31 88117 292 88562 31 88616 293 89064 31 89115 294 89567 30 89614 295 90069 31 90112 297 90572 32 90610 298 91074 334 91577 331 92079 329 92582 326 93084 324 93587 321 94090 318 94593 315 95096 312 95599 309 96102 306 96605 303 97107 301 97609 299 98110 298 98612 296 99112 296 99613 295 100114 294 100614 294 101115 293 101615 293 102115 292 102615 292 103115 292 103616 291 104116 291 104616 291 105115 291 105615 291 106115 291 106615 291 107115 291 107615 291 108114 292 108614 292 109114 291 109613 292 110113 292 110613 292 111112 293 111612 293 112112 293 112612 292 113112 292 113611 293 114111 292 114611 292 115111 291 115610 292 116110 292 116610 291 117110 291 117609 291 118109 291 118609 290 119108 291 119608 290 120107 291 120607 291 121106 291 121606 291 122105 292 122604 293 123104 293 123603 294 124102 295 124601 296 125100 297 125599 299 126098 300 126598 300 127097 301 127596 302 128095 304 128594 305 129093 306 129593 306 130092 308 130592 308 131091 309 131591 309 132090 311 132590 311 133090 312 133589 313 134089 313 134588 315 135088 315 135587 317 136087 317 136586 319 137086 319 137585 321 138085 321 138584 323 139083 324 139583 325 140082 326 140582 327 141081 328 141581 328 142080 329 142580 330 143079 331 143579 331 144078 332 144578 332 145077 333 145577 333 146077 333 146576 334 147076 334 147576 334 148075 334 148575 334 149075 334 149574 335 150074 335 150574 334 151074 334 151574 334 152074 334 152573 335 153073 335 153573 335 154073 335 154573 335 155072 336 155572 336 156072 336 156571 337 157071 337 157571 337 158071 337 158570 338 159070 338 159570 337 160069 338 160569 338 161068 339 161568 338 162068 338 162567 339 163067 339 163566 340 164066 339 164565 340 165065 340 165565 339 166065 339 166564 340
keeshond_176,70299 7 70662 26 71034 37 71407 44 71780 51 72153 60 72527 80 72900 87 73273 92 73647 95 74020 100 74394 106 74767 111 75141 115 75515 118 75888 121 76262 124 76636 126 77009 129 77383 132 77561 2 77757 134 77932 8 78130 137 78305 11 78504 140 78678 14 78877 144 79050 18 79250 149 79423 20 79623 154 79795 24 79996 161 80164 30 80369 200 80742 203 81115 205 81490 205 81864 207 82239 207 82614 207 82989 207 83364 208 83739 208 84114 208 84490 208 84865 208 85241 208 85616 208 85992 208 86368 207 86744 207 87120 206 87495 207 87871 207 88247 206 88622 207 88997 208 89373 207 89748 208 90123 208 90498 209 90874 209 91249 209 91624 210 91999 211 92374 211 92749 212 93124 213 93499 214 93874 215 94249 215 94624 216 94999 217 95374 218 95749 219 96124 221 96498 223 96873 225 97248 226 97623 227 97998 228 98372 230 98747 230 99122 230 99496 231 99871 230 100246 229 100620 229 100995 228 101370 227 101744 227 102119 225 102494 224 102869 223 103244 222 103619 221 103994 220 104369 218 104744 217 104997 4 105119 216 105369 7 105494 215 105742 9 105869 213 106116 10 106244 212 106490 11 106619 211 106864 12 106994 210 107238 13 107370 207 107612 14 107745 206 107986 15 108121 204 108360 16 108497 201 108734 17 108873 199 109108 18 109249 197 109482 19 109626 194 109855 21 110002 191 110228 23 110378 189 110602 24 110754 186 110976 25 111130 148 111284 29 111349 27 111506 146 111661 25 111723 28 111882 144 112037 22 112097 29 112258 142 112414 16 112471 30 112634 141 112790 11 112845 31 113010 139 113219 32 113386 137 113593 33 113762 135 113966 35 114138 133 114340 36 114514 131 114713 38 114890 129 115087 39 115265 129 115460 41 115641 127 115834 42 116017 125 116207 44 116393 124 116581 45 116768 123 116955 46 117144 121 117328 48 117520 120 117702 49 117896 119 118075 51 118272 117 118449 52 118648 116 118823 53 119024 115 119197 54 119400 113 119570 56 119776 112 119943 58 120152 111 120317 59 120528 109 120690 61 120904 108 121064 62 121280 107 121437 64 121656 105 121811 65 122032 104 122184 67 122408 102 122557 69 122784 101 122931 70 123160 99 123305 71 123536 98 123678 73 123912 96 124052 74 124288 94 124426 75 124664 93 124800 76 125040 91 125173 78 125416 89 125547 79 125792 87 125921 80 126168 85 126295 81 126544 83 126669 82 126920 81 127043 83 127296 79 127416 85 127672 77 127790 86 128048 75 128164 87 128424 72 128537 89 128800 70 128911 90 129177 66 129285 90 129553 64 129658 90 129929 61 130032 91 130306 58 130405 92 130683 55 130779 92 131059 53 131152 93 131436 50 131524 96 131813 48 131896 99 132189 47 132265 104 132566 44 132634 110 132943 42 133005 115 133320 39 133379 116 133697 37 133752 118 134074 35 134126 119 134450 34 134500 120 134827 32 134874 121 135204 30 135248 123 135581 28 135623 123 135957 27 135997 125 136334 26 136371 126 136710 27 136745 128 137086 27 137118 131 137462 163 137838 163 138214 162 138590 161 138966 160 139342 159 139717 159 140093 158 140468 158 140844 157 141220 156 141595 156 141971 155 142346 155 142722 154 143098 153 143474 152 143849 152 144225 151 144601 150 144976 150 145352 149 145727 149 146103 148 146479 147 146854 147 147230 146 147605 146 147981 145 148357 144 148732 144 149108 143 149483 143 149859 142 150234 142 150610 141 150985 141 151361 140 151737 139 152112 139 152488 138 152863 138 153239 137 153614 137 153990 136 154365 136 154741 135 155116 135 155492 134 155868 133 156244 132 156620 131 156996 130 157372 129 157748 128 158123 128 158499 127 158875 126 159251 125 159627 124 160003 123 160379 122 160755 121 161131 120 161507 119 161882 119 162258 118 162634 117 163009 117 163384 117 163760 116 164135 116 164510 116 164886 115 165261 115 165636 115 166012 114 166387 114 166762 114 167137 114 167512 114 167887 114 168262 114 168638 113 169013 113 169388 113 169763 113 170138 113 170513 113 170888 113 171263 113 171639 112 172014 112 172389 112 172764 112 173139 112 173514 112 173889 112 174264 112 174640 111 175015 111 175390 111 175765 111 176140 111 176515 111 176889 112 177264 112 177639 112 178014 112 178388 113 178763 113 179137 114 179512 114 179887 114 180262 114 180637 114 181012 114 181386 115 181761 115 182136 115 182511 115 182886 115 183261 115 183636 115 184012 114 184387 114 184762 114 185137 15 185154 97 185512 12 185531 95 185888 7 185907 94 186263 5 186283 93 186639 4 186660 91 187014 3 187039 6 187046 79 187389 3 187427 72
chihuahua_151,236 46 534 49 833 51 1131 54 1430 56 1729 57 2029 57 2328 58 2628 58 2927 59 3227 59 3526 60 3826 60 4125 61 4425 61 4724 62 5023 63 5323 63 5622 64 5921 65 6220 66 6519 67 6817 69 7116 70 7414 72 7712 74 8009 77 8306 80 8603 83 8901 85 9198 88 9496 90 9794 92 10092 94 10390 96 10689 97 10988 98 11287 99 11586 100 11885 101 12184 102 12344 13 12483 103 12620 42 12782 104 12919 46 13081 105 13219 48 13380 106 13519 51 13679 107 13819 53 13977 109 14119 55 14276 110 14419 59 14575 111 14719 61 14874 112 15019 64 15173 113 15319 65 15472 114 15620 65 15771 115 15920 66 16069 117 16221 66 16368 118 16521 66 16667 119 16822 66 16965 121 17122 66 17263 123 17423 66 17561 125 17723 66 17858 128 18024 66 18154 132 18324 67 18450 136 18625 66 18744 142 18926 66 19037 149 19227 66 19331 155 19527 67 19626 160 19828 68 19918 168 20129 71 20211 175 20430 256 20731 255 21032 254 21333 253 21634 252 21935 251 22236 250 22537 249 22838 248 23139 247 23440 246 23741 245 24042 244 24343 243 24644 242 24945 241 25246 240 25547 239 25848 238 26149 237 26450 236 26751 235 27053 233 27354 232 27655 231 27956 230 28256 230 28556 230 28857 229 29157 229 29457 229 29757 229 30057 229 30357 228 30657 228 30957 228 31257 228 31556 229 31856 229 32156 229 32456 229 32756 229 33056 229 33356 229 33656 229 33956 228 34256 228 34556 228 34855 229 35155 228 35455 228 35755 228 36055 228 36355 227 36655 227 36954 228 37254 228 37554 227 37854 227 38154 227 38454 227 38754 226 39054 205 39268 11 39354 202 39572 5 39654 201 39954 200 40254 199 40554 198 40854 198 41154 197 41454 197 41753 198 42053 198 42353 197 42653 197 42952 198 43252 197 43552 197 43851 197 44150 196 44449 177 44628 16 44746 167 44937 3 45045 162 45343 159 45641 152 45940 138 46239 126 46538 121 46838 116 47137 113 47436 111 47736 107 48035 106 48335 104 48634 102 48934 97 49233 93 49533 88 49832 85 50132 82 50431 80 50731 78 51031 75 51330 73 51630 70 51930 64 52229 60 52529 57 52829 56 53129 55 53428 55 53728 54 54028 53 54328 53 54628 52 54928 52 55228 51 55528 50 55828 50 56127 50 56427 49 56727 48 57027 47 57327 46 57627 44 57927 42 58227 18 58256 9 58528 15 58828 12 59128 10 59429 7 59730 3
newfoundland_76,21207 3 21707 6 22207 10 22708 12 23209 13 23710 16 24211 18 24712 20 25212 23 25712 26 26213 27 26714 28 27214 30 27715 31 28215 32 28716 33 29216 35 29717 36 30217 37 30717 39 31218 40 31718 42 32218 44 32719 45 33219 47 33720 48 34220 50 34721 50 35221 52 35722 53 36222 55 36723 57 37224 58 37724 59 38225 60 38726 61 39227 63 39728 64 40228 66 40729 67 41230 68 41731 70 42232 72 42732 73 43233 72 43734 72 44234 73 44735 73 45235 74 45735 75 46235 76 46735 76 47235 75 47735 75 48234 75 48733 75 49233 62 49304 3 49732 58 49792 1 50230 59 50728 61 51226 63 51724 66 52221 72 52720 75 53218 79 53716 83 54215 86 54713 91 55212 101 55710 108 56209 113 56707 119 57206 123 57705 127 58204 132 58702 139 59201 148 59356 7 59700 168 60199 173 60697 183 61196 191 61409 20 61695 201 61898 33 62194 238 62693 240 63192 241 63691 242 64190 243 64688 246 65187 247 65686 248 66185 249 66684 249 67184 249 67683 250 68182 251 68681 252 69180 253 69680 253 70179 253 70679 253 71178 254 71677 255 72177 254 72676 255 73175 256 73675 256 74174 257 74673 258 75173 258 75672 259 76172 258 76671 259 77171 260 77670 260 78170 260 78670 260 79169 261 79669 261 80168 262 80668 262 81167 263 81667 262 82167 262 82667 262 83166 263 83666 263 84166 263 84666 262 85166 262 85666 262 86166 262 86666 261 87166 261 87666 261 88166 261 88666 261 89167 260 89667 260 90167 259 90667 259 91167 258 91667 258 92167 257 92667 257 93167 256 93666 256 94166 256 94666 255 95166 255 95666 254 96165 254 96665 253 97165 253 97665 252 98165 251 98664 251 99164 250 99664 249 100164 248 100664 247 101163 247 101663 246 102163 245 102663 244 103163 242 103663 241 104162 241 104662 240 105162 239 105662 237 106161 237 106661 235 107161 234 107661 232 108160 232 108660 230 109160 228 109659 227 110159 226 110659 224 111158 224 111658 222 112158 221 112658 220 113158 219 113658 218 114158 217 114658 215 115158 214 115658 213 116158 212 116658 210 117158 209 117658 207 118158 205 118658 202 119157 199 119657 194 120157 191 120656 189 121156 186 121655 185 122155 183 122654 183 123154 181 123653 181 124153 180 124652 180 125152 178 125652 176 126151 175 126651 173 127151 170 127651 167 128150 165 128650 162 129150 159 129650 157 130150 155 130650 153 131150 151 131650 150 132150 149 132650 148 133150 147 133651 144 134151 143 134652 141 135152 139 135653 137 136153 136 136654 134 137154 132 137655 130 138155 129 138656 127 139157 125 139657 124 140158 122 140658 121 141159 119 141660 117 142161 115 142662 112 143163 110 143664 107 144165 105 144666 102 145168 98 145669 95 146171 91 146673 87 147175 83 147678 78 148181 73 148686 64 149193 53 149702 33
scottish_terrier_179,30140 6 30472 13 30768 9 30797 27 31068 19 31097 20 31126 38 31398 104 31727 118 32055 149 32388 154 32719 161 33052 166 33386 169 33719 172 34054 174 34388 176 34723 178 35058 179 35392 181 35727 182 36062 183 36398 182 36733 182 37068 183 37403 182 37738 181 38074 178 38409 173 38744 171 39079 169 39414 168 39750 167 40085 167 40419 168 40754 168 41089 168 41424 168 41758 169 42092 171 42426 172 42760 174 43094 175 43429 176 43764 176 44098 178 44433 178 44768 179 45102 181 45437 182 45771 184 46105 186 46439 188 46771 192 47105 194 47436 199 47766 205 48100 207 48432 211 48766 212 49101 213 49435 215 49771 23 49806 179 50107 18 50150 171 50443 12 50490 166 50780 8 50829 163 51117 4 51167 161 51505 158 51843 156 52180 155 52517 154 52854 153 53191 151 53528 150 53865 150 54201 150 54538 149 54874 150 55211 149 55411 4 55547 150 55740 14 55883 151 56071 21 56220 151 56403 26 56556 152 56737 29 56892 154 57067 36 57228 158 57398 41 57564 212 57900 212 58236 212 58572 212 58908 212 59244 211 59580 211 59916 189 60110 16 60251 187 60450 10 60587 184 60923 182 61258 181 61593 180 61929 177 62264 174 62599 172 62934 170 63270 168 63605 165 63940 164 64275 160 64611 156 64946 155 65281 152 65616 150 65952 147 66287 143 66622 141 66958 138 67293 134 67629 112 67965 107 68300 104 68637 98 68973 94 69310 89 69648 85 69992 74 70331 66 70670 56 71009 26 71051 5 71347 20 71687 11
Maine_Coon_242,13829 10 14052 13 14275 14 14499 15 14722 16 14946 16 15169 17 15393 17 15616 18 15840 18 16064 19 16287 20 16511 20 16735 20 16958 20 17182 20 17406 20 17629 21 17853 20 18076 21 18300 21 18523 22 18747 21 18970 22 19194 22 19418 22 19641 23 19865 22 20089 22 20312 23 20536 23 20760 23 20983 24 21207 24 21431 24 21654 24 21878 24 22101 25 22201 8 22324 26 22423 15 22548 27 22647 20 22690 15 22771 28 22872 23 22903 30 22994 29 23096 63 23218 29 23321 64 23440 31 23546 65 23663 32 23770 66 23881 38 23995 67 24089 54 24220 68 24305 62 24445 69 24523 68 24669 146 24894 145 25118 145 25343 144 25567 144 25792 143 26016 143 26240 143 26464 143 26688 143 26913 142 27137 141 27361 141 27585 141 27809 141 28033 141 28257 141 28481 141 28705 142 28929 142 29153 142 29377 142 29601 142 29826 141 30050 141 30274 141 30498 141 30722 141 30946 141 31170 141 31394 141 31618 141 31842 141 32066 141 32290 141 32514 141 32737 142 32961 142 33185 142 33408 143 33632 143 33855 144 34078 73 34155 68 34301 73 34379 68 34524 70 34603 68 34747 70 34827 68 34970 68 35051 68 35193 68 35275 68 35415 68 35498 69 35638 67 35722 69 35861 66 35945 70 36084 66 36169 70 36307 66 36392 71 36531 66 36616 71 36754 66 36839 72 36978 65 37062 73 37202 64 37285 74 37426 63 37509 74 37650 21 37676 35 37732 75 37876 9 37905 28 37955 76 38132 23 38179 76 38360 16 38402 77 38588 9 38626 76 38849 77 39073 77 39296 78 39520 78 39743 79 39966 80 40189 81 40412 82 40635 83 40858 84 41081 85 41303 87 41525 89 41747 91 41969 93 42190 96 42412 98 42634 100 42857 101 43080 102 43303 103 43527 103 43750 104 43974 104 44198 104 44421 104 44645 104 44869 104 45092 105 45316 105 45540 105 45764 105 45988 105 46212 105 46436 104 46660 104 46884 104 47108 104 47332 104 47556 104 47780 104 48004 103 48228 103 48452 103 48676 103 48900 103 49123 104 49347 104 49571 103 49795 103 50019 103 50243 103 50466 104 50690 104 50914 104 51137 105 51361 105 51585 105 51808 106 52032 106 52256 106 52480 106 52703 107 52927 107 53151 107 53375 107 53599 107 53823 107 54047 107 54271 107 54494 108 54718 108 54942 109 55166 109 55390 109 55614 109 55838 109 56062 109 56286 109 56510 110 56734 110 56958 110 57182 110 57406 110 57630 110 57854 110 58078 110 58302 110 58526 110 58750 110 58975 109 59199 110 59423 110 59647 110 59872 109 60096 109 60320 109 60544 109 60768 109 60993 109 61217 109 61441 109 61665 109 61889 109 62113 109 62337 110 62560 111 62784 111 63008 111 63232 111 63455 112 63679 112 63903 113 64126 114 64350 114 64573 115 64797 115 65020 116 65244 116 65467 117 65691 117 65914 118 66138 118 66362 117 66587 116 66811 117 67036 116
leonberger_45,18792 30 19118 40 19270 5 19448 45 19595 19 19630 18 19778 50 19925 56 20109 55 20256 58 20438 61 20586 61 20689 1 20767 66 20917 63 21021 3 21066 9 21097 70 21246 67 21354 4 21398 20 21427 74 21576 70 21687 5 21730 106 21907 72 22020 6 22042 5 22061 109 22238 74 22353 8 22374 13 22390 115 22569 76 22686 11 22699 140 22901 77 23019 156 23232 79 23353 158 23563 81 23686 161 23893 84 24020 164 24223 87 24353 167 24554 89 24687 170 24883 93 25021 288 25355 287 25688 287 26022 286 26355 286 26688 286 27021 286 27354 286 27687 286 28020 286 28352 287 28685 287 29018 287 29351 287 29684 287 30017 287 30349 288 30682 288 31014 289 31347 289 31679 290 32012 290 32344 291 32676 292 33009 292 33341 293 33673 294 34005 295 34338 295 34670 296 35002 297 35335 297 35667 298 35999 299 36332 299 36664 300 36996 301 37328 302 37660 303 37993 303 38326 303 38658 304 38991 304 39324 304 39657 304 39989 305 40322 305 40655 305 40988 305 41321 305 41653 306 41986 306 42319 306 42651 307 42984 307 43317 307 43649 308 43982 308 44315 308 44647 309 44980 309 45313 309 45646 309 45978 310 46311 310 46644 310 46976 311 47309 311 47642 311 47974 312 48307 312 48640 312 48973 312 49306 312 49639 312 49971 313 50304 313 50637 313 50970 313 51303 313 51636 313 51968 314 52301 314 52634 314 52967 314 53300 314 53632 315 53965 315 54298 315 54631 315 54964 315 55296 316 55629 316 55962 316 56295 316 56628 316 56961 316 57294 316 57627 316 57960 316 58292 317 58625 317 58958 317 59291 317 59624 317 59957 317 60289 318 60622 318 60955 318 61288 318 61621 318 61954 318 62287 318 62620 318 62952 319 63285 319 63618 319 63951 319 64284 319 64617 319 64950 319 65283 319 65616 319 65949 319 66282 319 66615 319 66948 319 67281 319 67614 319 67947 319 68281 318 68614 318 68947 318 69280 318 69613 318 69947 317 70280 317 70613 317 70946 317 71279 317 71613 316 71946 316 72279 316 72612 316 72945 316 73278 316 73611 316 73944 316 74277 316 74610 316 74943 316 75277 315 75610 315 75943 315 76276 315 76609 315 76942 315 77275 315 77609 314 77942 314 78275 314 78609 313 78942 313 79276 312 79609 312 79942 312 80276 311 80609 311 80943 310 81276 310 81610 309 81943 309 82277 308 82610 308 82944 307 83277 307 83611 306 83944 306 84277 306 84611 305 84944 305 85278 304 85611 304 85945 303 86278 303 86611 303 86945 302 87278 302 87612 301 87946 300 88279 300 88613 299 88946 299 89280 298 89614 297 89947 297 90281 296 90615 295 90948 295 91282 294 91616 293 91950 292 92284 291 92618 290 92951 290 93285 289 93619 288 93953 287 94287 286 94621 285 94955 284 95289 283 95623 282 95958 280 96292 279 96626 278 96960 277 97295 275 97629 274 97964 272 98300 269 98635 267 98970 265 99305 263 99640 261 99974 260 100309 258 100643 257 100978 255 101312 254 101646 253 101981 251 102315 250 102649 249 102984 247 103318 246 103652 242 103986 236 104320 231 104654 125 104799 81 104988 121 105136 75 105322 117 105473 68 105655 115 105810 62 105989 113 106148 55 106323 109 106484 50 106657 107 106820 45 106992 103 107156 41 107326 101 107492 36 107660 98 107830 30 107994 96 108173 19 108328 93 108512 9 108661 91 108994 89 109328 86 109661 84 109994 81 110327 75 110660 69 110994 59 111327 49 111660 44 111993 41 112327 37 112660 35 112993 33 113326 31 113659 28 113993 26 114326 25 114659 24 114992 24 115325 23 115658 23 115992 22 116325 21 116658 21 116991 20 117324 20 117657 20 117991 19 118324 19 118657 18 118990 18 119323 18 119656 18 119990 17 120323 17 120656 17 120989 17 121322 17 121655 16 121988 16 122321 16 122655 15 122988 15 123321 15 123654 15 123987 14 124320 14 124653 14 124986 14 125320 12 125653 12 125986 12 126319 11 126652 11 126985 11 127318 11 127651 11 127984 10 128317 10 128650 10 128983 10 129316 10 129649 10 129982 10 130315 10 130648 10 130981 10 131314 10 131647 11 131980 11 132313 11 132646 11 132979 11 133312 11 133645 11 133978 11 134311 11 134644 11 134978 10 135311 10 135644 10 135977 10 136311 9 136644 9 136977 9 137311 8 137645 7 137979 6 138313 5 138648 3
Maine_Coon_155,886 10 897 1 1213 26 1540 36 1870 40 2201 44 2534 46 2599 14 2867 47 2929 20 3200 47 3260 23 3533 48 3588 29 3865 49 3917 34 4185 6 4197 88 4516 12 4529 89 4848 103 5179 106 5511 107 5843 108 6175 109 6506 111 6838 113 7170 114 7502 115 7835 115 8167 116 8498 118 8829 120 9156 126 9488 127 9820 128 10153 128 10486 128 10819 128 11151 129 11484 129 11817 129 12151 128 12484 128 12816 129 13149 129 13482 129 13815 129 14148 129 14481 129 14814 129 15147 129 15480 129 15813 129 16146 129 16478 130 16811 130 17143 131 17476 131 17808 132 18141 132 18473 133 18806 133 19138 134 19470 135 19802 136 20134 137 20467 137 20799 137 21131 138 21464 138 21796 139 22129 139 22461 140 22793 141 23124 143 23455 145 23786 147 24115 151 24448 151 24780 152 25112 153 25444 154 25776 155 26108 156 26441 155 26773 156 27105 157 27438 157 27770 158 28103 158 28435 159 28768 159 29100 160 29433 160 29766 160 30098 161 30431 161 30764 161 31097 161 31430 161 31763 161 32096 161 32429 161 32762 161 33095 161 33428 161 33761 161 34093 162 34426 162 34759 162 35091 163 35424 163 35756 164 36089 164 36421 165 36754 166 37086 167 37419 167 37751 168 38083 169 38416 169 38748 170 39080 171 39412 172 39744 173 40076 174 40407 176 40738 178 41069 180 41401 181 41734 181 42066 182 42398 183 42731 183 43063 184 43396 184 43728 186 44061 186 44394 186 44727 186 45060 186 45392 187 45725 187 46058 187 46391 187 46724 187 47057 187 47389 188 47722 188 48054 189 48387 189 48720 189 49053 190 49386 190 49718 191 50051 191 50384 191 50717 191 51050 191 51383 191 51716 191 52049 191 52382 191 52715 191 53048 191 53381 191 53714 190 54047 190 54380 190 54713 190 55046 191 55379 191 55712 191 56044 192 56377 192 56710 192 57043 192 57376 192 57710 191 58043 191 58376 191 58709 191 59042 191 59375 191 59708 191 60041 191 60374 190 60706 191 61039 191 61372 191 61705 191 62037 192 62370 192 62702 193 63034 194 63366 195 63698 196 64030 197 64360 200 64691 202 65022 204 65353 206 65684 208 66013 212 66343 215 66674 217 67006 218 67338 219 67671 219 68003 220 68336 220 68669 220 69002 219 69335 219 69668 219 70002 218 70335 218 70673 1 70675 16 70707 179 71043 176 71379 172 71715 169 72051 165 72386 163 72721 161 73057 157 73391 156 73726 153 74060 152 74395 150 74729 148 75063 147 75397 146 75730 145 76065 143 76398 143 76733 140 77067 139 77401 138 77735 137 78070 135 78404 134 78738 133 79072 132 79407 130 79741 129 80075 128 80410 126 80744 124 81079 122 81413 121 81748 119 82082 118 82417 115 82751 114 83085 112 83421 108 83755 106 84090 100 84425 93 84759 90 85095 84 85432 78 85768 72 86105 66 86441 61 86776 57 87113 52 87452 44 87790 37 88129 28 88474 2 88480 3
British_Shorthair_207,30588 5 30954 20 31323 29 31693 37 32064 43 32434 51 32806 56 33178 61 33551 66 33924 70 34184 12 34296 76 34558 18 34666 84 34932 22 35028 99 35307 26 35391 114 35682 30 35761 121 35926 6 36057 32 36133 127 36295 17 36432 36 36504 133 36667 22 36807 42 36876 139 37040 27 37182 48 37247 145 37412 32 37558 213 37785 36 37934 263 38309 264 38685 264 39061 264 39437 264 39813 265 40188 265 40564 265 40940 265 41316 265 41692 264 42068 264 42444 264 42820 263 43196 263 43572 262 43947 262 44323 262 44699 261 45074 261 45450 261 45825 261 46201 260 46576 261 46952 260 47327 260 47702 260 48078 260 48453 260 48828 260 49203 260 49579 259 49954 259 50329 260 50704 260 51079 260 51454 260 51830 259 52205 259 52580 259 52955 260 53330 260 53705 260 54080 260 54456 259 54831 259 55206 259 55581 259 55956 259 56331 260 56706 260 57081 260 57456 260 57832 259 58207 259 58582 259 58957 260 59332 260 59707 260 60082 260 60457 261 60832 261 61207 261 61582 262 61957 262 62332 262 62707 263 63082 263 63457 264 63832 265 64207 265 64582 266 64957 266 65332 267 65707 268 66082 269 66457 269 66832 270 67207 271 67582 271 67957 272 68332 273 68707 274 69082 274 69456 276 69831 277 70206 277 70581 278 70956 278 71331 279 71706 279 72081 280 72456 281 72831 281 73206 282 73581 282 73956 283 74331 283 74706 284 75081 284 75456 285 75831 286 76206 287 76581 287 76956 288 77331 289 77706 290 78081 291 78456 292 78831 295 79206 295 79581 295 79955 296 80330 296 80705 296 81080 296 81455 296 81829 297 82204 297 82579 297 82953 298 83328 298 83702 299 84077 299 84451 300 84825 301 85200 301 85574 302 85948 303 86322 304 86696 305 87071 305 87445 306 87819 307 88193 308 88567 309 88942 309 89316 310 89690 311 90064 312 90439 312 90813 313 91187 42 91233 268 91562 35 91615 261 91936 33 91991 260 92311 31 92368 258 92686 27 92744 257 93061 24 93119 257 93436 22 93495 256 93812 16 93871 255 94188 11 94246 255 94622 254 94997 254 95372 254 95747 254 96123 253 96498 253 96873 253 97248 253 97623 253 97998 253 98373 253 98749 252 99124 252 99499 252 99874 252 100249 252 100624 252 100999 252 101374 252 101749 252 102124 252 102499 252 102874 252 103249 252 103624 252 103999 252 104374 252 104749 252 105124 252 105499 252 105874 252 106249 252 106624 252 106999 252 107374 252 107749 252 108124 252 108499 252 108874 252 109249 252 109624 252 110000 251 110375 251 110750 251 111125 251 111500 251 111875 251 112250 251 112626 250 113001 250 113376 250 113751 250 114126 250 114501 250 114876 250 115252 249 115627 249 116002 249 116377 249 116752 249 117127 249 117503 248 117878 248 118253 248 118628 248 119003 248 119379 247 119754 247 120129 247 120504 247 120880 246 121255 246 121630 246 122005 246 122380 246 122756 245 123131 245 123506 245 123881 245 124257 244 124632 244 125007 244 125383 243 125758 243 126133 243 126508 243 126884 242 127259 242 127634 242 128009 242 128385 241 128760 241 129135 241 129510 241 129886 240 130261 240 130636 240 131011 240 131387 239 131762 239 132137 239 132512 239 132888 238 133263 238 133638 238 134014 237 134389 237 134764 237 135139 237 135515 236 135890 236 136265 236 136641 235 137016 235 137391 235 137766 235 138142 234 138517 234 138892 234 139268 233 139643 233 140018 233 140394 232 140769 232 141144 232 141520 231 141895 231 142270 231 142646 230 143021 230 143396 230 143772 229 144147 229 144523 228 144898 228 145274 227 145649 227 146025 226 146401 225 146776 225 147152 224 147527 224 147903 223 148278 223 148654 222 149029 222 149404 221 149780 219 150156 218 150531 217 150907 215 151282 214 151658 212 152033 211 152409 210 152785 208 153161 207 153536 206 153912 205 154288 203 154664 201 155039 201 155415 199 155791 197 156167 195 156543 193 156919 192 157295 190 157671 188 158048 185 158424 183 158800 181 159177 178 159553 175 159930 172 160306 170 160683 167 161059 166 161436 163 161813 161 162190 158 162566 157 162943 154 163320 77 163404 68 163696 73 163782 64 164073 69 164158 63 164450 65 164534 62 164828 59 164909 62 165205 55 165285 60 165584 49 165660 60 165965 41 166036 59 166343 36 166411 59 166726 18 166787 58 167162 57 167538 56 167913 56 168288 56 168664 55 169039 55 169415 54 169790 53 170166 52 170541 52 170917 51 171292 51 171668 49 172043 49 172419 48 172794 48 173170 46 173546 44 173921 44 174297 42 174673 40 175049 38 175425 36 175800 35 176177 31 176553 27 176930 21 177307 13
wheaten_terrier_157,25270 14 25640 28 26012 39 26385 45 26758 49 27131 54 27504 57 27878 60 28251 63 28624 66 28998 68 29371 71 29745 73 30119 75 30492 78 30866 80 31240 82 31614 83 31988 85 32361 88 32735 90 33109 91 33483 93 33857 94 34231 96 34605 98 34979 99 35353 101 35728 102 36102 103 36476 105 36850 107 37224 109 37599 110 37973 112 38347 114 38722 115 39096 118 39471 120 39845 125 39977 5 40220 140 40594 143 40969 145 41343 147 41717 149 42092 150 42466 152 42841 153 43215 155 43590 156 43964 158 44339 158 44713 160 45088 161 45462 163 45837 163 46211 165 46586 166 46961 166 47335 168 47710 168 48085 169 48459 170 48834 171 49209 171 49584 172 49958 173 50333 174 50708 174 51083 174 51457 176 51832 176 52207 176 52582 177 52957 177 53332 177 53706 178 54081 179 54456 179 54831 179 55206 179 55580 180 55955 180 56330 181 56705 181 57080 181 57455 181 57829 182 58204 182 58579 183 58954 183 59329 183 59704 184 60079 184 60454 185 60829 185 61204 186 61579 186 61954 187 62329 187 62704 188 63079 189 63454 189 63829 190 64204 191 64579 192 64954 193 65329 193 65704 195 66079 196 66455 196 66830 199 67205 201 67580 203 67955 206 68330 208 68705 210 69080 212 69455 213 69830 215 70205 217 70580 218 70955 220 71330 222 71705 223 72080 225 72455 227 72831 227 73206 228 73581 230 73955 232 74330 233 74705 234 75080 235 75455 235 75830 235 76205 236 76580 236 76955 236 77330 236 77705 236 78080 236 78455 236 78830 236 79206 235 79581 235 79956 235 80331 235 80706 235 81081 235 81456 234 81832 233 82207 233 82582 233 82957 233 83332 233 83707 232 84083 231 84458 231 84833 231 85208 231 85583 231 85958 231 86334 229 86709 229 87084 229 87459 229 87834 229 88209 229 88584 229 88959 228 89335 227 89710 227 90085 227 90460 227 90835 228 91210 228 91585 228 91961 227 92336 227 92711 228 93086 228 93461 228 93836 229 94211 229 94586 229 94962 229 95337 229 95712 229 96087 230 96462 231 96837 232 97213 231 97588 232 97963 233 98338 234 98713 236 99089 236 99464 238 99839 239 100214 240 100589 241 100965 241 101340 242 101715 242 102090 243 102466 242 102841 243 103216 243 103592 242 103967 243 104343 242 104718 242 105094 242 105469 242 105845 241 106220 242 106596 241 106971 241 107347 241 107723 240 108098 241 108474 240 108849 240 109225 240 109601 239 109976 239 110352 239 110728 238 111103 238 111479 237 111855 236 112231 236 112607 235 112983 234 113359 233 113735 232 114111 231 114488 229 114864 228 115240 227 115616 226 115992 225 116367 225 116743 224 117119 222 117495 221 117871 220 118246 220 118622 219 118998 217 119373 217 119749 215 120125 214 120501 213 120876 213 121252 212 121628 210 122004 208 122379 208 122755 206 123131 205 123506 205 123882 203 124258 202 124634 200 125010 198 125386 197 125762 195 126138 194 126514 192 126891 189 127267 187 127643 185 128019 182 128396 179 128772 176 129149 171 129526 157 129903 151 130280 146 130656 143 131033 140 131410 136 131786 134 132163 131 132539 129 132915 128 133291 126 133668 123 134044 121 134420 120 134797 117 135173 115 135550 113 135926 111 136303 109 136680 106 137057 104 137433 102 137810 100 138186 98 138563 96 138939 95 139316 92 139692 90 140069 88 140447 84 140827 78 141206 73 141583 69 141960 64 142337 58 142713 55 143091 48 143468 42 143847 34 144227 12 144240 4 144247 3
Bengal_86,13941 9 14439 11 14938 12 15437 13 15936 13 16435 14 16934 14 17434 13 17933 13 18432 14 18930 15 19429 15 19928 15 20426 17 20925 17 21424 17 21923 18 22290 5 22422 18 22789 8 22922 18 23288 10 23421 18 23788 11 23920 18 24287 13 24419 19 24787 14 24919 19 25286 16 25418 19 25786 17 25917 20 26285 19 26417 19 26785 20 26916 20 27285 21 27415 20 27785 22 27914 21 28284 24 28414 21 28784 25 28913 22 29284 26 29413 21 29784 27 29912 22 30284 29 30412 22 30784 30 30912 22 31285 30 31411 22 31785 32 31911 22 32285 33 32411 22 32785 35 32911 21 33285 36 33410 22 33786 36 33910 22 34286 38 34410 22 34786 40 34910 22 35286 41 35409 23 35787 42 35909 22 36287 43 36409 22 36787 45 36909 22 37288 46 37408 23 37788 48 37908 22 38289 48 38408 22 38789 50 38907 23 39290 51 39407 23 39790 53 39907 23 40291 53 40407 23 40792 53 40907 23 41292 55 41407 23 41793 55 41906 24 42294 56 42406 24 42795 56 42906 24 43296 57 43406 24 43798 56 43906 24 44299 57 44406 24 44801 56 44906 24 45302 56 45406 24 45804 55 45906 24 46306 54 46406 24 46808 53 46906 24 47310 52 47406 24 47813 50 47906 24 48315 49 48406 24 48818 47 48906 24 49320 46 49406 24 49823 44 49906 24 50325 43 50406 24 50827 42 50906 25 51328 42 51406 25 51829 42 51906 25 52329 42 52406 25 52830 42 52905 27 53330 43 53405 27 53830 44 53905 27 54329 46 54405 27 54829 47 54904 29 55328 49 55404 29 55826 52 55903 31 56323 56 56403 31 56820 59 56902 32 57316 64 57401 34 57814 67 57901 34 58312 71 58400 35 58810 74 58899 36 59308 77 59398 38 59805 82 59897 39 60303 87 60394 42 60802 135 61301 136 61688 16 61799 138 62186 23 62297 140 62684 29 62795 143 63183 36 63294 144 63683 40 63793 145 64182 45 64292 146 64682 48 64790 149 65181 51 65289 150 65681 52 65788 151 66181 53 66287 153 66681 54 66787 153 67180 55 67286 154 67680 55 67785 156 68179 56 68284 157 68679 56 68783 158 69179 56 69282 159 69679 56 69781 161 70178 58 70281 161 70678 58 70779 163 71177 60 71278 164 71676 62 71777 165 72176 62 72275 167 72675 64 72773 169 73173 68 73271 171 73672 72 73767 175 74171 77 74263 179 74670 272 75168 274 75666 276 76164 278 76662 280 77158 284 77653 289 78137 305 78630 312 79127 315 79625 317 80123 319 80620 322 81118 324 81617 324 82115 326 82534 15 82612 329 83031 33 83109 332 83531 43 83606 334 84031 52 84100 340 84531 409 85032 408 85533 406 86034 405 86535 404 87037 401 87538 400 88039 398 88541 396 89042 395 89543 393 90044 391 90545 390 91046 388 91548 386 92048 385 92549 383 93050 382 93551 380 94051 379 94551 378 95052 376 95552 375 96052 374 96553 373 97053 372 97553 371 98053 370 98553 369 99053 368 99553 367 100053 365 100553 364 101054 362 101554 361 102054 360 102554 358 103054 357 103554 356 104054 356 104554 355 105055 353 105555 352 106055 351 106555 350 107055 349 107555 348 108055 347 108555 347 109055 346 109555 345 110055 345 110555 344 111055 343 111554 343 112054 342 112554 342 113053 342 113552 342 114052 341 114551 341 115051 340 115550 57 115608 282 116049 44 116117 272 116548 36 116621 267 117047 33 117124 263 117546 30 117627 258 118046 26 118129 255 118545 25 118631 251 119044 23 119133 248 119543 21 119634 246 120043 19 120135 244 120542 17 120637 240 121041 15 121138 238 121541 13 121638 236 122041 10 122140 233 122541 8 122641 230 123042 4 123143 227 123645 223 124146 220 124648 216 125151 211 125656 204 126160 198 126664 192 127170 183 127679 172 128185 163 128691 153 129194 147 129731 107 130250 84 130821 8
saint_bernard_91,21240 8 21572 10 21904 12 22237 12 22569 13 22901 15 23233 16 23565 17 23898 18 24229 20 24561 21 24894 22 25226 23 25558 25 25890 26 26222 28 26555 28 26887 29 27219 31 27552 31 27884 33 28217 33 28549 34 28882 35 29214 36 29547 37 29879 38 30212 38 30544 40 30877 40 31209 41 31541 42 31874 42 32206 44 32538 45 32870 45 33202 46 33535 46 33867 47 34198 49 34530 50 34862 50 35194 51 35526 52 35858 53 36191 53 36523 53 36856 53 37189 53 37521 54 37794 6 37854 54 38124 13 38187 53 38362 6 38456 16 38520 53 38692 12 38788 19 38852 54 39022 17 39120 22 39185 54 39354 20 39452 25 39518 53 39686 23 39784 30 39850 54 40018 27 40115 46 40183 54 40351 29 40447 57 40515 55 40683 33 40777 62 40847 55 41016 35 41105 68 41180 55 41349 36 41434 74 41512 56 41681 40 41763 137 42014 42 42087 146 42346 46 42401 7 42416 150 42679 219 43012 219 43344 219 43676 220 44009 219 44341 220 44674 220 45006 220 45338 221 45670 221 46002 222 46335 221 46667 222 46999 223 47331 223 47663 224 47996 224 48328 224 48660 225 48993 225 49325 226 49658 226 49991 225 50323 226 50656 226 50989 226 51322 226 51654 227 51987 227 52320 227 52653 226 52986 226 53319 226 53652 226 53986 225 54319 225 54652 225 54985 225 55318 225 55651 225 55985 224 56318 224 56651 224 56984 224 57317 224 57650 224 57983 224 58316 224 58649 224 58982 224 59315 224 59649 223 59982 223 60315 223 60648 223 60981 223 61314 223 61647 223 61980 223 62313 223 62646 223 62979 223 63313 222 63646 223 63979 223 64312 223 64645 223 64978 223 65311 223 65644 223 65978 222 66311 222 66644 222 66978 222 67311 222 67644 222 67978 221 68311 221 68644 221 68978 220 69311 220 69644 220 69977 220 70311 220 70644 220 70977 220 71311 219 71644 219 71977 219 72310 219 72644 218 72977 218 73310 218 73644 217 73977 218 74310 218 74643 218 74977 217 75310 217 75644 216 75977 216 76311 215 76645 214 76978 214 77312 213 77646 212 77980 211 78314 209 78648 208 78983 206 79317 205 79651 204 79985 203 80319 202 80654 200 80988 198 81323 196 81657 195 81991 194 82327 191 82661 190 82995 189 83330 21 83358 159 83664 18 83693 157 83998 15 84027 156 84333 10 84361 156 84667 8 84695 155 85028 155 85362 154 85696 153 86030 152 86363 152 86697 151 87030 151 87363 151 87697 150 88030 151 88363 151 88697 150 89030 150 89363 150 89696 150 90030 149 90363 149 90696 149 91029 149 91362 149 91696 148 92029 148 92362 148 92695 149 93028 148 93361 148 93695 147 94028 147 94361 147 94694 147 95027 146 95360 146 95694 145 96027 145 96360 144 96693 144 97027 143 97360 142 97694 141 98027 141 98361 140 98695 138 99028 138 99362 137 99696 136 100030 135 100363 135 100697 134 101031 133 101364 133 101698 132 102031 132 102365 131 102698 131 103031 131 103365 130 103698 130 104031 130 104365 128 104698 128 105031 128 105364 128 105697 127 106030 127 106363 127 106696 127 107029 126 107363 125 107696 125 108029 125 108362 125 108695 125 109029 124 109362 124 109695 125 110028 125 110361 125 110694 125 111027 126 111360 126 111693 126 112027 126 112360 126 112693 126 113026 126 113359 126 113692 126 114025 126 114358 126 114691 126 115024 126 115357 126 115690 126 116023 127 116356 127 116689 128 117022 128 117355 129 117688 129 118021 130 118354 130 118687 131 119020 131 119354 131 119687 132 120020 132 120353 133 120686 133 121019 133 121351 135 121684 135 122017 135 122350 136 122683 136 123016 136 123349 137 123682 137 124015 138 124348 138 124681 138 125014 138 125347 138 125680 138 126012 139 126345 139 126678 139 127011 139 127344 139 127677 139 128010 139 128342 140 128675 140 129008 140 129341 140 129674 140 130006 141 130339 140 130672 140 131005 140 131338 140 131671 140 131826 1 132004 140 132157 5 132336 141 132489 6 132669 141 132821 8 133002 142 133153 10 133335 142 133485 12 133669 141 133818 12 134002 142 134150 14 134335 143 134481 16 134668 163 135001 163 135334 164 135667 164 136000 165 136334 164 136667 164 137000 164 137333 164 137667 164 138000 164 138333 164 138666 164 139000 163 139333 163 139666 163 140000 163 140333 163 140666 163 141000 162 141333 162 141667 161 142000 161 142333 161 142667 160 143000 160 143334 159 143667 159 144000 160 144334 159 144667 159 145001 158 145334 158 145668 157 146001 157 146335 157 146668 157 147002 156 147336 155 147669 155 148003 154 148336 154 148670 153 149004 153 149337 153 149671 152 150004 152 150338 151 150672 150 151005 150 151339 149 151673 148 152007 147 152340 147 152674 146 153009 144 153343 143 153677 142 154011 141 154345 140 154680 138 155014 137 155349 135 155683 134 156018 131 156352 130 156687 128 157022 126 157357 124 157692 122 158026 121 158361 118 158695 117 159029 116 159363 115 159697 114 160031 113 160366 111 160701 109 161036 107 161372 104 161707 102 162042 100 162378 97 162714 94 163053 88 163390 84 163725 82 164060 79 164395 75 164732 70 165068 66 165404 62 165736 63 166070 62 166405 60
Bombay_48,29918 10 30348 17 30390 8 30779 56 31210 59 31641 61 32073 62 32504 65 32936 67 33367 71 33799 73 34231 76 34663 77 35094 80 35526 81 35957 83 36389 85 36820 87 37251 89 37682 91 38114 92 38545 93 38976 95 39407 97 39593 4 39838 98 40022 6 40269 100 40452 7 40700 101 40881 9 41130 104 41310 11 41561 105 41739 13 41992 107 42167 15 42423 109 42595 18 42854 112 43021 22 43285 117 43427 46 43716 187 44147 185 44578 184 45009 182 45439 181 45870 177 46301 172 46732 168 47163 163 47594 160 48024 157 48455 154 48885 151 49316 148 49746 146 50176 143 50606 140 51037 137 51467 133 51897 129 52327 125 52756 125 53186 124 53616 124 54046 124 54476 124 54906 124 55336 125 55766 125 56196 126 56626 127 57056 128 57487 127 57917 128 58347 129 58777 130 59208 130 59638 130 60069 130 60499 131 60929 132 61360 131 61790 132 62221 132 62651 133 63082 133 63512 134 63943 134 64374 134 64804 135 65235 135 65666 135 66096 136 66527 136 66958 136 67389 137 67820 137 68250 138 68681 138 69112 139 69543 139 69974 139 70405 139 70836 139 71267 140 71698 140 72129 140 72560 140 72991 141 73421 142 73852 143 74283 144 74714 145 75145 146 75576 147 76007 148 76438 150 76869 152 77300 155 77731 158 78162 164 78593 173 79024 179 79455 189 79886 196 80317 201 80748 207 80969 4 81179 226 81610 227 82041 227 82472 227 82903 227 83335 226 83766 226 84197 226 84628 226 85059 116 85187 97 85490 113 85628 86 85921 112 86064 79 86352 111 86502 40 86550 22 86783 110 86940 18 87214 109 87645 109 88076 109 88507 109 88938 109 89369 109 89800 110 90231 110 90662 111 91093 112 91525 112 91956 113 92387 114 92818 116 93249 117 93680 119 94111 120 94542 122 94973 123 95404 125 95835 126 96266 128 96698 128 97129 130 97560 131 97991 133 98422 134 98854 134 99285 136 99716 137 100147 138 100578 139 101009 140 101441 140 101654 2 101872 141 102083 6 102303 142 102513 8 102734 143 102944 8 103165 144 103374 10 103596 145 103805 10 104027 146 104235 11 104458 147 104665 12 104829 2 104889 148 105096 12 105260 3 105320 149 105526 13 105691 5 105750 152 105955 15 106122 6 106181 153 106384 17 106554 6 106612 154 106813 19 106985 7 107042 157 107240 23 107416 9 107473 158 107668 26 107848 10 107903 161 108095 30 108279 12 108333 165 108521 35 108711 13 108762 171 108944 43 109142 16 109191 227 109574 18 109620 228 110006 23 110045 234 110439 270 110871 267 111303 265 111736 261 112169 257 112601 254 113035 249 113468 244 113902 239 114337 232 114773 223 115210 214 115647 205 116089 144 116242 36 116540 110 116687 13 116977 78 117411 68 117845 60 118278 55 118711 51 119144 46 119577 41 120010 36 120443 32 120876 26 121310 20 121747 8
german_shorthaired_137,32238 8 32736 13 33234 17 33733 19 34231 24 34730 27 35229 30 35728 34 36227 37 36726 41 37224 45 37723 48 38222 50 38721 52 39219 55 39718 56 40217 58 40716 59 41215 60 41713 62 42212 63 42711 64 43210 65 43709 66 44207 68 44706 69 45205 70 45704 71 46202 73 46701 75 47199 77 47698 78 48196 80 48695 82 49193 84 49650 19 49690 87 50143 134 50637 141 51132 146 51629 149 52126 153 52624 155 53123 156 53621 159 54120 161 54618 163 55117 164 55616 166 56115 167 56614 169 57113 170 57612 172 58111 173 58610 174 59109 175 59608 177 60108 177 60607 178 61107 178 61607 178 62106 179 62606 179 63106 179 63606 179 64106 179 64605 180 65105 180 65605 180 66105 180 66605 179 67105 179 67605 179 68104 180 68604 179 69104 179 69603 180 70103 179 70602 180 71102 179 71601 180 72101 179 72601 179 73100 179 73600 179 74099 179 74599 179 75098 179 75598 179 76097 179 76596 180 77096 180 77596 179 78095 179 78595 179 79095 178 79595 177 79825 4 79848 12 80095 176 80320 52 80594 176 80817 59 81094 175 81310 72 81594 174 81809 76 82094 173 82308 78 82593 173 82807 81 83093 171 83306 85 83593 171 83805 88 84093 170 84305 91 84593 169 84805 94 85092 170 85305 98 85592 169 85805 101 86092 169 86305 106 86592 168 86805 114 87092 168 87306 121 87592 168 87806 127 88092 168 88307 131 88592 168 88807 136 89092 169 89308 138 89591 170 89809 142 90091 170 90310 147 90591 170 90811 152 91090 172 91312 157 91590 172 91812 166 92090 172 92313 171 92590 173 92813 177 93090 174 93313 184 93590 174 93813 186 94089 176 94314 186 94589 177 94814 187 95089 178 95315 186 95589 179 95815 186 96089 179 96315 186 96589 180 96815 186 97089 181 97316 185 97589 183 97816 185 98089 184 98317 184 98589 185 98817 184 99089 186 99317 184 99589 186 99818 183 100089 187 100318 183 100589 187 100818 183 101090 186 101317 184 101590 186 101817 184 102090 186 102317 184 102590 185 102818 183 103090 183 103318 183 103590 181 103818 183 104090 178 104318 183 104590 170 104818 163 105090 168 105318 159 105591 165 105817 156 106091 164 106317 142 106591 164 106817 139 107092 162 107317 137 107592 161 107817 136 108092 160 108318 133 108592 159 108818 133 109093 158 109318 133 109593 157 109773 1 109818 132 110093 156 110271 4 110318 132 110594 155 110770 4 110818 132 111094 154 111319 131 111595 153 111819 131 112095 153 112319 131 112596 153 112819 131 113096 153 113319 131 113597 153 113819 131 114098 153 114319 131 114598 155 114819 131 115099 155 115319 131 115600 155 115818 133 116100 156 116318 134 116601 156 116818 135 117101 157 117318 135 117602 157 117818 136 118102 158 118318 137 118603 158 118818 138 119104 158 119318 138 119604 159 119817 140 120105 158 120317 141 120605 159 120817 141 121106 158 121317 142 121607 157 121817 142 122107 157 122317 142 122608 156 122817 143 123108 156 123317 143 123609 155 123817 143 124110 154 124316 145 124610 154 124816 146 125111 153 125316 146 125611 152 125815 148 126112 150 126315 148 126613 149 126815 148 127113 148 127314 150 127614 146 127814 150 128115 144 128314 150 128615 143 128814 151 129116 140 129314 151 129616 137 129814 151 130117 132 130314 151 130618 128 130814 151 131118 126 131314 151 131619 123 131814 151 132119 122 132313 152 132620 119 132813 153 133121 117 133313 155 133621 116 133813 155 134122 114 134313 156 134623 112 134813 156 135124 110 135312 157 135624 109 135812 158 136125 108 136311 159 136626 106 136811 160 137127 104 137310 161 137628 103 137809 162 138129 101 138308 163 138629 100 138807 164 139130 98 139306 165 139631 97 139805 166 140132 95 140304 167 140633 93 140802 168 141134 91 141300 170 141634 90 141799 170 142135 88 142296 172 142636 85 142793 174 143137 83 143290 175 143638 81 143788 177 144139 79 144287 177 144639 78 144785 178 145140 75 145284 179 145641 73 145782 180 146142 70 146280 182 146643 66 146779 183 147143 62 147277 185 147644 54 147776 187 148145 46 148275 188 148646 42 148774 189 149147 38 149273 190 149648 35 149773 191 150150 32 150273 192 150651 30 150773 192 151154 25 151273 193 151657 19 151773 194 152162 13 152274 194 152667 4 152774 195 153274 196 153774 197 154274 198 154773 200 155273 200 155772 202 156271 204 156770 206 157269 208 157769 209 158269 211 158769 212 159269 213 159770 213 160270 214 160770 215 161271 216 161771 218 162272 219 162772 220 163273 219 163774 217 164275 215 164776 209 165277 208 165776 207
german_shorthaired_76,61774 13 62144 19 62512 26 62885 27 63259 4 63272 14 63631 3 63995 10 64366 12 64740 10 66209 16 66545 16 66576 24 66914 60 67288 59 67661 58 68033 48 68407 45 68780 43 69154 42 69527 43 69901 43 70274 45 70648 46 71022 47 71396 48 71769 50 72143 51 72517 52 72892 52 73266 54 73640 56 73717 9 74015 57 74086 15 74389 59 74455 20 74764 60 74826 24 75138 86 75513 85 75887 85 76262 84 76637 83 77012 81 77386 80 77761 78 78136 75 78238 10 78511 74 78611 15 78886 73 78985 18 79260 74 79358 19 79635 75 79732 11 80010 81 80102 10 80385 99 80760 97 81134 95 81509 93 81884 91 82259 88 82634 86 83009 84 83384 82 83759 80 84134 78 84508 72 84883 69 85258 67 85633 66 86008 65 86383 64 86489 2 86758 63 86863 3 87133 62 87236 5 87508 62 87604 12 87883 62 87976 15 88258 61 88347 18 88632 62 88718 18 89007 63 89089 21 89382 63 89463 20 89757 63 89838 17 90132 63 90214 14 90507 64 90882 64 91257 65 91632 65 91809 17 92007 66 92163 39 92382 66 92529 49 92757 67 92898 55 93132 67 93262 67 93507 68 93628 76 93882 69 93986 61 94056 23 94257 69 94357 61 94436 17 94632 71 94730 59 94816 12 95007 72 95099 60 95197 5 95381 75 95464 60 95756 133 96131 123 96506 120 96880 115 97255 112 97630 108 98004 105 98379 102 98754 100 99129 98 99504 97 99879 95 100254 93 100629 92 101005 29 101035 59 101380 27 101411 57 101756 25 101787 55 102084 8 102133 22 102162 54 102458 11 102510 19 102537 53 102832 14 102887 13 102912 52 103206 16 103264 9 103287 52 103580 18 103642 2 103661 53 103954 20 104036 52 104328 22 104411 52 104703 23 104786 51 105077 24 105161 51 105451 26 105536 51 105825 27 105910 52 106199 29 106285 52 106573 16 106597 7 106661 51 106947 16 106974 7 107036 51 107322 16 107349 13 107411 51 107696 18 107724 19 107786 51 108070 19 108098 23 108161 51 108444 20 108473 24 108537 50 108818 23 108848 25 108912 50 109192 25 109223 26 109288 49 109566 60 109663 49 109940 62 110038 49 110314 64 110414 48 110688 66 110789 49 111063 67 111165 48 111437 69 111540 49 111811 71 111915 50 112186 72 112291 50 112378 6 112386 2 112560 74 112666 119 112935 75 113041 121 113310 76 113416 119 113685 77 113791 99 114059 78 114166 94 114434 79 114541 87 114809 80 114916 81 115184 81 115291 79 115559 81 115666 75 115933 83 116040 72 116308 83 116415 68 116683 84 116790 57 117058 85 117165 52 117433 86 117540 47 117808 87 117915 43 118183 87 118289 42 118558 88 118664 39 118933 90 119039 35 119308 91 119414 33 119683 94 119789 30 120058 95 120166 26 120433 95 120542 22 120808 91 120922 9 121183 89 121558 85 121933 76 122308 73 122683 70 123059 67 123434 66 123809 64 124184 60 124559 58 124934 54 125309 52 125685 49 126060 47 126435 44 126811 42 127186 38 127562 34 127938 29 128314 26 128690 24 129066 22 129442 20 129818 19 130194 18 130570 17 130946 16 131322 16 131698 16 132073 17 132096 4 132450 27 132825 27 133201 26 133578 22 133954 20 134330 18 134706 15 135082 12 135459 8
Egyptian_Mau_31,26859 1 26873 5 27449 37 27998 15 28040 45 28582 28 28615 2 28631 50 29171 116 29760 122 30348 130 30938 135 31527 141 32117 146 32707 151 33298 155 33888 160 34478 165 35069 169 35660 173 36251 177 36842 180 37430 187 38020 191 38592 214 39177 224 39764 232 40355 236 40946 239 41369 6 41538 242 41959 11 42130 245 42550 13 42722 248 43142 15 43314 251 43733 18 43906 254 44324 20 44499 256 44915 22 45092 258 45507 24 45685 260 46099 25 46278 262 46690 27 46871 263 47282 28 47464 265 47874 29 48058 266 48465 31 48652 267 49057 32 49246 268 49648 34 49840 269 50239 36 50434 270 50830 38 51029 272 51422 38 51624 272 52013 40 52219 274 52602 44 52814 274 53193 46 53409 276 53783 48 54004 278 54372 52 54599 281 54960 56 55193 289 55489 4 55541 67 55788 413 56382 411 56977 408 57571 406 58165 404 58759 402 59352 401 59946 398 60540 396 61134 394 61727 392 62321 390 62914 388 63508 386 64101 384 64695 382 65288 380 65882 378 66475 376 67069 373 67662 371 68256 368 68849 365 69442 363 70036 359 70629 355 71223 86 71313 261 71819 81 71907 257 72414 76 72500 255 73008 75 73094 251 73603 72 73687 248 74198 69 74281 244 74793 65 74874 240 75387 63 75468 236 75980 61 76062 233 76573 59 76656 231 77165 59 77250 229 77759 57 77844 228 78353 56 78437 229 78948 53 79030 230 79543 51 79624 230 80138 49 80217 231 80732 48 80810 231 81331 42 81403 232 81929 37 81996 232 82527 31 82589 233 83143 6 83182 234 83775 236 84368 237 84960 240 85553 242 86146 244 86738 248 87331 252 87924 255 88517 258 89110 261 89703 264 90295 267 90888 269 91481 272 92074 275 92666 281 93259 287 93852 304 94445 306 95038 307 95630 309 96223 310 96816 310 97409 311 98002 311 98595 311 99189 311 99782 311 100375 311 100968 312 101562 311 102155 311 102748 311 103342 310 103935 311 104529 310 105122 310 105715 310 106309 309 106902 309 107495 309 108088 309 108682 308 109275 309 109868 309 110462 308 111055 308 111648 308 112241 308 112835 307 113428 307 114022 307 114615 307 115208 307 115801 308 116394 308 116988 307 117581 308 118174 308 118768 307 119361 308 119954 308 120548 307 121141 308 121734 308 122328 307 122921 308 123515 307 124108 308 124702 307 125295 307 125889 306 126482 307 127076 306 127669 306 128263 306 128856 306 129449 306 130043 305 130636 306 131230 305 131823 305 132417 304 133011 304 133604 304 134198 303 134791 303 135385 303 135979 302 136572 302 137166 301 137759 301 138353 300 138946 300 139540 299 140134 299 140727 299 141320 299 141914 298 142507 298 143101 297 143694 297 144288 296 144882 295 145475 296 146069 295 146662 295 147256 294 147849 294 148443 293 149036 293 149630 292 150223 292 150817 291 151411 290 152004 290 152598 290 153191 290 153785 289 154379 288 154972 288 155566 287 156160 286 156753 286 157347 285 157941 284 158535 283 159129 282 159722 282 160317 280 160910 280 161505 278 162099 277 162693 276 163287 275 163881 274 164475 273 165069 272 165663 271 166257 270 166851 269 167445 268 168039 267 168634 265 169228 264 169822 263 170416 262 171010 261 171604 260 172199 258 172793 257 173388 255 173982 254 174577 252 175171 251 175766 249 176361 247 176956 245 177551 243 178146 241 178741 240 179337 237 179932 235 180527 233 181124 229 181719 227 182314 225 182910 222 183506 219 184102 216 184697 215 185293 212 185888 210 186485 206 187083 201 187679 199 188277 194 188873 191 189470 187 190066 185 190662 182 191259 179 191854 177 192451 173 193049 169 193644 167 194242 163 194838 160 195435 156 196033 152 196628 150 197225 84 197332 40 197821 76 197928 37 198418 67 198523 36 199016 57 199119 33 199612 51 199714 32 200212 37 200308 31 200814 16 200902 30 201496 30 202090 30 202684 29 203279 28 203873 27 204467 26 205060 27 205654 27 206248 26 206841 26 207435 26 208029 25 208622 26 209216 25 209810 25 210403 25 210997 25 211591 24 212184 25 212778 24 213371 25 213965 24 214558 25 215152 24 215745 25 216339 24 216933 24 217526 24 218120 23 218713 24 219307 23 219900 24 220494 23 221087 24 221681 24 222274 24 222867 25 223461 24 224055 24 224648 24 225242 24 225835 25 226429 24 227022 24 227615 25 228209 25 228802 25 229396 25 229989 25 230582 26 231175 27 231769 26 232363 26 232956 26 233550 26 234143 26 234737 26 235330 27 235924 27 236517 27 237110 28 237704 28 238298 27 238891 28 239484 29 240077 30 240671 29 241264 30 241858 29 242451 30 243045 30 243639 30 244232 30 244826 30 245419 31 246013 31 246607 30 247200 31 247794 30 248387 31 248981 31 249575 30 250168 31 250762 30 251356 30 251949 30 252543 30 253137 29 253731 29 254324 29 254918 29 255512 29 256106 28 256700 28 257294 28 257888 27 258482 27 259076 27 259670 27 260263 28 260857 27 261451 27 262045 27 262639 27 263232 27 263826 27 264420 27 265014 27 265608 27 266201 28 266795 28 267389 27 267983 27 268577 27 269172 26 269766 26 270360 25 270954 25 271548 25 272142 25 272735 25 273329 25 273923 25 274517 24 275110 25 275704 25 276298 24 276892 24 277486 23 278080 23 278674 22 279268 22 279862 21 280456 21 281050 20 281643 21 282237 20 282831 20 283425 20 284018 20 284612 20 285206 20 285799 21 286393 20 286987 19 287580 19 288174 19 288768 18 289361 18 289955 17 290549 15 291142 15 291736 14 292330 13 292923 12 293517 11 294111 10 294705 8 295299 6 295893 5
Ragdoll_96,18965 2 19339 4 19713 5 20087 6 20462 6 20837 6 21212 6 21586 7 21961 7 22336 6 22711 6 23085 7 23460 7 23835 7 24209 7 24584 7 24959 7 25334 6 25708 7 26083 7 26458 7 26833 6 27207 7 27582 7 27957 6 28332 6 28707 6 29082 6 29457 5 29831 6 30206 6 30581 5 30956 5 31330 6 31705 5 32080 5 32455 5 32830 5 33204 6 33579 6 33954 6 34329 5 34703 7 35077 8 35451 9 35826 9 36200 10 36575 10 36949 11 37323 12 37698 12 38072 13 38446 14 38821 14 39195 15 39569 16 39942 18 40314 21 40688 22 41062 23 41437 23 41812 23 42187 23 42562 24 42937 24 43312 24 43687 24 44062 24 44437 24 44812 24 45187 24 45562 24 45937 24 46312 24 46686 25 47061 25 47436 25 47811 25 48186 25 48560 26 48935 26 49310 26 49684 27 50059 27 50434 27 50809 27 51183 28 51558 28 51933 28 52307 29 52682 29 53057 29 53431 30 53806 30 54181 31 54555 32 54930 32 55305 33 55679 34 56054 34 56429 35 56803 37 57178 37 57552 38 57927 39 58301 40 58676 40 59050 41 59425 42 59799 43 60173 44 60548 44 60922 45 61296 46 61671 46 62045 48 62419 49 62794 49 63168 50 63542 51 63917 52 64291 53 64665 54 65040 54 65414 56 65789 56 66164 56 66538 57 66913 57 67287 59 67662 59 68037 59 68411 60 68786 60 69160 62 69535 62 69909 63 70284 63 70659 63 71033 64 71408 65 71782 66 72157 66 72532 66 72906 67 73281 67 73656 67 74030 68 74405 68 74779 69 75154 69 75529 69 75903 70 76278 70 76652 71 77027 71 77402 71 77776 72 78151 73 78526 73 78900 74 79275 74 79649 75 80024 75 80399 75 80773 76 81148 76 81522 78 81897 78 82271 79 82646 79 83021 79 83395 80 83770 80 84144 81 84519 82 84894 82 85269 82 85643 83 86018 83 86393 83 86768 84 87143 84 87518 84 87893 84 88268 84 88643 85 89018 85 89393 85 89768 85 90143 85 90518 86 90894 85 91269 85 91644 85 92019 85 92394 86 92769 86 93144 86 93519 87 93894 87 94269 87 94644 87 95019 88 95394 88 95769 89 96144 89 96519 90 96894 90 97269 91 97644 91 98019 92 98394 93 98769 93 99144 94 99519 95 99894 95 100269 96 100644 96 101019 97 101394 98 101769 98 102144 99 102519 100 102893 101 103268 102 103643 103 104017 104 104392 105 104767 106 105141 107 105516 108 105890 110 106265 111 106639 112 107013 114 107388 115 107762 117 108135 120 108509 121 108882 124 109254 128 109619 139 109992 142 110363 146 110736 149 111108 153 111477 160 111810 12 111848 164 112185 18 112221 167 112560 28 112590 174 112935 205 113311 205 113687 205 114063 205 114439 205 114815 205 115192 205 115568 207 115945 211 116321 213 116697 232 117073 239 117448 242 117824 244 118200 245 118575 246 118951 247 119326 247 119702 247 120077 247 120453 246 120828 246 121204 245 121580 244 121956 243 122331 242 122707 240 123082 237 123457 235 123833 228 124208 200 124583 195 124958 193 125333 193 125708 192 126083 192 126458 191 126833 191 127208 191 127583 191 127957 192 128332 192 128707 192 129081 193 129456 193 129830 194 130205 193 130580 192 130954 193 131329 192 131704 190 132078 190 132453 188 132827 186 133202 185 133577 184 133951 185 134325 185 134699 186 135074 186 135448 187 135821 190 136196 191 136570 193 136944 195 137145 2 137318 209 137692 214 138066 221 138440 227 138815 231 139189 235 139564 22 139594 208 139939 17 139974 205 140314 14 140352 203 140691 7 140731 200 141108 198 141487 195 141868 189 142246 186 142626 181 143004 178 143381 92 143479 77 143759 73 143866 6 143883 48 144137 55 144272 32 144514 38 144649 29 144895 20 145029 22 145408 15 145790 2
basset_hound_68,38402 4 38774 5 39147 5 39522 3 42178 6 42550 10 42921 14 43288 21 43657 26 44032 12 48503 1 48877 2 49252 3 49627 3 50002 3 50377 4 50752 4 50779 6 51127 5 51151 9 51502 5 51523 12 51877 7 51893 17 52252 9 52265 19 52627 32 53002 30 53377 29 53752 28 54127 28 54502 29 54878 30 55253 32 55628 34 56003 35 56378 36 56753 37 57129 36 57504 37 57879 38 58254 38 58629 39 59005 38 59380 39 59755 40 60130 40 60506 40 60881 41 61256 42 61631 44 62007 45 62382 47 62757 50 63133 52 63508 56 63884 58 64259 59 64635 61 65010 63 65386 64 65761 68 66137 69 66513 70 66888 72 67264 72 67640 73 68016 74 68391 75 68767 75 69143 76 69519 76 69895 76 70271 76 70647 76 71023 76 71399 76 71775 76 72151 76 72527 76 72903 76 73279 77 73654 78 74030 78 74406 79 74782 79 75157 80 75533 81 75909 82 76284 88 76659 92 77034 95 77410 96 77785 98 78160 99 78535 101 78910 102 79284 104 79658 106 80033 108 80407 110 80782 110 81156 112 81531 112 81905 113 82280 113 82654 113 83028 114 83402 114 83529 4 83777 113 83903 8 84151 114 84277 10 84526 113 84651 12 84900 114 85025 13 85275 115 85399 15 85649 116 85773 16 86023 117 86147 17 86398 118 86519 20 86773 141 87147 141 87522 141 87897 140 88272 139 88646 138 89021 136 89396 135 89771 134 90146 133 90521 132 90896 131 91271 129 91646 128 92021 127 92396 125 92771 122 93146 120 93521 119 93896 118 94272 117 94647 116 95022 116 95397 115 95773 114 96148 114 96524 113 96899 113 97275 112 97650 112 98026 111 98402 109 98777 107 99153 91 99528 87 99904 83 100280 79 100655 76 101031 73 101407 67 101783 65 102159 62 102535 59 102911 56 103288 53 103665 51 104041 49 104419 45 104795 43 105172 40 105550 36 105927 33 106304 28 106682 19 107058 14
boxer_163,57507 9 57616 25 57880 14 57985 42 58253 19 58357 54 58626 23 58729 63 59000 26 59103 72 59374 29 59476 82 59748 32 59850 87 60123 33 60224 92 60497 35 60597 98 60871 36 60970 104 61246 37 61344 112 61621 37 61717 120 61995 38 62091 123 62370 38 62464 128 62745 38 62836 135 63120 38 63209 144 63494 39 63582 156 63869 39 63954 161 64244 39 64327 165 64619 39 64699 168 64994 39 65068 174 65369 39 65436 171 65612 3 65744 39 65800 172 66119 40 66171 167 66494 40 66542 164 66870 209 67245 208 67620 208 67995 207 68370 207 68745 207 69120 207 69495 207 69870 207 70245 207 70620 207 70995 207 71370 207 71745 207 72120 207 72495 207 72870 207 73246 206 73621 207 73996 207 74371 207 74746 207 75121 207 75496 207 75872 206 76247 206 76622 131 76764 64 76997 130 77140 63 77372 128 77516 63 77747 128 77892 62 78122 127 78268 61 78497 127 78644 60 78872 126 79020 59 79247 126 79395 59 79622 127 79770 59 79997 127 80146 59 80372 127 80521 59 80747 127 80896 59 81122 127 81272 58 81497 127 81647 58 81872 128 82022 58 82247 129 82397 58 82622 130 82772 58 82997 131 83147 58 83372 131 83522 59 83747 132 83897 59 84122 133 84272 59 84497 134 84647 59 84872 135 85022 59 85247 136 85397 59 85622 136 85772 59 85997 137 86147 58 86372 137 86522 58 86747 138 86897 59 87122 138 87272 59 87497 139 87647 59 87872 140 88022 58 88247 141 88397 58 88622 141 88772 58 88997 142 89147 58 89372 142 89522 58 89747 143 89897 58 90122 143 90273 57 90497 143 90649 56 90872 143 91025 55 91247 143 91402 53 91622 143 91788 42 91997 143 92167 38 92372 143 92543 37 92747 143 92920 36 93122 142 93296 35 93497 142 93672 34 93872 142 94047 34 94246 143 94423 33 94621 143 94798 33 94996 143 95174 32 95371 143 95549 32 95746 143 95924 32 96121 143 96299 32 96496 143 96674 32 96871 143 97049 32 97246 143 97424 33 97487 10 97621 143 97799 33 97859 17 97996 143 98173 35 98229 22 98371 144 98548 36 98596 30 98745 146 98922 41 98964 37 99120 147 99297 79 99495 148 99671 80 99870 150 100046 80 100245 154 100420 81 100619 158 100793 83 100994 164 101163 84 101369 249 101744 227 101979 9 102119 219 102493 203 102868 202 103243 200 103618 198 103993 197 104368 195 104743 194 105118 193 105493 192 105868 190 106243 188 106618 187 106993 185 107368 183 107743 117 107868 56 108118 116 108245 51 108493 112 108621 47 108869 109 108997 44 109244 106 109373 42 109619 104 109751 38 109994 102 110127 36 110369 101 110505 32 110744 100 110883 27 111119 98 111260 23 111494 96 111638 19 111869 95 112016 14 112244 94 112619 92 112995 89 113370 87 113745 58 113811 19 114120 54 114188 15 114495 50 114565 11 114870 48 114941 8 115246 45 115319 3 115621 43 115996 41 116371 39 116746 36 117122 32 117497 30 117873 26 118248 24 118624 19 119001 14 119379 7
japanese_chin_81,28607 8 28978 13 29350 18 29723 21 30095 25 30468 28 30841 31 31215 34 31588 38 31962 41 32335 45 32709 49 33083 53 33457 80 33831 92 34205 96 34579 99 34953 102 35327 104 35701 106 36076 107 36450 109 36824 111 37199 111 37573 113 37948 113 38322 115 38697 115 39071 117 39446 117 39820 119 40195 120 40569 121 40944 123 41318 125 41693 126 42067 129 42442 131 42816 134 43191 135 43566 136 43940 139 44315 140 44689 142 45064 143 45439 144 45814 145 46188 147 46563 147 46938 148 47313 149 47688 150 48063 150 48438 151 48813 152 49188 153 49563 153 49938 154 50313 154 50688 155 51063 155 51438 156 51814 155 52189 155 52564 155 52939 156 53314 156 53689 156 54065 155 54440 155 54815 155 55190 156 55565 156 55941 155 56316 156 56691 156 57066 158 57441 160 57603 6 57816 170 58191 171 58566 172 58941 172 59316 173 59691 174 60067 173 60442 173 60817 174 61192 174 61568 174 61943 174 62319 174 62694 174 63070 173 63445 174 63821 173 64196 174 64572 173 64947 173 65323 173 65698 173 66074 172 66450 172 66825 172 67201 172 67577 171 67953 170 68328 171 68704 170 69080 170 69456 169 69832 169 70208 169 70584 168 70960 168 71336 168 71712 168 72088 168 72465 166 72841 166 73217 166 73593 166 73969 165 74344 166 74720 166 75096 165 75472 165 75847 166 76223 165 76598 166 76974 165 77349 166 77724 167 78100 167 78475 168 78850 170 79225 172 79600 174 79976 176 80351 178 80726 180 81101 182 81477 185 81709 10 81852 189 82069 26 82227 242 82603 240 82978 239 83353 238 83728 236 84103 234 84479 230 84854 228 85229 226 85604 222 85979 217 86354 213 86729 210 87104 207 87480 204 87855 202 88230 200 88605 198 88980 196 89355 194 89730 186 90106 180 90481 175 90856 169 91231 164 91606 161 91981 159 92357 156 92732 154 93107 153 93482 152 93858 148 94233 147 94608 145 94983 144 95358 143 95734 140 96109 139 96484 138 96859 137 97234 136 97609 136 97984 135 98359 134 98734 133 99109 133 99484 132 99859 132 100234 131 100609 131 100984 130 101359 130 101734 129 102109 129 102484 129 102859 128 103234 128 103609 128 103984 128 104359 127 104733 128 105108 128 105483 128 105858 128 106233 127 106608 127 106983 127 107358 127 107733 126 108109 125 108484 125 108859 125 109234 124 109609 124 109984 124 110359 124 110734 123 111109 123 111485 122 111860 122 112235 121 112610 121 112985 121 113360 121 113735 120 114110 120 114485 119 114860 119 115235 118 115610 118 115984 118 116359 118 116734 117 117109 117 117484 116 117858 117 118233 117 118608 116 118983 116 119357 117 119732 116 120107 116 120482 116 120856 117 121231 116 121605 117 121965 6 121980 117 122338 134 122711 136 123084 138 123458 138 123832 139 124205 141 124579 142 124953 143 125327 143 125700 145 126074 146 126448 147 126822 148 127195 150 127569 151 127943 151 128317 152 128691 153 129065 154 129439 155 129813 156 130187 157 130561 158 130935 159 131308 161 131682 162 132056 162 132431 162 132805 163 133180 163 133554 164 133929 164 134304 164 134679 164 135053 165 135428 166 135803 166 136178 166 136553 166 136928 166 137303 167 137678 167 138053 167 138428 168 138803 168 139178 169 139553 169 139928 170 140303 170 140678 171 141053 172 141428 173 141803 174 142178 175 142553 177 142928 179 143303 180 143678 181 144053 183 144428 184 144803 185 145178 187 145553 188 145928 189 146303 191 146678 192 147053 194 147428 195 147804 196 148179 197 148554 198 148929 199 149304 200 149680 200 150055 201 150430 202 150805 202 151180 203 151556 203 151931 203 152306 204 152682 204 153057 204 153432 205 153808 205 154183 206 154558 206 154933 207 155309 207 155684 208 156059 209 156301 7 156434 210 156674 15 156809 211 157047 21 157184 213 157420 25 157560 215 157793 27 157935 218 158164 30 158310 257 158685 251 159060 246 159436 238 159811 233 160187 227 160562 221 160938 218 161314 212 161690 194 162066 191 162442 188 162818 185 163194 183 163570 180 163946 178 164322 176 164698 173 165074 170 165450 125 165583 35 165825 112 165966 25 166201 107 166344 20 166578 98 166723 14 166954 93 167101 8 167330 88 167706 77 168082 73 168458 70 168835 65 169212 61 169589 58 169965 55 170342 51 170718 49 171095 46 171473 13 171489 25 171851 4 171870 17 172246 15 172624 9
chihuahua_198,3085 2 3309 5 3533 7 3757 9 3982 10 4207 11 4431 13 4656 14 4881 15 5106 16 5331 17 5557 17 5782 18 6007 19 6232 20 6457 21 6682 22 6908 22 7133 23 7358 24 7583 25 7809 25 8034 26 8259 28 8485 28 8710 29 8935 30 9160 32 9386 32 9611 33 9836 35 10062 35 10287 37 10512 39 10738 39 10963 41 11189 41 11414 43 11640 44 11865 46 12091 46 12316 48 12454 2 12542 49 12679 5 12767 51 12905 8 12993 51 13131 10 13218 53 13357 11 13443 55 13583 13 13668 57 13809 15 13894 58 14035 18 14119 61 14262 23 14344 63 14488 30 14569 65 14714 36 14794 67 14941 38 15019 69 15167 39 15243 73 15393 40 15468 76 15620 40 15692 80 15846 40 15916 84 16073 40 16140 88 16299 41 16364 91 16526 41 16588 95 16752 42 16811 99 16979 42 17034 104 17206 42 17256 109 17432 161 17659 162 17886 163 18112 86 18200 77 18339 83 18428 77 18566 82 18655 77 18792 82 18882 77 19019 81 19109 78 19245 81 19336 78 19472 81 19563 78 19699 80 19790 78 19925 81 20017 78 20151 81 20243 79 20378 80 20470 79 20604 81 20697 78 20831 80 20924 78 21057 81 21151 78 21283 81 21377 79 21509 82 21604 79 21736 81 21831 78 21962 82 22058 78 22188 82 22284 79 22414 83 22511 78 22640 83 22738 78 22866 83 22965 78 23092 83 23191 78 23317 84 23418 78 23543 85 23644 48 23698 25 23769 85 23871 43 23928 21 23995 85 24097 41 24156 20 24221 85 24324 39 24384 19 24446 86 24550 38 24612 18 24672 86 24776 37 24839 17 24898 87 25003 35 25066 17 25124 87 25229 35 25293 17 25350 87 25455 34 25520 17 25576 87 25682 33 25748 15 25802 88 25908 33 25975 16 26027 89 26134 33 26201 16 26253 89 26360 33 26428 15 26479 90 26587 32 26655 14 26705 90 26813 32 26882 13 26931 90 27039 32 27109 12 27157 91 27265 32 27336 11 27383 91 27491 32 27562 11 27609 91 27717 32 27789 10 27835 91 27943 33 28016 9 28061 91 28169 33 28243 8 28287 91 28396 32 28469 8 28513 91 28622 33 28696 7 28739 91 28848 33 28923 6 28966 90 29075 32 29150 5 29192 89 29303 30 29418 89 29530 30 29644 89 29758 28 29870 88 29986 26 30097 87 30224 14 30323 87 30457 8 30549 86 30685 5 30776 85 30912 4 31002 84 31139 2 31229 83 31455 82 31682 80 31909 79 32034 2 32135 78 32362 77 32589 75 32815 76 32901 3 33042 75 33124 9 33268 77 33348 14 33494 98 33598 8 33618 2 33721 115 33840 7 33947 127 34173 128 34399 128 34625 128 34850 129 35076 63 35148 57 35302 57 35377 55 35528 18 35555 10 35605 53 35754 16 35849 35 35979 16 36079 31 36205 15 36307 30 36431 15 36535 28 36656 15 36763 26 36882 15 36991 25 37108 14 37220 22 37333 15 37448 21 37559 14 37676 19 37785 14 37904 18 38010 14 38132 16 38236 13 38360 15 38462 13 38588 13 38687 13 38815 13 38913 12 39042 13 39139 11 39270 11 39364 12 39497 11 39590 11 39724 11 39816 10 39951 11 40042 9 40178 10 40267 9 40405 10 40493 8 40632 10 40719 7 40859 10 40945 6 41086 10 41171 5 41313 10 41397 3 41540 10 41767 10 41994 11 42221 11 42448 11 42675 11 42902 11 43129 12 43356 12 43583 13 43810 14 44037 14 44265 13 44492 13 44720 13 44948 12 45176 11 45403 10 45631 9 45858 9 46086 7 46313 6 46541 4
japanese_chin_89,34241 4 34610 14 34983 20 35354 28 35721 41 36092 47 36463 53 36827 65 37197 72 37566 80 37939 82 38313 84 38687 86 39061 88 39435 89 39810 90 40185 90 40559 92 40934 92 41309 93 41684 93 42059 94 42434 94 42809 94 43184 95 43559 96 43934 97 44309 98 44684 99 45059 100 45435 100 45810 101 46185 102 46560 103 46935 104 47310 106 47685 107 48061 109 48436 112 48811 117 49186 124 49561 131 49936 135 50311 138 50687 139 51062 141 51437 142 51812 144 52187 145 52562 147 52938 148 53313 152 53688 169 54063 177 54439 184 54814 187 55189 189 55565 190 55940 191 56315 192 56691 191 57066 192 57442 191 57817 191 58192 192 58568 191 58943 191 59318 192 59694 191 60069 191 60445 190 60820 191 61195 191 61571 190 61946 190 62321 190 62697 190 63072 190 63448 189 63823 189 64199 188 64574 188 64950 188 65326 187 65701 187 66077 186 66453 185 66829 184 67205 184 67581 183 67957 182 68333 181 68709 180 69085 179 69461 178 69836 178 70212 178 70588 177 70964 176 71339 176 71715 175 72090 175 72466 174 72842 173 73217 173 73593 173 73968 173 74344 172 74720 171 75095 171 75471 171 75846 171 76221 171 76597 170 76972 170 77347 170 77723 170 78098 170 78473 170 78848 170 79222 171 79597 171 79972 171 80347 171 80722 171 81097 171 81472 171 81846 173 82221 173 82596 173 82971 173 83345 174 83720 174 84095 174 84470 174 84844 175 85219 175 85594 175 85969 174 86344 174 86719 174 87094 174 87468 174 87843 174 88218 173 88593 171 88968 170 89343 165 89718 161 90093 160 90468 159 90843 157 91218 156 91593 154 91967 154 92342 153 92717 153 93092 152 93467 152 93842 151 94217 150 94592 150 94967 149 95342 149 95717 148 96092 148 96466 148 96841 148 97216 147 97591 147 97966 146 98340 147 98715 147 99090 147 99464 148 99839 148 100213 148 100588 148 100962 148 101337 148 101711 149 102086 148 102461 148 102835 149 103210 148 103584 149 103959 149 104334 148 104709 148 105084 148 105458 148 105833 148 106208 148 106583 147 106958 147 107333 147 107709 146 108084 145 108459 145 108834 145 109209 144 109584 144 109960 142 110335 142 110710 141 111085 141 111460 141 111835 140 112211 138 112586 137 112961 137 113336 136 113711 135 114086 134 114461 133 114836 132 115211 131 115587 129 115962 127 116337 125 116712 123 117087 122 117462 120 117837 119 118212 118 118587 117 118962 116 119337 116 119712 115 120087 115 120461 115 120836 115 121212 114 121587 114 121962 114 122337 114 122712 113 123088 113 123463 113 123839 111 124214 111 124590 110 124966 109 125341 109 125717 108 126093 107 126469 105 126845 104 127221 103 127597 101 127973 100 128350 98 128726 96 129102 95 129479 92 129855 91 130231 90 130608 87 130985 85 131362 83 131739 81 132116 78 132493 76 132870 73 133247 70 133625 65 134002 61 134379 59 134757 56 135134 54 135511 52 135887 52 136264 53 136641 51 137017 50 137393 49 137770 47 138145 45 138201 2 138521 43 138575 4 138897 43 138950 4 139273 42 139325 6 139649 42 139700 6 140025 41 140075 4 140401 39 140450 4 140776 36 140826 3 141152 35 141198 6 141527 35 141573 6 141903 34 141948 8 142279 33 142323 8 142332 4 142655 32 142698 14 143030 32 143073 15 143406 31 143448 16 143782 31 143823 16 144158 30 144197 16 144534 30 144571 17 144910 28 144946 15 145286 28 145321 15 145662 31 145695 16 146038 30 146070 15 146413 30 146445 10 146789 29 146820 10 147165 27 147196 7 147541 22 147575 2 147917 20 148293 18 148348 3 148669 17 148718 10 149045 16 149092 13 149421 16 149467 14 149798 14 149842 14 150175 12 150216 16 150552 9 150592 16 150928 8 150968 15 151305 6 151344 14 151682 3 151719 14 152095 13 152471 13 152846 13 153222 12 153597 12 153972 12 154348 11 154724 10 154827 4 155100 9 155201 6 155476 8 155576 6 155851 8 155950 7 156226 8 156325 7 156602 7 156700 7 156977 7 157075 7 157352 7 157449 8 157727 6 157823 8 158103 5 158180 1 158198 8 158478 5 158554 3 158572 9 158853 4 158929 3 158947 9 159229 2 159304 3 159321 10 159679 3 159696 10 160054 3 160070 11 160429 3 160445 11 160804 4 160819 13 161179 4 161194 13 161554 3 161568 14 161929 4 161943 15 162303 5 162317 16 162678 5 162692 16 163053 6 163066 17 163428 6 163441 18 163803 6 163816 17 164178 6 164190 18 164553 6 164565 18 164928 6 164940 18 165304 5 165315 17 165679 5 165690 17 166056 2 166065 17 166440 17 166816 16 167191 16 167566 16 167603 2 167942 15 167977 5 168317 15 168353 4 168692 15 168728 4 169067 15 169104 3 169441 16 169480 1 169815 17 170190 16 170565 16 170939 16 171313 17 171688 17 172062 19 172437 19 172811 20 172855 1 173185 22 173230 1 173559 24 173602 4 173930 29 173976 6 174304 31 174351 6 174679 32 174725 7 175054 33 175100 7 175428 35 175474 8 175722 2 175796 4 175803 36 175848 10 176094 12 176168 48 176222 11 176469 12 176542 51 176595 13 176843 14 176916 67 177217 16 177266 2 177291 68 177592 16 177640 3 177644 1 177665 69 177967 15 178015 6 178037 72 178342 9 178353 3 178389 8 178411 73 178717 8 178763 9 178786 73 179093 5 179138 8 179162 72 179469 3 179497 3 179511 11 179536 74 179872 3 179886 11 179911 74 180247 3 180261 11 180287 73 180636 10 180662 73 181012 9 181037 72 181388 7 181412 71 181764 5 181787 71 182140 3 182163 70 182538 69 182912 70 183287 69 183662 69 184036 70 184410 71 184785 71 185161 69 185538 67 185917 61 186304 1 186306 1 186308 1 186310 1 186320 1 186322 30 186699 27 187078 22 187454 21
saint_bernard_26,45 75 379 76 708 83 1036 90 1365 96 1696 100 2029 102 2362 104 2695 106 3030 106 3363 108 3697 108 4029 111 4361 114 4694 116 5027 118 5361 119 5696 119 6031 119 6366 118 6701 119 7036 118 7371 118 7706 118 8041 118 8376 118 8711 118 9046 118 9381 118 9716 118 10051 119 10386 119 10721 119 11056 119 11391 119 11726 119 12061 119 12396 119 12731 119 13066 119 13401 119 13736 119 14071 118 14406 118 14741 118 15076 118 15411 118 15746 118 16081 118 16416 119 16751 119 17086 119 17421 120 17756 120 18091 121 18426 121 18761 122 19096 122 19431 123 19766 124 20101 125 20436 125 20771 126 21106 128 21441 129 21776 130 22111 131 22446 133 22781 134 23116 135 23451 137 23786 138 24121 139 24456 140 24791 141 25126 141 25461 142 25796 143 26131 143 26466 144 26801 144 27136 145 27471 146 27806 146 28141 147 28476 147 28811 148 29146 149 29481 149 29816 150 30151 151 30486 152 30821 152 31156 153 31491 154 31826 155 32161 156 32496 157 32831 158 33166 159 33501 160 33836 160 34171 161 34506 162 34841 163 35176 164 35511 165 35846 166 36181 167 36516 168 36851 170 37186 171 37521 172 37856 173 38191 174 38526 175 38861 176 39196 177 39531 178 39866 179 40201 180 40536 181 40871 183 41206 184 41541 185 41876 187 42211 189 42546 192 42881 194 43216 198 43551 201 43886 204 44221 206 44556 207 44891 208 45226 210 45561 211 45896 212 46231 213 46566 214 46901 215 47236 216 47571 217 47906 218 48241 218 48576 219 48911 220 49246 220 49581 221 49916 221 50251 222 50586 222 50921 223 51256 223 51591 223 51926 224 52261 224 52596 225 52931 225 53266 226 53601 226 53936 227 54271 227 54606 228 54941 228 55276 229 55611 229 55946 230 56281 231 56616 231 56951 232 57286 233 57621 234 57956 235 58291 236 58626 236 58961 237 59296 238 59631 239 59966 239 60301 240 60636 241 60971 242 61306 243 61641 243 61976 244 62311 245 62646 246 62981 247 63316 249 63651 250 63986 251 64321 254 64656 256 64991 257 65326 260 65661 261 65996 264 66331 265 66666 266 67001 268 67336 269 67671 270 68006 271 68341 272 68676 274 69011 275 69346 276 69681 278 70016 279 70351 280 70686 281 71021 281 71356 282 71691 282 72026 282 72361 282 72696 283 73031 283 73366 283 73701 283 74036 283 74371 283 74706 283 75041 284 75376 284 75711 284 76046 284 76381 284 76716 284 77051 284 77386 284 77721 284 78056 284 78391 284 78726 284 79061 283 79396 283 79731 283 80066 283 80401 283 80736 283 81071 283 81406 282 81741 282 82076 282 82411 282 82746 282 83081 282 83416 282 83751 282 84086 282 84421 282 84756 282 85091 282 85426 282 85761 282 86096 282 86431 282 86766 282 87101 282 87436 282 87771 282 88106 282 88441 282 88776 282 89111 282 89446 282 89781 281 90116 281 90451 281 90786 281 91121 281 91456 281 91791 281 92126 281 92461 281 92796 280 93131 280 93466 280 93801 280 94136 279 94471 279 94806 279 95141 279 95476 278 95811 278 96146 278 96481 278 96816 277 97151 277 97486 277 97821 276 98156 276 98491 276 98826 275 99161 274 99496 274 99831 273 100166 271 100501 270 100836 268 101171 265 101506 263 101841 238 102084 18 102176 235 102511 233 102846 231 103181 229 103516 228 103851 227 104188 224 104524 222 104862 219 105198 217 105534 215 105870 213 106207 210 106544 208 106882 204 107220 200 107557 198 107894 195 108230 194 108567 191 108903 190 109239 188 109575 187 109911 185 110247 184 110583 182 110919 181 111255 179 111591 178 111927 176 112263 174 112599 172 112935 170 113270 169 113606 167 113941 165 114277 163 114612 162 114947 162 115283 160 115618 159 115953 158 116288 158 116624 156 116959 155 117295 154 117630 153 117966 151 118301 150 118636 149 118972 147 119307 145 119643 143 119978 140 120314 137 120649 135 120985 132 121320 130 121656 127 121991 127 122327 125 122662 124 122998 122 123334 115 123669 113 124005 110 124340 109 124676 104 125011 98 125346 78 125681 69 126016 67 126352 64 126687 63 127022 62 127357 62 127693 60 128028 60 128363 59 128699 58 129034 58 129370 56 129705 56 130041 56 130377 55 130712 55 131048 55 131384 54 131720 54 132056 53 132392 53 132728 53 133064 53 133400 53 133736 53 134072 53 134408 53 134744 53 135081 52 135417 52 135753 52 136090 51 136426 51 136763 49 137099 49 137435 49 137772 47 138108 47 138444 46 138779 46 139115 46 139451 45 139787 44 140122 44 140458 43 140793 43 141129 42 141464 42 141800 42 142135 42 142471 41 142806 41 143141 41 143477 40 143812 40 144147 40 144483 39 144818 40 145153 40 145488 40 145824 39 146159 39 146494 40 146829 40 147164 40 147499 40 147835 39 148170 39 148505 39 148840 39 149175 39 149510 39 149845 39 150180 39 150515 39 150850 39 151186 38 151521 38 151856 38 152191 38 152526 38 152862 36 153197 36 153532 36 153868 35 154203 35 154539 33 154874 33 155210 32 155546 30 155882 9 155894 17 156233 12 156571 8
Siamese_52,60128 15 60499 35 60871 47 61242 56 61615 62 61988 69 62360 76 62733 84 63107 95 63480 132 63779 6 63854 138 64153 9 64227 144 64528 11 64600 151 64904 11 64973 157 65279 13 65346 161 65654 14 65719 166 66029 16 66092 170 66405 17 66465 174 66781 18 66838 178 67156 21 67211 181 67532 22 67582 187 67908 25 67947 200 68284 241 68659 246 69035 249 69411 252 69787 255 70163 257 70538 260 70914 262 71290 264 71666 266 72041 269 72417 271 72792 275 73168 277 73543 279 73919 282 74294 285 74670 286 75045 289 75421 290 75796 292 76171 294 76547 295 76922 298 77297 301 77672 303 78048 306 78423 310 78798 313 79173 319 79548 323 79923 325 80298 328 80673 328 81049 327 81424 327 81799 327 82174 327 82549 327 82924 327 83299 327 83674 327 84048 328 84423 328 84798 328 85173 328 85548 328 85923 328 86297 329 86672 329 87047 329 87422 329 87796 330 88171 330 88546 330 88920 331 89295 331 89670 331 90045 331 90419 332 90794 332 91169 332 91544 332 91919 332 92293 333 92668 333 93043 333 93418 333 93793 333 94168 333 94543 333 94918 333 95293 333 95668 333 96043 333 96418 333 96793 333 97168 333 97543 333 97918 333 98293 333 98668 333 99043 333 99418 333 99793 333 100168 333 100543 333 100919 332 101294 332 101669 332 102044 332 102419 332 102794 332 103169 332 103545 331 103920 331 104295 331 104670 331 105045 331 105420 331 105795 331 106170 331 106545 331 106920 331 107295 331 107671 330 108046 330 108421 330 108796 330 109171 330 109547 329 109922 329 110297 329 110672 329 111048 328 111423 328 111798 328 112174 327 112549 327 112925 326 113300 326 113676 325 114051 325 114427 324 114802 324 115178 323 115553 323 115929 322 116304 322 116680 321 117055 321 117430 321 117806 320 118181 320 118556 320 118931 320 119306 320 119681 320 120056 320 120431 320 120806 320 121181 320 121556 320 121930 321 122305 321 122680 321 123055 321 123430 321 123805 321 124180 321 124555 321 124930 321 125306 320 125683 318 126068 308 126459 292 126839 287 127216 285 127593 283 127970 281 128346 280 128723 278 129099 277 129476 275 129853 273 130230 271 130607 269 130984 267 131362 264 131739 262 132117 259 132494 257 132871 255 133248 253 133625 251 134002 249 134380 246 134758 243 135134 242 135512 239 135888 238 136265 236 136642 234 137018 233 137395 231 137772 229 138148 228 138525 226 138902 224 139278 223 139655 221 140031 220 140407 219 140784 217 141160 216 141536 215 141911 215 142287 214 142663 213 143038 213 143414 212 143789 212 144164 212 144540 211 144915 211 145290 211 145666 210 146041 210 146416 210 146792 209 147167 209 147543 208 147918 208 148294 207 148670 206 149045 206 149421 205 149796 205 150172 204 150548 203 150924 202 151300 201 151676 200 152052 199 152428 198 152804 197 153180 196 153556 195 153932 194 154308 193 154684 192 155060 191 155437 189 155813 188 156189 187 156566 185 156942 184 157319 182 157695 181 158072 179 158448 178 158825 176 159201 175 159578 173 159956 170 160332 169 160709 167 161086 165 161463 163 161840 161 162216 159 162593 156 162970 152 163346 149 163724 144 164101 140 164478 135 164856 128 165234 121 165614 113 165993 105 166372 99 166753 89 167132 80 167512 71 167899 53 168304 4
havanese_112,46129 3 46624 13 47121 19 47620 22 48118 26 48616 29 49115 32 49613 35 50112 38 50268 8 50611 40 50763 21 51110 43 51260 30 51609 46 51758 42 52108 48 52256 61 52608 50 52754 69 52860 4 53107 52 53252 76 53353 16 53606 55 53750 83 53848 23 54106 56 54249 124 54605 58 54747 128 55105 59 55246 130 55604 61 55744 133 56104 63 56242 137 56604 64 56741 139 57103 66 57239 143 57603 67 57737 146 58102 69 58235 150 58602 70 58734 152 59101 72 59232 156 59601 73 59729 160 60100 75 60227 164 60600 76 60725 169 61099 80 61223 177 61598 83 61721 184 61929 14 62098 85 62219 232 62469 6 62597 89 62717 261 63096 93 63215 266 63595 98 63712 271 64094 103 64208 276 64593 392 65092 394 65590 397 66089 399 66587 401 67086 403 67584 405 68083 407 68582 408 69081 409 69579 411 70078 412 70577 414 71076 415 71575 416 72074 417 72573 418 73072 419 73571 420 74070 421 74569 421 75068 422 75568 422 76067 422 76567 422 77066 422 77565 422 78065 420 78564 420 79064 418 79563 416 80062 409 80562 392 81061 386 81561 381 82060 377 82559 373 83059 368 83559 363 84058 358 84557 353 85057 347 85557 340 86056 335 86556 331 87055 329 87555 327 88054 326 88554 324 89054 323 89553 323 90053 322 90552 322 91052 321 91551 321 92051 320 92551 320 93050 321 93550 320 94050 320 94550 320 95049 321 95549 321 96049 321 96549 321 97049 321 97549 321 98049 322 98549 322 99049 323 99549 323 100049 324 100549 324 101048 326 101548 327 102048 327 102548 329 103048 330 103548 213 103766 114 104048 212 104267 115 104548 211 104768 117 105047 210 105269 120 105547 209 105769 126 106046 209 106269 131 106424 12 106546 209 106769 173 107046 209 107269 177 107545 209 107769 179 108045 209 108269 182 108544 210 108769 184 109044 210 109270 186 109543 211 109770 189 110043 211 110270 192 110543 212 110769 196 111042 213 111269 198 111542 214 111768 201 112041 216 112267 203 112541 217 112766 205 113041 218 113264 208 113541 432 114041 433 114541 433 115041 434 115542 433 116042 433 116543 433 117043 433 117543 433 118044 432 118544 432 119045 432 119545 432 120046 431 120546 431 121046 431 121547 430 122047 430 122547 430 123048 429 123548 429 124048 429 124548 429 125048 429 125549 428 126049 382 126441 36 126549 379 126945 32 127049 377 127449 28 127550 374 127952 24 128050 372 128456 19 128551 370 128960 15 129051 368 129466 6 129551 367 130052 365 130552 363 131053 361 131554 359 132054 358 132555 355 133056 353 133557 351 134058 348 134559 346 135060 344 135561 341 136062 338 136564 334 137065 330 137566 327 138067 323 138569 319 139070 317 139571 314 140072 312 140573 310 141074 308 141576 305 142077 304 142578 302 143079 301 143580 299 144081 298 144582 297 145084 295 145585 295 146086 294 146588 293 147090 291 147592 290 148094 289 148598 286 149101 132 149244 142 149606 123 149750 139 150110 116 150256 143 150614 110 150761 141 151117 104 151265 140 151620 98 151772 134 152123 18 152155 59 152288 120 152658 50 152798 111 153161 38 153303 107 153663 30 153808 103 154164 25 154312 100 154666 19 154815 97 155169 12 155317 96 155672 6 155820 93 156322 92 156824 90 157327 88 157829 87 158331 86 158832 86 159334 85 159837 83 160339 82 160841 81 161343 81 161845 80 162347 78 162849 77 163350 76 163852 36 163904 23 164355 27 164407 20 164858 20 164909 18 165365 6 165410 17 165911 16 166413 13 166914 12 167416 10 167918 7 168420 4
havanese_98,60252 9 60581 14 60909 21 61236 28 61557 41 61870 11 61882 50 62200 66 62530 70 62860 75 63191 77 63522 80 63852 83 64182 87 64512 91 64842 94 65172 98 65500 103 65826 111 66146 126 66466 141 66796 146 67125 151 67454 158 67784 164 68114 172 68444 179 68775 182 69104 186 69435 189 69765 192 70095 195 70426 197 70756 201 71086 204 71417 206 71745 210 72073 215 72403 218 72733 221 73064 222 73395 224 73726 226 74057 228 74387 231 74718 233 75049 236 75380 238 75710 242 76041 245 76371 250 76702 255 77033 260 77364 273 77695 276 78026 278 78357 281 78685 286 79017 287 79349 288 79681 290 80013 291 80345 294 80677 297 81009 303 81341 324 81673 329 82005 23225 105233 328 105566 326 105899 323 106232 322 106564 321 106896 319 107228 318 107560 316 107892 315 108224 314 108556 313 108888 312 109220 312 109552 312 109883 313 110215 312 110547 312 110879 311 111210 312 111542 311 111873 311 112205 310 112537 310 112868 310 113200 309 113531 306 113863 304 114194 304 114525 305 114856 307 115187 309 115518 310 115849 311 116180 312 116511 313 116842 315 117173 316 117504 318 117836 318 118167 320 118497 323 118827 326 119157 328 119488 4017 123507 330 123840 329 124174 327 124506 327 124839 326 125172 325 125504 325 125837 324 126170 323 126502 323 126835 322 127167 322 127500 321 127832 321 128165 320 128497 320 128830 319 129162 319 129494 319 129827 318 130159 318 130492 317 130825 316 131157 316 131490 315 131824 313 132158 311 132492 309 132827 306 133161 304 133494 303 133828 301 134161 300 134494 299 134827 298 135160 297 135493 296 135826 295 136158 295 136491 294 136824 293 137157 292 137489 292 137822 291 138155 290 138488 289 138820 289 139153 288 139486 287 139819 286 140152 285 140485 284 140818 283 141151 282 141485 280 141818 279 142152 277 142486 275 142821 272 143156 269 143490 267 143826 263 144162 259 144496 257 144832 253 145167 250 145501 248 145836 245 146170 243 146504 241 146838 239 147172 237 147507 234 147841 232 148176 229 148510 227 148844 225 149178 223 149513 220 149849 216 150204 193 150542 187 150876 185 151210 183 151544 181 151878 179 152211 178 152543 178 152876 177 153208 177 153540 177 153873 176 154205 176 154536 177 154868 177 155200 177 155532 177 155864 177 156195 178 156527 178 156859 178 157191 178 157523 178 157855 178 158187 178 158518 179 158851 178 159182 179 159514 179 159846 179 160178 179 160510 179 160842 179 161174 179 161506 179 161837 180 162169 180 162501 180 162833 180 163165 180 163498 179 163830 179 164162 179 164494 179 164826 179 165159 178 165490 179 165822 178
saint_bernard_191,35408 18 35775 29 36141 39 36513 44 36887 46 37261 48 37634 51 38008 53 38382 55 38755 57 39129 59 39503 60 39876 63 40250 64 40624 66 40998 67 41372 69 41746 70 42120 71 42495 72 42869 73 43243 75 43617 76 43992 76 44366 78 44740 79 45114 80 45489 81 45591 11 45863 82 45962 19 46237 85 46334 24 46612 86 46707 27 46986 89 47080 29 47361 124 47735 125 48110 125 48484 126 48858 128 49233 128 49607 129 49982 129 50356 130 50730 131 51104 131 51478 132 51852 133 52226 133 52600 134 52975 133 53348 135 53722 135 54095 137 54469 137 54842 139 55215 141 55588 142 55962 143 56336 143 56710 144 57085 143 57459 144 57834 144 58208 144 58582 145 58957 145 59331 146 59706 146 60081 146 60455 146 60830 146 61204 147 61579 147 61953 148 62328 147 62702 148 63076 149 63451 150 63825 151 64200 151 64574 152 64948 153 65323 153 65697 154 66071 156 66445 157 66819 158 67193 159 67568 160 67942 161 68316 163 68690 165 69064 166 69439 167 69813 168 70187 170 70561 172 70936 173 71310 175 71684 177 72058 179 72433 180 72807 182 73182 183 73556 184 73930 187 74305 187 74679 189 75053 191 75427 193 75802 194 76176 196 76550 197 76925 198 77299 200 77674 200 78048 202 78422 204 78797 205 79171 206 79545 208 79920 208 80294 210 80668 211 81043 212 81417 213 81792 214 82166 215 82541 216 82915 217 83289 218 83664 219 84038 220 84413 220 84787 222 85162 222 85536 223 85911 223 86286 223 86660 224 87035 224 87410 225 87784 226 88159 226 88534 226 88909 226 89284 226 89658 227 90033 227 90408 227 90783 227 91158 227 91533 227 91908 227 92283 227 92658 227 93033 227 93408 227 93783 227 94158 227 94532 228 94907 228 95282 228 95657 228 96032 228 96407 228 96782 228 97157 228 97532 228 97907 228 98282 228 98657 228 99032 228 99407 228 99782 228 100157 228 100532 228 100907 229 101282 229 101657 229 102032 229 102407 229 102782 229 103157 229 103532 229 103907 230 104282 230 104657 230 105032 230 105407 230 105782 230 106157 230 106533 229 106908 229 107283 229 107658 229 108033 229 108408 228 108783 228 109158 228 109534 227 109909 227 110284 227 110659 226 111035 225 111410 225 111785 224 112160 224 112536 223 112911 223 113286 222 113661 222 114037 220 114412 219 114787 219 115162 218 115538 216 115913 216 116288 215 116663 214 117038 213 117413 212 117789 209 118164 208 118539 206 118914 204 119289 203 119663 201 120038 199 120413 197 120787 195 121161 192 121536 188 121910 184 122285 182 122659 182 123034 181 123408 181 123783 180 124157 180 124532 179 124907 179 125282 179 125657 179 126032 178 126407 178 126782 178 127157 178 127532 178 127907 177 128282 178 128657 179 129032 180 129407 182 129782 184 130157 187 130532 189 130907 190 131282 192 131657 194 132033 195 132408 199 132783 202 133158 204 133534 205 133909 207 134284 210 134659 212 135035 213 135410 214 135785 216 136161 217 136536 219 136911 220 137286 222 137661 224 138037 225 138412 227 138787 230 139162 232 139537 235 139912 240 140288 242 140663 245 141038 248 141413 250 141788 252 142163 254 142538 255 142914 256 143289 256 143664 257 144040 257 144415 257 144790 258 145166 257 145541 258 145917 257 146292 257 146668 257 147043 257 147419 256 147794 256 148170 256 148545 256 148921 256 149296 256 149672 256 150048 255 150423 255 150799 254 151174 255 151550 254 151926 253 152301 253 152677 252 153053 251 153428 251 153804 249 154180 248 154556 142 154707 96 154932 139 155085 93 155307 138 155462 91 155683 136 155839 88 156059 134 156215 87 156434 133 156592 85 156810 132 156968 84 157186 130 157345 81 157561 129 157721 80 157937 128 158097 79 158312 128 158474 76 158688 126 158850 75 159064 125 159227 73 159440 123 159604 70 159815 123 159980 69 160191 122 160356 68 160567 120 160733 65 160943 119 161110 63 161318 119 161486 62 161694 117 161863 59 162070 116 162239 58 162446 115 162616 55 162822 114 162992 54 163198 112 163368 52 163574 111 163745 49 163950 110 164121 47 164326 109 164497 45 164701 108 164874 42 165077 107 165251 38 165453 106 165628 34 165830 104 166004 31 166206 102 166381 28 166582 101 166758 24 166959 99 167135 20 167336 96 167511 17 167713 94 167889 12 168090 92 168266 8 168466 91 168844 87 169220 86 169597 84 169973 82 170349 81 170724 81 171100 79 171476 78 171852 77 172227 76 172603 75 172978 75 173353 74 173728 74 174104 73 174479 72 174854 72 175229 71 175604 71 175979 71 176354 70 176729 70 177104 69 177479 69 177854 69 178229 68 178604 68 178979 68 179354 67 179729 67 180104 66 180478 67 180853 66 181228 66 181603 65 181978 65 182353 64 182728 63 183103 62 183478 61 183853 61 184228 60 184603 59 184978 58 185353 58 185729 56 186104 55 186479 54 186854 53 187230 51
Siamese_126,14199 8 14697 11 15195 14 15693 16 16191 19 16690 20 17189 22 17688 23 18187 25 18686 27 19185 28 19684 30 20184 30 20683 32 21183 33 21682 35 22182 36 22681 38 23181 39 23680 41 24180 42 24679 44 25178 46 25678 47 26177 49 26677 50 27176 52 27675 54 28175 55 28674 58 29173 60 29672 62 30171 65 30670 67 31169 69 31668 72 32166 75 32665 78 33095 6 33163 81 33595 8 33661 85 34095 9 34159 88 34595 11 34658 91 35095 13 35156 95 35595 14 35654 99 36095 16 36153 102 36596 17 36652 105 37096 18 37150 109 37596 20 37649 112 38097 21 38148 115 38597 23 38646 118 39097 25 39144 121 39598 26 39641 125 40098 28 40139 128 40598 31 40637 132 41099 171 41599 172 42099 173 42600 174 43100 175 43600 177 44101 178 44601 180 45101 183 45601 185 46102 186 46602 189 47102 192 47602 195 48102 199 48602 202 49103 204 49603 207 50103 209 50603 212 51103 214 51604 215 52104 218 52604 221 53104 225 53604 230 54105 235 54605 240 55105 244 55605 248 56105 250 56605 253 57106 255 57606 257 58106 259 58606 261 59106 263 59606 265 60106 267 60606 268 61106 270 61606 272 62105 274 62605 276 63104 279 63604 281 64104 283 64604 285 65104 286 65603 289 66103 290 66603 292 67103 293 67603 294 68102 296 68602 297 69102 298 69602 298 70102 299 70602 300 71101 302 71601 303 72101 304 72601 305 73101 306 73601 307 74100 310 74600 312 75100 313 75599 316 76099 316 76599 317 77098 319 77598 320 78098 321 78597 322 79097 323 79597 324 80096 325 80596 325 81095 327 81595 327 82094 329 82594 329 83094 329 83593 331 84093 331 84592 332 85091 334 85591 334 86090 335 86590 336 87089 337 87589 337 88088 339 88588 340 89088 340 89587 342 90087 343 90587 343 91087 344 91586 346 92086 347 92586 347 93086 348 93585 350 94085 351 94585 352 95085 353 95585 354 96084 355 96584 313 96911 29 97083 309 97416 24 97581 305 97921 20 98080 301 98428 13 98578 298 98931 10 99077 291 99434 6 99575 290 100073 290 100571 290 101069 290 101567 292 102065 293 102563 295 103062 296 103560 297 104059 298 104557 300 105056 301 105554 303 106053 304 106552 305 107051 306 107550 307 108049 308 108548 310 109048 310 109547 311 110047 311 110546 312 111046 312 111545 313 112045 313 112545 313 113045 313 113545 313 114045 313 114546 312 115046 312 115546 312 116047 311 116547 310 117048 309 117549 308 118050 307 118551 306 119052 304 119553 303 120055 301 120556 300 121058 298 121559 296 122061 294 122563 292 123065 289 123567 287 124069 285 124571 283 125073 280 125574 279 126076 277 126577 276 127078 274 127579 273 128079 272 128580 271 129080 271 129581 269 130081 269 130582 267 131082 267 131583 265 132083 265 132584 264 133085 262 133585 261 134086 260 134586 259 135087 258 135587 257 136088 256 136589 254 137089 254 137590 252 138090 251 138591 250 139092 248 139592 248 140093 246 140593 245 141094 243 141595 242 142095 241 142596 240 143097 238 143598 237 144099 235 144600 234 145101 232 145601 231 146102 230 146603 228 147104 226 147606 224 148107 222 148608 221 149109 219 149610 218 150111 216 150612 215 151114 212 151615 211 152116 209 152617 208 153118 206 153620 203 154121 202 154622 200 155123 198 155625 195 156126 194 156627 192 157129 189 157630 187 158131 185 158633 181 159134 179 159635 177 160137 174 160638 171 161140 168 161641 165 162143 161 162644 158 163146 154 163647 151 164149 146 164650 143 165152 138 165653 135 166155 130 166656 126 167157 122 167659 117 168160 114 168662 109 169163 106 169665 101 170166 98 170668 94 171170 90 171672 86 172175 82 172677 78 173181 72 173685 65 174190 58 174701 45 175211 33 175719 21 176229 4
yorkshire_terrier_92,57826 9 58187 28 58555 40 58926 47 59298 54 59670 59 60042 65 60414 70 60788 72 60921 8 61162 75 61287 27 61536 77 61655 37 61911 78 62026 44 62286 80 62399 48 62661 81 62772 55 63036 83 63145 69 63411 84 63519 74 63787 85 63892 78 64162 87 64264 82 64537 89 64637 86 64913 90 65010 92 65288 192 65664 194 66039 196 66415 197 66790 199 67166 200 67542 202 67918 203 68293 205 68669 205 69045 205 69421 206 69797 206 70172 207 70548 207 70924 208 71300 208 71676 208 72052 209 72428 209 72656 5 72804 209 73028 11 73179 211 73401 16 73555 211 73774 21 73931 212 74148 24 74307 211 74523 29 74683 212 74897 35 75060 210 75273 36 75436 208 75649 37 75812 206 76025 38 76189 204 76401 39 76566 201 76776 40 76943 199 77152 41 77320 197 77527 42 77697 195 77903 43 78076 191 78278 44 78454 188 78653 46 78832 185 79029 47 79209 183 79404 48 79586 181 79780 49 79963 179 80156 50 80340 177 80533 50 80717 176 80909 51 81095 173 81286 51 81360 16 81471 172 81662 53 81731 20 81849 169 82038 58 82101 25 82225 168 82413 88 82602 166 82790 86 82978 166 83166 85 83354 164 83542 84 83730 164 83920 81 84106 163 84297 79 84481 163 84674 77 84857 162 85052 74 85232 163 85429 72 85608 162 85806 70 85983 162 86189 62 86358 163 86570 56 86734 162 86949 52 87109 163 87325 51 87484 163 87702 49 87859 164 88079 45 88235 163 88455 43 88610 163 88831 41 88985 164 89208 39 89360 165 89584 37 89735 166 89961 13 89982 13 90110 167 90338 7 90361 8 90485 167 90739 4 90860 168 91235 169 91610 169 91985 170 92360 170 92735 171 93109 173 93484 174 93859 175 94234 176 94609 177 94983 179 95358 180 95733 182 96107 186 96482 193 96857 198 97232 203 97607 210 97982 222 98357 225 98604 2 98607 1 98733 226 98978 7 98987 1 98995 3 99108 230 99351 22 99483 266 99858 266 100233 267 100608 268 100983 268 101358 268 101733 268 102108 268 102483 268 102858 268 103233 268 103608 268 103983 268 104357 269 104732 269 105107 269 105481 270 105856 270 106230 271 106605 271 106979 272 107354 272 107728 273 108102 274 108476 275 108850 276 109224 277 109598 278 109971 280 110345 281 110718 283 111092 284 111465 286 111839 287 112212 289 112585 291 112959 292 113332 294 113705 296 114078 298 114450 301 114819 54 114888 238 115191 51 115265 236 115563 51 115642 234 115937 47 116020 231 116312 45 116396 230 116686 43 116773 228 117060 42 117150 226 117435 40 117527 224 117809 39 117904 222 118183 39 118281 220 118557 38 118657 219 118932 36 119034 217 119306 36 119412 214 119680 35 119789 212 120054 35 120166 210 120428 35 120544 207 120803 32 120923 203 121177 32 121308 193 121552 29 121685 191 121927 22 122062 189 122302 15 122438 188 122814 187 123190 186 123566 185 123941 185 124317 184 124692 184 125068 183 125443 183 125819 182 126194 182 126570 181 126945 181 127321 180 127696 180 128072 179 128447 179 128823 178 129199 177 129574 177 129950 176 130325 176 130701 175 131076 175 131452 174 131828 173 132203 173 132579 172 132954 172 133330 171 133705 171 134081 170 134456 170 134831 170 135207 169 135582 169 135958 168 136333 168 136708 168 137084 167 137459 167 137835 166 138210 166 138586 165 138962 164 139337 164 139713 163 140088 163 140464 162 140840 161 141215 161 141590 161 141966 160 142341 160 142717 159 143092 159 143468 158 143843 158 144218 158 144594 157 144969 157 145345 156 145720 156 146096 155 146471 155 146847 154 147222 154 147597 154 147973 153 148349 152 148724 152 149100 151 149476 150 149851 150 150227 149 150603 148 150979 147 151355 146 151730 146 152106 145 152482 144 152859 142 153235 141 153610 141 153986 140 154362 139 154737 139 155113 138 155488 138 155864 137 156239 137 156614 137 156990 136 157365 136 157740 136 158115 136 158490 136 158866 135 159241 135 159617 134 159993 133 160368 133 160744 132 161119 132 161495 131 161871 130 162247 129 162623 128 162999 127 163375 126 163751 125 164127 124 164503 123 164879 122 165255 121 165631 120 166008 118 166384 117 166763 113 167139 112 167516 110 167892 109 168268 108 168644 107 169019 107 169395 106 169771 105 170146 105 170522 104 170898 103 171274 102 171650 101 172027 99 172403 98 172779 97 173155 96 173532 94 173908 93 174285 91 174661 90 175038 88 175415 86 175792 84 176178 73 176555 71 176932 69 177309 67 177685 66 178061 65 178438 63 178814 62 179191 60 179567 59 179943 58 180320 56 180696 55 181073 53 181449 52 181825 50 182201 49 182577 48 182953 47 183329 45 183705 44 184082 41 184458 40 184834 38 185210 36 185587 31 185963 28 186339 26 186714 25 187091 21 187467 18
Siamese_70,44902 14 45381 1 45396 24 45865 58 46358 68 46852 76 47346 84 47842 90 48337 97 48832 104 49327 110 49822 117 50318 123 50814 128 51310 134 51806 140 52301 146 52796 152 53289 160 53783 167 54275 176 54768 184 55264 188 55760 193 56257 197 56753 201 57250 204 57747 208 58132 32 58243 212 58627 41 58737 219 59124 48 59212 244 59621 55 59702 254 60119 338 60618 339 61116 341 61615 342 62113 345 62611 347 63108 350 63605 353 64102 357 64598 361 65092 367 65589 370 66087 372 66586 373 67085 374 67585 374 68084 375 68584 376 69084 376 69584 376 70084 376 70584 376 71083 377 71583 377 72083 377 72584 376 73084 376 73583 377 74083 377 74583 377 75084 376 75583 377 76083 377 76583 377 77083 377 77583 377 78083 377 78583 377 79083 377 79583 377 80083 377 80583 377 81083 376 81583 376 82083 375 82583 375 83083 375 83583 374 84084 373 84584 372 85084 372 85584 371 86084 370 86584 370 87084 370 87584 369 88084 368 88584 368 89084 367 89584 367 90085 365 90585 365 91085 364 91585 364 92085 364 92585 364 93086 363 93586 363 94086 363 94587 362 95087 362 95587 362 96087 362 96587 362 97087 362 97587 362 98088 360 98588 360 99088 360 99588 360 100089 359 100589 359 101089 359 101589 359 102089 359 102589 358 103089 358 103589 358 104089 358 104589 357 105089 357 105589 357 106089 357 106589 356 107089 356 107589 355 108089 355 108589 354 109089 353 109588 352 110088 350 110588 313 111088 307 111588 303 112088 26 112121 267 112587 19 112626 47 112678 207 113087 17 113131 35 113186 197 113587 15 113635 24 113691 190 114087 13 114197 183 114587 11 114704 174 115088 8 115214 163 115589 2 115721 155 116226 149 116730 144 117233 140 117736 136 118238 133 118741 128 119243 125 119746 119 120248 114 120750 108 121252 100 121755 91 122257 81 122759 54 123262 45 123765 37 124269 27 124778 10
Egyptian_Mau_71,10501 6 10774 22 11057 28 11341 33 11624 38 11907 43 12191 47 12476 50 12760 53 13044 57 13328 60 13612 64 13896 67 14180 70 14465 72 14749 75 15034 78 15319 80 15603 82 15887 85 16172 87 16456 89 16739 93 17024 95 17309 96 17594 98 17879 99 18164 101 18449 102 18734 104 19019 105 19303 108 19588 110 19874 110 20159 112 20444 113 20729 115 21015 115 21300 117 21586 117 21871 119 22157 119 22443 120 22729 120 23015 120 23300 121 23586 122 23871 123 24157 123 24442 125 24728 125 25014 125 25300 126 25585 127 25871 127 26157 127 26442 129 26728 129 27013 130 27299 130 27585 131 27870 132 28156 132 28442 132 28728 133 29014 133 29300 133 29585 134 29871 134 30156 135 30441 136 30727 137 31013 137 31298 138 31584 138 31870 138 32155 140 32441 140 32727 140 33012 141 33298 141 33584 142 33870 142 34156 143 34441 144 34727 144 35013 145 35299 145 35585 120 35708 22 35871 118 35995 21 36157 116 36283 20 36443 115 36569 20 36729 113 36855 20 37015 112 37142 19 37301 111 37429 18 37587 111 37715 19 37873 110 38002 18 38159 110 38288 18 38445 110 38575 18 38731 109 38861 18 39017 109 39148 17 39303 109 39435 16 39589 108 39721 16 39875 108 40008 15 40161 108 40294 15 40447 108 40581 15 40733 108 40867 15 41019 107 41154 14 41305 107 41440 14 41591 106 41727 13 41877 106 42013 14 42163 106 42299 14 42449 105 42586 13 42735 105 42872 13 43021 104 43159 13 43307 103 43445 13 43593 103 43731 13 43878 103 44017 13 44164 102 44303 13 44450 102 44589 13 44736 101 44875 13 45022 100 45161 13 45308 99 45447 13 45593 100 45733 12 45879 99 46019 12 46165 99 46305 12 46451 98 46591 12 46736 98 46878 11 47022 98 47164 11 47308 97 47450 11 47594 96 47736 11 47880 96 48022 11 48165 96 48308 11 48451 96 48595 10 48737 96 48881 10 49023 95 49167 10 49309 95 49454 9 49595 94 49740 9 49881 94 50027 8 50167 94 50313 7 50453 93 50600 6 50738 93 50887 5 51024 92 51174 3 51310 91 51596 89 51882 88 52167 87 52453 86 52739 85 53025 84 53311 83 53597 82 53883 81 54168 82 54454 81 54740 80 55026 80 55311 80 55597 79 55883 79 56168 79 56454 79 56738 80 57023 81 57307 83 57590 86 57844 4 57871 90 58127 120 58412 121 58698 121 58984 121 59270 120 59556 120 59842 120 60128 119 60413 120 60699 120 60985 120 61271 120 61557 120 61843 120 62129 120 62415 121 62701 121 62987 121 63273 121 63559 121 63845 121 64131 121 64416 122 64702 123 64989 122 65275 122 65561 122 65847 122 66133 122 66419 122 66705 122 66991 123 67277 123 67563 123 67849 123 68135 123 68420 124 68706 124 68992 125 69279 124 69565 123 69851 123 70137 123 70423 123 70709 123 70995 122 71281 122 71568 120 71855 7 71866 107 72171 87 72464 4 72477 66 72766 62 73056 14 73092 20 73385 9
english_cocker_spaniel_61,38249 6 38744 15 39241 20 39738 24 40237 27 40735 31 41233 34 41732 36 42230 38 42728 41 43227 43 43726 44 44182 6 44224 47 44681 9 44722 50 45180 12 45220 52 45679 15 45718 55 46179 19 46214 59 46679 24 46708 66 47179 95 47678 97 48178 97 48678 98 49178 98 49677 100 50177 100 50677 101 51177 102 51677 102 51877 9 52176 105 52370 18 52676 106 52865 25 53176 108 53360 31 53676 109 53857 35 54176 111 54354 39 54676 119 54800 11 54850 44 55176 155 55344 50 55676 219 56176 219 56676 220 57176 220 57676 221 58176 221 58676 221 59177 220 59677 221 60177 221 60677 221 61178 220 61678 221 62178 221 62678 221 63179 221 63679 221 64179 221 64679 222 65179 222 65679 223 66179 223 66678 225 67178 226 67678 227 68178 228 68677 231 69177 233 69676 236 70176 237 70675 239 71174 241 71673 243 72172 244 72670 247 73169 248 73668 249 74167 250 74665 253 75164 254 75663 255 76162 257 76661 259 77160 261 77660 262 78159 265 78659 267 79158 271 79658 274 80158 276 80658 278 81158 279 81657 282 82157 282 82657 283 83157 284 83657 284 84156 286 84656 286 85156 286 85656 286 86156 287 86656 287 87156 287 87656 287 88155 288 88655 288 89155 289 89655 289 90155 289 90655 289 91155 289 91655 289 92154 290 92654 290 93154 291 93654 291 94154 290 94654 290 95154 290 95654 290 96154 290 96654 290 97154 291 97654 290 98154 290 98654 290 99155 289 99655 288 100155 287 100656 285 101156 282 101657 274 102158 269 102659 265 103160 261 103661 257 104162 253 104663 250 105165 246 105666 243 106167 241 106668 239 107169 236 107671 233 108172 230 108673 228 109175 224 109676 222 110178 218 110680 214 111182 210 111683 206 112185 200 112687 188 113189 179 113691 172 114193 167 114695 162 115197 156 115700 150 116203 145 116707 138 117210 131 117715 123 118218 115 118722 104 119226 89 119734 76 120249 57 120756 45 121263 31
miniature_pinscher_159,13613 4 13834 29 14056 51 14279 67 14501 73 14723 77 14945 81 15154 2 15167 85 15378 99 15603 98 15828 97 16054 95 16279 93 16505 91 16730 89 16955 88 17181 85 17406 84 17631 83 17856 81 18081 80 18306 78 18531 77 18756 75 18981 74 19207 71 19432 69 19657 68 19882 66 20107 64 20332 62 20557 60 20782 57 21007 55 21232 53 21457 52 21682 51 21907 50 22132 49 22358 48 22583 48 22808 48 23033 48 23258 48 23483 48 23708 48 23934 48 24159 48 24384 48 24609 49 24834 49 25059 50 25284 51 25509 51 25735 51 25960 52 26185 52 26410 53 26635 54 26860 54 27085 55 27310 56 27536 56 27761 57 27986 59 28074 8 28211 61 28285 22 28436 95 28661 93 28886 90 29111 87 29336 84 29561 81 29786 80 30011 78 30236 77 30461 76 30686 75 30911 74 31136 73 31361 72 31585 72 31810 71 32035 71 32260 70 32484 70 32659 6 32709 70 32884 10 32934 70 33109 14 33158 70 33334 18 33382 71 33560 20 33607 71 33785 22 33831 72 34011 23 34055 73 34237 24 34279 74 34463 26 34502 76 34689 30 34723 80 34915 113 35140 113 35366 112 35592 110 35817 110 36043 18 36066 86 36268 17 36292 85 36493 16 36517 85 36718 16 36742 37 36780 46 36943 16 36967 84 37168 16 37192 39 37234 42 37393 17 37417 39 37460 41 37618 17 37642 39 37685 41 37843 63 37911 40 38068 63 38137 39 38293 63 38362 40 38518 64 38587 40 38743 64 38813 39 38967 65 39038 40 39192 65 39264 40 39417 65 39490 39 39641 65 39715 41 39866 64 39940 42 40090 65 40165 61 40314 66 40390 60 40538 67 40614 58 40762 68 40839 54 40985 70 41064 49 41203 77 41288 40 41422 83 41512 37 41645 86 41736 34 41870 86 41959 33 42095 86 42185 28 42322 82 42411 24 42551 75 42639 17 42782 68 43010 63 43238 59 43468 32 43514 7 43699 21 43741 3 43929 12
yorkshire_terrier_150,20560 4 20757 22 20955 25 21153 28 21352 31 21550 35 21749 38 21947 41 22145 43 22344 45 22542 47 22740 50 22939 52 23137 56 23336 59 23535 62 23733 74 23932 78 24131 80 24330 82 24528 85 24727 86 24926 87 25125 89 25324 90 25523 91 25722 92 25921 69 25994 20 26120 55 26183 2 26197 17 26319 53 26398 16 26518 52 26598 15 26717 52 26798 15 26916 51 27000 12 27115 51 27202 9 27314 51 27403 5 27513 51 27712 51 27911 51 28110 51 28309 51 28508 52 28707 52 28907 52 29106 53 29305 55 29365 6 29505 66 29704 66 29904 66 30103 67 30303 66 30502 67 30702 66 30901 67 31100 68 31300 67 31499 68 31699 67 31898 68 32097 68 32297 68 32496 68 32695 69 32895 69 33095 69 33294 35 33333 31 33494 22 33535 31 33694 16 33737 31 33894 13 33938 31 34095 8 34139 30 34341 27 34541 27 34742 25 34942 24 35143 22 35344 20 35546 16 35750 11
boxer_136,62867 9 63365 18 63864 22 64363 25 64862 27 65361 29 65859 32 66358 34 66856 37 67354 40 67852 43 68321 16 68347 49 68819 78 69318 80 69817 83 70317 84 70817 85 71317 87 71817 90 72317 92 72817 96 73318 103 73474 10 73818 118 73962 29 74319 175 74819 177 75320 177 75820 175 76321 171 76821 168 77322 160 77822 124 78322 104 78822 94 79323 87 79823 83 80323 81 80824 78 81324 77 81824 75 82324 74 82824 73 83324 72 83824 70 84324 69 84824 67 85324 66 85824 65 86324 64 86825 62 87325 61 87825 60 88326 58 88826 57 89326 56 89826 56 90327 54 90827 54 91328 52 91828 52 92329 51 92829 50 93330 49 93830 49 94331 48 94832 47 95332 46 95833 45 96334 44 96834 44 97335 43 97836 42 98337 41 98837 43 99338 43 99396 21 99422 3 99838 89 100339 89 100839 90 101339 91 101839 91 102339 93 102838 95 103338 97 103838 98 104338 100 104840 100 105342 100 105844 100 106347 99 106849 100 107350 101 107851 103 108352 106 108853 109 109353 114 109854 120 110354 127 110855 136 111356 139 111856 139 112357 76 112450 44 112857 73 112958 33 113358 69 113462 27 113859 66 113965 22 114359 64 114469 15 114860 62 114974 7 115361 60 115862 57 116362 57 116863 55 117365 51 117866 49 118367 47 118869 44 119371 41 119874 36 120376 33 120879 28 121383 21 121888 13
german_shorthaired_18,38744 24 39235 36 39729 47 40224 55 40720 62 41215 69 41710 78 42207 132 42703 144 42900 10 43201 165 43388 28 43698 219 44195 222 44693 222 45191 221 45689 220 46188 218 46686 217 47184 214 47683 193 48182 182 48681 177 49180 172 49678 149 50177 119 50676 117 51174 118 51673 118 52172 118 52670 120 53169 120 53667 122 54165 124 54663 126 55161 128 55659 131 56157 133 56655 135 57151 140 57648 143 58145 147 58642 150 59139 153 59636 156 60133 160 60630 163 61128 165 61626 167 62124 170 62622 172 63119 175 63616 178 64113 182 64610 185 65108 187 65584 13 65604 192 66082 214 66580 217 67079 219 67578 221 68077 223 68576 226 69075 229 69574 231 70073 234 70573 236 71072 238 71571 241 72071 242 72570 244 73070 245 73406 6 73570 246 73898 21 74069 248 74393 28 74569 248 74883 38 75068 250 75376 46 75568 251 75869 53 76068 252 76364 58 76568 254 76859 62 77068 257 77347 72 77568 263 77833 83 78068 343 78568 336 79068 330 79568 325 80069 316 80569 307 81069 301 81569 297 82069 97 82182 179 82569 92 82686 171 83069 89 83189 163 83569 86 83691 156 84069 84 84194 146 84569 82 84695 137 85069 81 85196 130 85568 81 85697 102 85804 12 86068 79 86198 94 86568 78 86698 91 87067 79 87198 89 87567 78 87699 86 88067 77 88199 84 88567 76 88700 82 89067 76 89200 81 89567 75 89701 79 90067 74 90201 78 90566 75 90701 78 91066 74 91201 77 91566 73 91702 76 92066 73 92202 75 92566 72 92702 75 93066 72 93203 73 93567 71 93703 73 94067 70 94204 72 94567 70 94704 72 95067 70 95204 72 95568 69 95704 71 96068 68 96205 70 96569 67 96705 71 97069 66 97205 71 97570 65 97706 71 98070 65 98206 72 98571 64 98706 73 99071 64 99206 74 99572 62 99707 74 100073 61 100207 75 100573 61 100708 75 101074 61 101208 76 101575 60 101709 77 102076 59 102209 78 102577 58 102710 78 103077 58 103211 79 103578 57 103713 78 104079 56 104215 78 104580 55 104717 78 105081 54 105219 77 105582 54 105721 77 106084 52 106222 77 106585 51 106724 77 107086 50 107226 76 107587 50 107727 77 108088 49 108228 79 108589 48 108730 79 109089 48 109231 80 109590 47 109732 82 110091 46 110233 84 110592 45 110735 86 111092 45 111237 88 111593 44 111740 89 112093 44 112243 94 112594 42 112746 106 113094 42 113250 107 113595 40 113755 107 114095 40 114295 73 114596 39 114845 36 115096 39 115351 37 115597 38 115856 35 116097 38 116363 28 116597 38 116872 19 117098 37 117377 13 117598 37 118099 36 118599 35 119100 34 119600 34 120101 33 120601 32 121102 31 121602 31 122103 29 122604 28 123104 27 123605 25 124106 23 124607 20 125108 18 125609 15 126109 13 126610 10 127111 5
miniature_pinscher_71,36542 9 36871 14 37197 23 37525 28 37854 33 38183 37 38514 39 38846 41 39177 43 39509 44 39841 20 39879 7 40173 17 40216 1 40455 10 40505 16 40761 6 40784 19 40837 15 41094 8 41114 25 41169 15 41427 12 41444 30 41501 14 41761 50 41832 15 42094 53 42163 16 42427 58 42493 18 42760 83 43093 82 43427 80 43760 80 44093 79 44426 78 44759 77 45093 76 45426 75 45759 74 46092 73 46425 73 46758 72 47091 71 47424 70 47757 70 48090 68 48423 68 48756 67 49089 66 49421 66 49754 65 50087 64 50420 63 50753 62 51086 61 51419 60 51752 60 52085 59 52418 59 52751 58 53084 58 53417 58 53750 58 54083 58 54416 58 54749 58 55082 58 55415 58 55748 58 56081 58 56414 58 56747 58 57080 58 57413 58 57746 58 58079 58 58412 58 58745 58 59078 58 59412 57 59745 57 60078 57 60411 57 60744 57 61077 57 61410 57 61744 56 62077 56 62410 56 62743 57 63076 57 63409 57 63743 56 64076 56 64409 56 64742 56 65075 56 65409 55 65742 55 66075 55 66408 55 66741 56 67075 55 67408 55 67741 55 68074 55 68407 55 68741 54 69074 55 69407 55 69740 55 70073 55 70406 56 70739 56 71073 55 71406 55 71739 56 72072 56 72405 56 72738 57 73071 57 73404 58 73737 58 74070 58 74403 59 74736 59 75069 60 75402 60 75735 60 76068 61 76400 62 76733 62 77066 63 77399 63 77732 63 78064 65 78397 65 78730 65 79062 67 79395 68 79728 69 80060 71 80393 72 80726 74 81058 78 81391 87 81723 93 82056 96 82389 100 82721 105 83054 108 83386 117 83719 79 83802 41 84051 77 84142 40 84383 76 84480 39 84716 75 84816 37 85048 76 85152 35 85380 76 85490 30 85653 2 85712 77 85830 23 85985 5 86044 78 86166 20 86318 6 86376 78 86504 14 86650 8 86708 79 86841 8 86983 9 87040 80 87178 1 87316 10 87372 81 87649 11 87704 82 87983 12 88035 84 88316 13 88367 85 88649 15 88699 86 88982 16 89029 90 89316 17 89360 92 89649 19 89690 96 89982 21 90019 101 90316 22 90349 106 90649 143 90823 4 90983 155 91141 23 91317 185 91650 189 91984 190 92317 191 92651 170 92822 19 92984 155 93162 13 93318 144 93502 6 93651 132 93985 122 94318 116 94651 113 94984 111 95317 107 95651 103 95984 64 96055 28 96317 60 96392 20 96650 57 96727 14 96983 53 97062 7 97316 51 97649 49 97982 49 98315 48 98648 48 98981 48 99314 48 99647 48 99980 48 100313 48 100646 48 100979 48 101312 48 101645 49 101978 49 102311 49 102644 49 102978 48 103311 48 103644 48 103978 47 104312 21 104339 18 104645 18 104675 14 104979 15 105010 11 105314 9 105346 7
Ragdoll_4,48665 26 49222 34 49777 48 50335 58 50892 71 51450 79 52007 85 52564 91 53121 97 53678 102 54236 106 54791 113 55346 119 55894 133 56448 140 57002 147 57559 152 58114 158 58673 160 59231 163 59790 166 60349 168 60908 170 61466 173 62025 175 62583 178 63142 180 63701 182 64261 183 64820 186 65380 187 65939 189 66499 190 67059 191 67618 193 68178 194 68738 195 69298 197 69858 198 70418 199 70978 200 71537 202 72097 203 72657 204 73217 205 73777 206 74336 208 74896 209 75455 211 76015 212 76575 213 77134 215 77694 216 78253 218 78812 220 79372 221 79931 224 80490 226 81049 228 81608 230 82167 232 82726 234 83284 237 83842 240 84397 246 84952 252 85505 261 86060 267 86614 274 87172 277 87727 283 88285 286 88842 290 89400 293 89957 297 90513 303 91071 306 91628 310 92186 313 92740 320 93296 325 93848 335 94403 341 94956 349 95467 7 95513 353 96027 11 96070 357 96588 16 96627 361 97149 400 97710 400 98271 400 98832 400 99393 400 99955 399 100516 399 101077 399 101638 400 102200 399 102761 399 103322 399 103884 398 104445 398 105006 398 105567 398 106128 398 106689 398 107250 398 107811 398 108372 398 108933 398 109494 398 110055 398 110616 398 111177 398 111738 398 112299 398 112860 398 113421 398 113982 398 114543 398 115104 398 115665 398 116226 398 116787 398 117348 398 117909 398 118470 398 119031 398 119592 398 120153 398 120714 398 121275 398 121836 398 122397 398 122957 399 123518 399 124079 399 124640 399 125201 399 125762 399 126323 399 126883 400 127444 400 128005 400 128566 400 129126 401 129687 401 130248 401 130809 401 131369 402 131930 402 132491 402 133052 402 133612 404 134173 404 134734 404 135294 405 135855 405 136416 405 136977 405 137537 407 138098 407 138659 407 139219 408 139780 408 140341 408 140901 409 141462 409 142023 409 142583 410 143144 411 143705 411 144265 412 144826 412 145387 412 145947 413 146508 413 147069 413 147629 414 148189 415 148750 415 149310 416 149871 416 150431 417 150991 418 151551 419 152111 419 152671 420 153231 421 153791 422 154352 422 154912 423 155472 423 156033 423 156594 423 157156 421 157720 418 158288 411 158858 402 159423 397 159988 393 160552 389 161115 387 161678 385 162241 383 162803 381 163366 379 163928 378 164491 375 165053 374 165616 371 166178 370 166741 368 167303 366 167865 365 168429 361 168991 360 169554 357 170117 355 170680 352 171243 350 171807 346 172370 344 172934 340 173497 338 174060 336 174624 332 175187 330 175749 328 176312 326 176875 323 177438 321 178002 317 178565 314 179128 312 179691 308 180255 304 180818 301 181382 296 181945 291 182508 287 183071 283 183635 278 184198 275 184761 272 185325 267 185889 263 186453 259 187018 255 187583 250 188147 246 188712 241 189277 237 189845 229 190414 220 190987 15 191028 167 191597 159 192163 154 192732 145 193297 141 193864 135 194430 130 194997 124 195563 119 196132 111 196704 5 196734 70 197307 58 197872 54 198436 52 198998 51 199560 50 200121 50 200683 49 201244 49 201806 48 202367 48 202928 48 203490 47 204051 46 204612 46 205173 46 205734 46 206295 46 206856 46 207417 46 207978 46 208539 46 209100 46 209661 46 210223 45 210784 45 211345 45 211906 45 212467 45 213028 45 213589 45 214150 45 214711 45 215272 45 215833 45 216394 45 216955 45 217516 45 218077 45 218638 45 219199 45 219760 45 220321 45 220882 45 221443 45 222004 45 222565 45 223126 45 223687 45 224249 44 224810 44 225371 44 225932 44 226493 44 227054 44 227615 44 228176 44 228737 44 229298 44 229859 44 230420 44 230981 44 231542 44 232103 44 232664 44 233226 43 233787 43 234348 44 234909 44 235470 44 236031 44 236592 44 237153 44 237714 44 238275 44 238836 44 239397 44 239958 44 240519 45 241080 45 241641 45 242202 45 242763 45 243324 45 243885 45 244446 45 245007 45 245568 45 246129 45 246690 45 247251 45 247812 45 248373 45 248934 45 249496 44 250057 44 250618 44 251179 44 251740 44 252301 44 252862 44 253423 44 253984 44 254545 44 255106 44 255668 43 256229 43 256790 43 257351 43 257912 43 258473 43 259034 43 259595 43 260157 42 260718 42 261279 42 261840 42 262402 41 262963 41 263524 41 264085 41 264646 41 265208 40 265769 40 266330 40 266891 40 267453 39 268014 40 268575 40 269137 39 269698 39 270259 39 270820 39 271382 38 271943 38 272505 37 273066 37 273627 37 274189 36 274750 36 275312 35 275873 35 276434 35 276996 34 277557 34 278119 33 278680 33 279242 32 279803 32 280364 32 280926 31 281488 30 282049 30 282611 29 283172 29 283734 28 284295 28 284857 26 285419 25 285980 25 286542 24 287104 23 287666 22 288227 22 288789 21 289351 19 289913 18 290475 17 291038 14 291601 12 292163 9 292728 3
american_bulldog_78,74 68 406 74 738 79 1070 81 1401 86 1732 89 2063 93 2395 95 2726 98 3058 99 3390 101 3722 103 4054 105 4385 107 4717 109 5049 110 5381 112 5712 115 6043 118 6374 120 6705 123 7036 126 7367 129 7698 132 8029 134 8358 139 8689 141 9019 145 9349 148 9678 153 10004 161 10333 166 10663 170 10993 173 11324 176 11656 178 11989 179 12322 180 12655 182 12988 183 13321 184 13654 185 13987 187 14320 188 14653 190 14986 191 15319 192 15652 194 15985 195 16318 197 16651 199 16984 200 17317 202 17650 204 17983 205 18316 207 18649 210 18982 212 19315 216 19648 225 19981 267 20314 271 20647 273 20980 274 21313 275 21646 277 21979 33 22024 233 22312 27 22362 230 22645 24 22700 226 22978 23 23052 208 23311 22 23388 206 23644 21 23722 206 23977 20 24057 204 24310 19 24391 204 24643 19 24725 203 24976 18 25059 202 25309 18 25392 176 25573 20 25642 17 25725 174 25909 17 25975 17 26057 175 26247 11 26308 16 26389 175 26641 16 26722 176 26974 15 27054 178 27307 15 27386 181 27640 14 27718 185 27973 14 28051 188 28306 14 28382 193 28639 14 28714 196 28972 13 29046 198 29305 13 29377 201 29638 13 29708 205 29971 13 30035 215 30304 13 30364 222 30637 13 30695 224 30970 13 31026 225 31303 13 31357 227 31637 12 31689 227 31971 11 32021 228 32304 11 32352 229 32638 9 32684 230 32971 9 33016 230 33304 9 33348 231 33638 8 33680 231 33971 7 34012 232 34304 7 34344 187 34536 40 34638 5 34677 185 34872 35 34971 5 35009 184 35207 30 35304 4 35341 184 35542 26 35638 3 35674 183 35878 21 36006 184 36214 16 36338 185 36550 11 36671 185 37003 185 37335 186 37667 187 37999 188 38331 189 38663 189 38996 189 39328 190 39660 191 39992 192 40324 193 40657 194 40989 195 41322 196 41654 197 41987 197 42320 198 42652 200 42985 200 43318 201 43651 202 43984 202 44317 203 44649 206 44982 206 45315 207 45648 209 45981 210 46314 211 46647 212 46980 212 47313 213 47646 214 47979 215 48312 216 48645 216 48978 217 49311 218 49644 218 49977 219 50311 218 50644 219 50977 219 51310 220 51643 220 51976 221 52309 221 52642 222 52976 221 53309 222 53642 222 53975 223 54308 223 54641 224 54975 223 55308 224 55641 225 55974 225 56308 225 56641 226 56974 226 57307 227 57641 227 57974 228 58307 229 58641 229 58974 230 59307 231 59641 231 59974 232 60307 234 60641 235 60974 237 61307 239 61641 240 61974 242 62308 243 62641 244 62974 246 63307 247 63641 248 63974 249 64307 250 64640 251 64974 252 65307 253 65640 254 65974 254 66307 255 66640 256 66974 256 67307 256 67640 257 67973 258 68306 258 68639 259 68972 260 69305 260 69638 261 69971 261 70304 262 70637 262 70970 263 71303 263 71636 264 71968 265 72301 265 72633 267 72966 267 73298 269 73631 269 73964 269 74296 271 74629 271 74961 272 75294 272 75627 273 75959 274 76292 274 76625 274 76957 275 77290 276 77623 276 77956 276 78289 276 78622 276 78955 276 79288 276 79621 276 79954 276 80287 276 80620 276 80953 276 81286 276 81619 276 81952 276 82285 276 82618 276 82952 274 83285 274 83618 274 83952 273 84285 273 84618 272 84951 272 85284 271 85618 270 85951 269 86285 268 86618 268 86952 266 87286 73 87365 186 87621 70 87701 182 87955 67 88036 180 88290 64 88371 178 88625 61 88707 174 88963 55 89041 173 89299 51 89376 170 89635 48 89710 169 89970 46 90044 167 90307 42 90378 166 90644 39 90713 163 90979 38 91047 162 91315 35 91381 160 91652 31 91716 158 91987 30 92050 156 92321 29 92385 154 92656 27 92719 152 92991 25 93053 151 93327 22 93388 148 93668 15 93725 31 93772 97 94004 12 94062 22 94108 93 94338 11 94400 11 94447 87 94671 10 94783 83 95005 9 95117 82 95338 10 95452 79 95671 12 95787 77 96004 14 96121 75 96337 15 96455 73 96670 16 96789 71 97003 17 97124 68 97336 18 97458 65 97669 20 97792 62 98002 21 98126 60 98336 21 98460 59 98669 21 98794 57 99002 22 99128 55 99335 23 99462 52 99668 24 99796 50 100002 24 100131 47 100335 25 100465 44 100668 26 100799 42 101002 26 101134 37 101335 27 101468 34 101668 27 101804 27 102002 27 102140 18 102335 28 102669 28 103002 28 103336 28 103670 27 104003 28 104337 28 104670 28 105004 28 105338 27 105671 28 106005 28 106339 27 106672 28 107006 27 107340 27 107673 28 108007 28 108341 27 108674 28 109008 28 109342 27 109675 28 110009 28 110342 28 110676 28 111009 29 111343 28 111676 29 112010 28 112343 29 112676 29 113010 28 113343 29 113676 29 114010 28 114343 29 114676 29 115010 29 115343 29 115676 30 116009 30 116343 30 116676 30 117009 31 117342 31 117675 32 118009 31 118342 32 118675 33 119008 33 119341 34 119675 34 120008 34 120341 35 120674 35 121007 36 121340 36 121674 36 122007 36 122340 37 122673 37 123006 38 123340 37 123673 37 124006 37 124339 38 124672 38 125005 38 125339 37 125672 37 126005 38 126338 38 126671 38 127004 38 127337 38 127671 37 128004 37 128337 37 128670 36 129004 35 129337 35 129670 35 130004 34 130337 33 130671 32 131004 32 131338 31 131671 30 132005 29 132339 27 132673 26 133006 25 133340 24 133674 22 134008 21 134342 18 134676 16 135011 3 135016 7
pug_174,22174 6 22398 10 22620 15 22842 19 23064 24 23287 27 23509 31 23700 2 23731 35 23923 7 23951 41 24133 6 24146 11 24171 47 24353 91 24577 93 24801 95 25025 96 25159 3 25250 97 25384 5 25474 98 25610 5 25699 99 25836 5 25924 99 26062 4 26149 99 26287 5 26374 100 26513 5 26600 99 26739 5 26825 99 26964 5 27050 99 27190 5 27275 99 27415 6 27500 98 27641 6 27726 97 27866 6 27951 97 28092 6 28176 96 28317 7 28402 95 28542 7 28627 95 28767 8 28782 3 28852 95 28992 8 29006 5 29078 94 29218 7 29230 7 29303 94 29443 7 29456 7 29529 93 29668 7 29682 6 29754 92 29894 5 29908 5 29980 91 30119 5 30134 4 30205 91 30345 4 30360 3 30431 90 30570 4 30656 90 30795 5 30882 89 31020 5 31107 89 31245 6 31332 88 31470 6 31557 88 31695 7 31783 87 31919 9 32008 87 32144 10 32234 86 32368 13 32459 86 32593 14 32684 86 32817 17 32910 85 33042 18 33135 85 33267 19 33361 83 33491 20 33586 83 33716 20 33812 82 33941 19 34037 81 34165 19 34262 81 34390 18 34488 79 34615 17 34713 79 34840 16 34938 78 35044 2 35065 16 35164 77 35267 5 35290 14 35389 77 35491 6 35517 11 35614 76 35714 9 35744 8 35839 76 35938 10 36065 74 36162 11 36290 74 36387 11 36515 74 36611 12 36740 75 36836 12 36966 74 37061 12 37191 74 37286 13 37416 74 37511 13 37641 74 37736 13 37866 74 37961 13 38092 73 38186 14 38317 73 38410 15 38542 73 38635 16 38767 73 38860 18 38992 73 39085 23 39217 73 39310 30 39443 72 39535 33 39668 73 39760 35 39893 74 39984 37 40119 73 40209 38 40345 71 40434 40 40570 71 40659 42 40796 69 40883 45 41022 67 41108 48 41247 67 41333 50 41473 65 41558 52 41699 64 41782 54 41924 64 42007 54 42150 62 42231 56 42376 61 42456 56 42602 59 42680 58 42827 58 42905 59 43053 56 43130 59 43279 54 43354 61 43505 53 43579 61 43731 22 43757 25 43803 63 43957 19 43987 20 44028 63 44183 16 44216 12 44252 65 44409 14 44477 66 44635 12 44701 67 44861 9 44925 69 45088 6 45150 69 45374 71 45598 72 45808 4 45822 74 46033 5 46045 76 46258 89 46483 90 46708 91 46933 91 47158 92 47383 93 47608 93 47833 93 48059 92 48284 92 48509 92 48734 92 48959 92 49185 91 49410 91 49635 91 49861 90 50087 89 50312 89 50538 88 50763 88 50989 87 51215 86 51441 85 51667 84 51892 84 52118 83 52344 82 52570 81 52796 80 53022 79 53248 78 53474 77 53700 76 53926 75 54152 74 54378 73 54605 71 54831 68 55058 63 55285 59 55512 55 55739 52 55966 48 56194 43 56422 38 56650 33 56878 28 57105 24 57332 21 57560 16 57787 12 58014 8 60263 5 60486 8 60710 9 60934 10 61158 11 61383 11 61608 10 61834 9 62060 7 62287 3
wheaten_terrier_9,32622 35 33118 51 33615 61 34112 67 34609 72 35106 77 35603 82 35738 14 36101 85 36232 27 36600 88 36728 34 37098 92 37224 41 37597 96 37719 49 38095 102 38213 57 38594 179 39094 181 39593 184 40092 186 40592 188 41091 190 41590 193 42090 194 42589 196 43089 197 43588 199 44088 199 44587 201 45087 202 45586 205 46085 208 46585 210 47084 212 47584 215 48084 217 48410 21 48583 221 48900 39 49083 224 49388 55 49583 227 49881 65 50082 230 50378 70 50582 231 50874 76 51081 233 51372 79 51581 237 51869 85 52081 240 52365 92 52580 245 52863 97 53080 250 53360 102 53579 256 53856 109 54079 262 54352 117 54579 399 55078 406 55578 408 56077 411 56577 412 57076 414 57576 415 58076 416 58575 418 59074 421 59574 422 60074 423 60573 426 61073 427 61572 429 62072 429 62571 430 63071 430 63571 430 64070 431 64570 431 65070 431 65569 432 66069 432 66569 432 67068 433 67568 433 68068 433 68567 434 69067 434 69567 434 70066 435 70566 435 71066 435 71565 436 72065 436 72565 436 73065 436 73564 437 74064 437 74564 437 75064 437 75563 438 76063 438 76563 438 77063 438 77563 438 78063 438 78562 439 79062 439 79562 439 80062 439 80562 439 81061 440 81561 440 82061 440 82561 440 83061 440 83561 440 84060 441 84560 441 85060 441 85560 441 86060 441 86560 441 87059 442 87559 442 88059 442 88559 442 89059 442 89559 442 90059 442 90559 442 91059 442 91559 442 92059 442 92559 442 93059 442 93559 442 94059 442 94559 442 95059 442 95559 442 96059 442 96559 442 97060 441 97560 441 98060 441 98561 440 99061 440 99561 440 100062 439 100562 439 101062 439 101563 438 102063 438 102564 437 103064 437 103565 436 104065 436 104566 435 105066 435 105566 435 106067 434 106567 434 107068 433 107568 433 108069 432 108569 432 109069 432 109569 432 110069 432 110569 432 111070 431 111570 431 112070 431 112570 431 113070 431 113570 431 114070 431 114571 430 115071 430 115571 430 116071 430 116571 430 117071 430 117571 430 118071 430 118571 430 119071 430 119571 430 120071 430 120571 430 121071 430 121571 430 122072 429 122572 429 123072 429 123572 429 124073 428 124573 428 125073 428 125574 427 126074 427 126574 427 127074 427 127575 426 128075 426 128576 425 129077 424 129578 423 130079 422 130580 421 131081 420 131582 419 132083 418 132583 418 133084 417 133586 415 134086 415 134587 414 135089 412 135590 411 136091 80 136180 321 136593 75 136685 316 137095 70 137188 313 137597 66 137692 309 138099 62 138194 307 138601 59 138696 305 139103 56 139199 302 139605 53 139701 300 140107 22 140136 20 140203 298 140609 19 140705 296 141111 14 141207 294 141614 9 141709 292 142211 290 142712 289 143214 287 143717 284 144219 282 144721 280 145222 279 145724 277 146226 275 146728 273 147229 272 147732 269 148234 267 148736 265 149238 263 149740 261 150243 258 150744 257 151246 255 151747 254 152249 252 152750 251 153252 249 153753 248 154255 246 154756 245 155258 243 155759 242 156261 240 156762 239 157263 238 157764 237 158265 236 158767 234 159268 233 159769 232 160270 231 160771 230 161272 229 161772 229 162272 228 162773 226 163273 225 163774 224 164275 221 164777 215 165277 214 165777 214 166276 215
japanese_chin_140,39457 15 39823 27 40188 39 40560 43 40934 46 41308 49 41682 53 42056 57 42431 59 42805 62 43180 63 43555 64 43929 67 44304 68 44679 69 45053 72 45428 73 45803 76 46178 78 46553 80 46927 83 47302 85 47677 87 48052 89 48427 94 48802 101 49177 107 49553 111 49928 115 50303 119 50678 121 51053 124 51428 128 51803 131 52178 135 52553 137 52929 139 53304 142 53679 144 54054 148 54429 151 54804 154 55179 157 55555 160 55930 162 56305 166 56680 168 57055 171 57430 174 57805 176 58180 178 58555 180 58930 182 59305 183 59680 184 60055 185 60430 186 60805 187 61180 189 61555 190 61930 191 62305 193 62680 194 63055 197 63430 201 63805 204 64180 210 64400 6 64555 227 64930 187 65126 30 65305 186 65503 27 65680 184 65879 21 66056 182 66431 181 66806 180 67181 179 67556 179 67931 178 68306 178 68681 177 69056 177 69431 176 69806 176 70181 175 70556 175 70932 173 71307 173 71682 173 72057 173 72432 173 72808 172 73183 173 73558 173 73933 173 74309 172 74684 172 75060 172 75436 171 75811 171 76187 170 76564 168 76941 167 77318 165 77695 163 78072 161 78449 159 78825 158 79202 156 79578 155 79955 153 80331 152 80708 150 81085 148 81461 147 81838 145 82215 143 82592 141 82969 139 83346 137 83722 136 84097 136 84473 135 84849 134 85224 135 85599 135 85975 134 86350 135 86725 136 87100 136 87475 137 87850 138 88225 138 88600 139 88975 140 89349 142 89724 143 90099 145 90474 147 90848 151 91223 154 91597 159 91972 163 92347 166 92722 174 93096 179 93471 187 93846 194 94220 197 94595 199 94969 200 95344 200 95719 201 96093 201 96468 201 96842 202 97217 165 97402 16 97591 161 97783 10 97966 156 98163 2 98340 154 98715 124 98843 23 99090 118 99222 14 99464 117 99839 115 100214 114 100588 113 100963 112 101338 111 101712 111 102087 110 102462 109 102837 109 103211 109 103586 108 103961 107 104336 106 104711 105 105085 105 105460 103 105835 102 106210 101 106585 100 106960 100 107335 99 107710 98 108085 97 108460 96 108834 96 109209 96 109584 95 109959 94 110334 93 110709 92 111084 92 111459 91 111834 91 112209 90 112584 89 112959 89 113333 90 113708 90 114083 90 114458 90 114833 90 115207 91 115582 92 115957 92 116332 92 116706 94 117081 95 117455 96 117830 97 118205 98 118579 100 118954 101 119328 104 119703 105 120078 106 120452 108 120827 29 120866 71 121201 27 121247 66 121576 24 121628 62 121951 21 122016 50 122325 19 122395 47 122699 19 122776 43 123074 17 123155 40 123448 17 123532 40 123823 17 123910 39 124197 17 124288 37 124571 17 124666 36 124945 17 125045 34 125320 17 125424 32 125694 17 125803 31 126068 18 126190 21 126442 18 126575 5 126587 24 126612 12 126816 19 126963 38 127190 19 127341 35 127564 20 127718 34 127938 21 128097 30 128312 21 128479 23 128686 22 128859 17 129060 23 129246 4 129435 22 129809 23 130183 23 130556 25 130930 26 131304 26 131678 26 132052 27 132425 28 132799 29 133172 30 133545 32 133918 33 134290 36 134662 39 135034 41 135407 43 135780 45 136154 45 136528 46 136902 47 137277 46 137651 47 138025 47 138400 47 138775 46 139150 45 139525 45 139900 43 140275 42 140650 41 141025 39 141401 37 141776 35 142152 33 142527 31 142903 29 143279 26 143654 24 144030 21 144407 18 144784 13 145161 9
Ragdoll_264,5332 7 5349 10 5524 30 5716 34 5909 36 6102 39 6294 43 6487 46 6680 48 6872 51 7065 54 7257 57 7450 59 7643 61 7836 63 8029 65 8222 67 8415 68 8608 70 8801 71 8994 73 9186 75 9378 78 9571 79 9763 81 9955 83 10147 86 10338 89 10530 91 10722 93 10911 99 11105 99 11298 100 11491 102 11685 102 11879 102 12073 103 12266 104 12460 104 12654 104 12848 104 13043 104 13237 104 13432 103 13626 103 13821 102 14015 103 14209 103 14404 102 14598 102 14792 103 14986 103 15180 103 15374 103 15568 103 15762 103 15956 103 16150 103 16344 103 16538 103 16731 104 16925 104 17119 104 17313 104 17507 104 17701 103 17895 103 18089 103 18283 103 18476 103 18670 103 18864 103 19058 103 19252 102 19445 103 19639 102 19833 102 20027 102 20221 101 20415 101 20609 101 20803 100 20997 100 21192 99 21386 99 21580 98 21774 98 21968 98 22162 98 22357 97 22551 96 22745 96 22939 96 23133 96 23327 96 23522 94 23716 94 23910 94 24104 94 24298 93 24493 92 24687 92 24881 91 25075 91 25269 91 25463 91 25657 90 25851 90 26044 91 26238 91 26432 90 26625 91 26818 92 27005 99 27198 99 27391 100 27585 100 27779 100 27973 100 28167 99 28361 99 28555 99 28749 98 28943 98 29137 98 29331 98 29525 97 29719 97 29913 97 30107 97 30300 97 30494 97 30688 97 30882 96 31076 96 31270 95 31464 95 31658 95 31852 94 32046 94 32240 94 32434 94 32628 94 32822 94 33016 93 33211 92 33405 92 33599 92 33793 92 33987 92 34181 91 34375 91 34569 91 34763 91 34957 90 35151 90 35345 90 35539 90 35733 89 35927 89 36122 87 36316 87 36510 87 36704 86 36898 85 37093 83 37287 10 37302 67 37481 9 37497 65 37676 6 37692 63 37870 5 37887 62 38065 3 38082 60 38277 58 38471 58 38666 57 38860 56 39055 54 39249 54 39444 52 39639 50 39834 48 40028 46 40224 43 40419 41 40615 37 40812 32 41009 27 41223 4
Birman_47,3977 8 4306 13 4637 17 4967 22 5297 27 5628 31 5958 34 6290 36 6622 38 6953 40 7286 40 7618 42 7949 44 8280 46 8610 49 8940 52 9269 56 9594 64 9915 76 10243 81 10573 84 10902 88 11232 91 11558 98 11885 104 12210 112 12536 119 12866 122 13196 125 13528 126 13858 129 14188 132 14520 133 14850 136 15182 137 15513 139 15844 141 16176 142 16508 143 16839 145 17171 146 17503 147 17835 148 18167 149 18499 150 18830 152 19162 153 19494 154 19826 155 20158 156 20490 157 20822 158 21154 159 21486 160 21818 161 22151 161 22483 162 22815 163 23147 164 23479 165 23812 165 24144 166 24476 167 24808 168 25140 169 25472 170 25804 171 26136 172 26468 173 26800 174 27132 175 27464 176 27796 177 28128 178 28460 179 28791 181 29123 182 29454 184 29784 187 30115 189 30445 192 30775 195 31105 198 31433 203 31764 205 32095 207 32426 209 32757 211 33088 213 33420 214 33751 216 34082 218 34414 219 34745 221 35077 222 35408 224 35740 225 36071 227 36403 228 36734 230 37065 232 37396 234 37728 235 38059 237 38391 238 38723 239 39055 240 39387 241 39719 242 40051 243 40383 244 40715 245 41047 246 41379 247 41711 248 42043 249 42375 250 42707 251 43039 252 43372 252 43704 253 44036 254 44368 255 44700 256 45032 257 45364 258 45696 259 46028 260 46361 260 46693 261 47025 262 47358 262 47690 263 48022 264 48355 264 48688 264 49020 265 49353 265 49685 266 50018 266 50351 266 50684 266 51016 267 51349 267 51682 267 52015 267 52347 268 52680 268 53013 268 53346 268 53679 268 54011 269 54344 269 54677 269 55010 269 55343 269 55675 270 56008 270 56341 270 56674 270 57007 270 57339 271 57672 271 58005 271 58338 271 58670 272 59003 272 59336 272 59668 273 60001 273 60334 273 60667 273 60999 274 61332 274 61665 274 61998 274 62330 275 62663 275 62996 275 63329 275 63661 276 63994 276 64327 276 64660 276 64993 276 65325 277 65658 277 65991 277 66324 277 66656 278 66989 278 67322 278 67655 278 67988 278 68320 279 68653 279 68986 279 69319 279 69652 279 69984 280 70317 280 70650 280 70983 280 71316 280 71649 280 71982 280 72314 281 72647 281 72980 281 73313 281 73646 281 73979 281 74312 281 74645 281 74978 281 75311 281 75644 281 75977 281 76310 281 76643 281 76976 281 77309 281 77642 281 77975 281 78308 281 78641 281 78974 281 79307 281 79640 281 79973 281 80306 281 80639 281 80972 281 81305 281 81638 281 81971 281 82304 281 82637 281 82970 281 83303 281 83636 281 83969 281 84303 280 84636 280 84969 280 85302 280 85635 280 85968 280 86301 280 86634 280 86967 280 87300 280 87633 280 87967 279 88300 279 88633 279 88966 279 89299 279 89632 279 89966 278 90299 278 90632 278 90965 278 91299 277 91632 277 91965 277 92298 277 92632 276 92965 276 93298 276 93631 276 93964 276 94298 275 94631 275 94964 275 95297 275 95631 274 95964 274 96297 274 96630 274 96964 273 97297 273 97630 273 97963 273 98296 273 98630 272 98963 272 99296 272 99629 272 99962 272 100296 271 100629 271 100962 271 101295 271 101628 271 101961 271 102295 270 102628 270 102961 270 103294 270 103627 270 103960 270 104294 269 104627 269 104960 269 105293 269 105626 269 105959 269 106292 269 106626 268 106959 268 107292 268 107625 268 107958 268 108291 268 108624 268 108957 173 109131 94 109290 168 109467 91 109623 166 109802 89 109956 158 110136 88 110290 151 110470 87 110623 148 110803 87 110956 146 111137 86 111289 144 111471 36 111511 45 111622 143 111804 36 111845 44 111955 142 112137 34 112178 44 112289 140 112471 33 112512 43 112622 138 112804 32 112846 42 112955 35 112997 94 113138 30 113179 42 113288 32 113334 89 113471 30 113512 42 113622 28 113669 85 113804 30 113845 42 113955 25 114004 81 114138 29 114178 42 114288 22 114339 77 114471 29 114511 42 114621 20 114673 73 114805 18 114824 1 114830 3 114844 42 114954 19 115007 69 115138 21 115161 5 115176 43 115288 17 115342 64 115472 27 115509 43 115621 15 115676 60 115805 29 115841 44 115954 14 116011 54 116139 28 116174 44 116287 14 116346 35 116386 6 116472 29 116506 45 116620 13 116682 26 116806 29 116836 1 116838 46 116953 12 117022 15 117140 17 117158 59 117287 10 117475 11 117492 58 117620 9 117809 9 117825 58 117953 8 118144 5 118159 57 118286 7 118493 56 118619 6 118826 55 118952 5 119159 54 119286 2 119494 52 119827 52 120160 51 120494 50 120828 48 121161 45 121496 42 121829 41 122163 39 122497 36 122830 36 123164 34 123498 33 123831 33 124165 31 124499 30 124833 29 125168 26 125502 25 125836 23 126171 21 126513 12 126847 10 127182 7 127517 4
Siamese_93,129458 5 129865 10 130273 13 130681 15 131089 16 131497 18 131905 19 132314 20 132722 23 133131 23 133230 12 133539 25 133621 35 133948 26 134023 46 134356 28 134428 51 134765 30 134830 60 135174 32 135229 73 135582 39 135628 86 135991 137 136400 140 136809 146 137218 157 137626 163 138035 18 138062 141 138443 17 138473 145 138851 16 138882 147 139260 15 139291 150 139668 15 139699 155 140076 15 140108 157 140484 15 140516 165 140892 15 140925 170 141300 15 141333 174 141708 15 141741 180 142116 15 142148 187 142524 15 142556 206 142932 16 142963 214 143339 18 143371 215 143747 19 143778 217 144155 21 144185 218 144563 248 144971 248 145379 248 145787 247 146196 245 146604 241 147012 235 147420 228 147828 225 148236 222 148644 220 149053 217 149461 18 149484 193 149869 16 149895 189 150277 15 150305 186 150685 15 150713 185 151093 14 151122 183 151500 15 151530 182 151908 14 151939 180 152316 14 152347 179 152724 14 152755 178 153132 14 153164 175 153539 15 153572 174 153947 15 153981 171 154355 16 154389 169 154762 17 154798 166 155170 17 155207 162 155577 18 155615 161 155984 20 156023 159 156392 20 156431 157 156799 21 156839 156 157206 22 157246 156 157613 22 157653 156 158021 21 158061 155 158428 21 158468 154 158835 21 158876 153 159243 20 159284 152 159650 20 159691 152 160057 20 160099 151 160465 18 160507 150 160872 18 160915 150 161280 17 161323 149 161687 17 161731 149 162095 16 162139 149 162503 15 162547 149 162911 14 162955 150 163320 12 163364 149 163730 9 163772 150 164140 7 164180 150 164548 6 164588 151 164957 5 164997 151 165366 4 165405 154 165599 11 165774 4 165813 164 166001 18 166183 2 166222 206 166592 1 166630 206 167038 205 167447 202 167855 198 168264 174 168672 164 169081 161 169489 158 169898 156 170307 155 170715 154 171124 152 171533 31 171574 110 171942 28 171985 106 172351 26 172395 104 172760 23 172805 102 173169 21 173216 99 173579 18 173628 95 173989 14 174041 90 174399 11 174456 83 174810 5 174869 78 175281 75 175694 70 176123 49 176535 46 176947 43 177366 33 177788 21 178201 19 178611 26 179021 30 179431 31 179842 30 180252 29 180664 26 181076 22 181494 11
boxer_177,50474 27 50804 34 51134 39 51466 42 51797 45 52128 49 52460 51 52791 55 53122 58 53454 60 53785 64 54117 66 54448 70 54780 73 55112 75 55444 78 55776 80 56108 83 56440 85 56772 88 57103 91 57435 93 57767 96 58099 98 58431 101 58763 103 59092 109 59416 121 59748 123 60080 125 60413 126 60745 128 61077 130 61410 131 61743 131 62075 133 62408 133 62741 134 63074 134 63407 135 63739 137 64072 137 64405 138 64738 138 65071 139 65404 139 65737 140 66070 140 66404 140 66737 140 67070 141 67403 141 67736 142 68069 142 68402 142 68735 143 69068 143 69401 144 69734 144 70067 145 70399 146 70732 147 71064 148 71397 149 71686 12 71729 150 72017 19 72062 151 72348 23 72395 152 72679 28 72727 153 73011 30 73060 154 73342 34 73392 155 73674 36 73725 156 74006 37 74057 157 74337 40 74390 157 74669 42 74722 159 75001 44 75054 160 75333 46 75386 161 75665 216 75997 217 76329 218 76662 218 76994 219 77326 221 77658 222 77990 223 78322 224 78654 224 78986 225 79318 226 79650 227 79982 228 80314 228 80646 229 80977 231 81309 231 81640 233 81972 233 82304 234 82636 234 82968 235 83300 235 83632 236 83964 236 84296 236 84629 236 84961 236 85293 236 85626 236 85958 236 86290 236 86623 236 86955 236 87288 235 87620 235 87953 234 88285 234 88618 233 88950 233 89283 232 89615 232 89947 233 90280 232 90612 232 90945 232 91277 233 91609 233 91942 233 92274 234 92607 234 92939 235 93272 235 93604 236 93936 237 94269 237 94601 239 94934 239 95266 240 95599 240 95931 241 96264 242 96597 242 96929 243 97262 243 97594 245 97927 245 98260 245 98592 247 98925 247 99258 247 99591 248 99923 249 100256 249 100589 249 100922 250 101254 251 101587 251 101920 251 102253 251 102586 251 102919 251 103251 252 103584 252 103917 253 104250 253 104583 253 104916 253 105249 253 105582 253 105915 253 106248 253 106581 253 106914 253 107247 253 107580 253 107913 253 108246 253 108579 253 108912 253 109245 253 109578 253 109911 253 110244 254 110577 254 110911 253 111244 253 111577 253 111910 253 112243 254 112576 254 112909 254 113242 254 113575 254 113908 255 114241 255 114574 255 114907 255 115240 256 115573 256 115906 256 116239 256 116572 257 116905 257 117238 257 117572 257 117905 257 118238 257 118571 258 118904 258 119237 258 119571 258 119904 258 120237 259 120570 259 120903 260 121237 259 121570 260 121903 261 122237 261 122570 261 122903 263 123237 263 123570 264 123904 266 124237 268 124571 269 124904 272 125238 273 125571 275 125905 277 126238 279 126572 281 126905 284 127238 286 127571 288 127904 290 128237 291 128570 293 128903 294 129236 294 129569 295 129902 295 130235 295 130567 296 130900 295 131233 295 131565 295 131898 295 132231 294 132564 293 132897 293 133230 292 133563 291 133896 291 134229 290 134562 290 134895 290 135228 289 135562 288 135895 288 136228 287 136561 287 136895 286 137228 285 137562 284 137896 283 138229 282 138563 281 138897 280 139230 279 139564 278 139898 277 140231 276 140565 275 140899 274 141232 274 141566 273 141900 271 142233 271 142567 270 142900 270 143234 268 143567 268 143901 266 144235 265 144568 264 144902 263 145236 261 145569 260 145903 259 146237 257 146571 256 146904 255 147238 254 147572 253 147905 252 148239 251 148573 250 148906 249 149240 248 149573 248 149907 247 150240 247 150574 245 150907 245 151241 244 151574 244 151908 242 152241 242 152575 241 152908 241 153242 240 153576 239 153909 238 154243 237 154577 236 154910 236 155244 235 155578 234 155912 232 156246 231 156580 230 156914 229 157248 228 157582 226 157916 225 158250 224 158584 223 158918 222 159252 221 159586 220 159921 218 160255 217 160589 215 160923 214 161257 213 161590 213 161924 212 162258 210 162592 209 162925 209 163259 208 163592 207 163926 206 164260 204 164594 203 164927 203 165260 202 165594 201 165927 201 166260 200
american_bulldog_84,49029 10 49397 22 49770 30 50143 37 50517 41 50891 45 51265 49 51639 53 52009 61 52382 66 52755 70 53125 78 53493 88 53861 97 54226 111 54599 116 54972 120 55345 126 55719 129 56093 133 56466 138 56840 142 57215 145 57587 153 57961 158 58333 166 58705 174 59079 179 59453 185 59827 191 60202 197 60418 19 60576 243 60951 247 61326 250 61700 254 62075 257 62450 260 62825 263 63200 265 63574 269 63949 271 64324 273 64699 274 65074 276 65449 278 65823 280 66198 282 66573 283 66948 284 67323 285 67698 286 68073 287 68448 288 68823 289 69198 290 69572 292 69947 293 70322 294 70697 295 71072 296 71447 297 71821 300 72196 301 72572 301 72947 301 73321 303 73697 303 74073 302 74449 302 74825 301 75201 300 75577 300 75953 299 76329 298 76705 298 77081 297 77457 296 77833 295 78209 294 78585 294 78961 293 79337 292 79713 291 80089 289 80465 288 80841 288 81217 287 81593 287 81969 287 82345 287 82721 287 83097 287 83473 286 83849 286 84225 286 84601 286 84977 286 85353 286 85729 286 86105 286 86481 286 86857 286 87233 286 87609 286 87985 286 88361 286 88737 287 89113 287 89489 287 89865 287 90241 287 90617 287 90993 287 91369 286 91745 286 92121 286 92497 286 92873 286 93249 286 93625 286 94001 286 94377 286 94753 286 95129 286 95505 286 95881 286 96257 285 96633 285 97009 285 97385 285 97761 285 98137 284 98513 284 98889 284 99265 284 99641 284 100017 283 100393 283 100769 283 101145 283 101521 283 101897 283 102273 282 102649 282 103025 282 103401 282 103777 282 104153 283 104529 283 104905 283 105281 282 105657 282 106033 282 106409 282 106785 282 107161 282 107537 282 107913 282 108289 282 108665 282 109041 282 109417 282 109793 281 110169 281 110545 281 110921 280 111297 280 111673 279 112049 279 112425 278 112801 277 113177 276 113553 275 113929 273 114305 271 114681 269 115057 267 115433 266 115809 264 116185 263 116561 262 116937 261 117313 259 117689 259 118065 258 118441 258 118817 258 119193 257 119569 257 119945 257 120321 256 120697 256 121073 256 121449 256 121825 255 122201 255 122577 255 122953 254 123329 254 123705 253 124081 253 124457 252 124833 252 125209 252 125585 253 125961 254 126337 255 126713 256 127089 69 127169 177 127465 65 127548 176 127841 62 127928 176 128217 60 128307 181 128499 21 128528 8 128539 10 128593 58 128687 248 128969 57 129066 247 129345 56 129446 218 129666 23 129721 55 129825 213 130048 17 130097 54 130204 208 130430 9 130473 54 130583 204 130849 53 130962 201 131225 52 131341 197 131601 51 131721 192 131977 50 132100 189 132353 49 132479 186 132729 48 132859 182 133105 47 133242 67 133313 104 133481 46 133629 45 133703 89 133857 45 134089 79 134233 43 134472 71 134609 41 134852 67 134985 40 135231 64 135361 39 135610 60 135737 38 135993 53 136113 37 136377 44 136489 35 136760 36 136865 33 137139 32 137242 30 137518 28 137620 26 137896 25 138000 19 138274 23 138653 20 139032 17 139410 14 139789 11 140168 7
scottish_terrier_95,10541 5 10870 9 11201 10 11532 12 11863 13 12194 14 12525 15 12856 15 13187 16 13518 16 13849 17 14180 17 14511 16 14842 16 15174 15 15505 16 15836 16 16167 16 16499 15 16830 15 17162 15 17493 15 17825 15 18156 15 18488 15 18819 15 19151 15 19482 16 19814 15 20146 15 20477 16 20809 16 21140 16 21472 16 21804 16 22135 17 22467 17 22798 18 23130 18 23461 18 23793 19 24124 20 24455 21 24787 21 25118 22 25449 24 25780 25 26111 27 26441 29 26772 31 27102 35 27432 38 27762 41 28092 44 28423 46 28753 49 29084 51 29414 53 29745 55 30075 58 30406 59 30737 61 31068 63 31398 65 31729 67 32060 68 32391 70 32723 70 33054 72 33385 73 33716 75 34048 75 34379 77 34710 78 35041 80 35372 81 35703 83 36034 85 36365 86 36697 87 37027 89 37358 91 37689 92 38020 94 38351 95 38682 97 39013 98 39344 100 39675 101 40006 103 40337 104 40668 106 41000 106 41331 108 41662 109 41993 110 42324 112 42655 113 42987 113 43318 115 43649 116 43981 117 44312 118 44644 118 44975 120 45307 120 45639 120 45971 121 46302 122 46634 123 46966 123 47298 124 47630 125 47962 125 48293 127 48625 127 48957 128 49289 128 49621 128 49953 129 50284 130 50616 131 50948 131 51280 131 51611 132 51943 133 52275 133 52606 134 52938 134 53269 136 53601 136 53933 136 54264 137 54596 137 54928 137 55259 138 55591 138 55923 138 56254 139 56586 139 56918 139 57250 139 57582 139 57913 140 58170 4 58245 140 58500 9 58577 140 58831 13 58909 140 59163 16 59240 141 59495 18 59572 141 59827 19 59904 141 60159 21 60236 140 60491 22 60568 140 60823 24 60899 141 61156 25 61231 141 61488 26 61563 141 61821 27 61894 142 62154 27 62226 141 62486 29 62557 142 62819 29 62889 142 63151 30 63220 143 63484 30 63552 143 63817 30 63883 144 64150 29 64214 145 64482 30 64545 146 64815 30 64877 146 65148 29 65208 147 65480 30 65539 147 65813 30 65870 148 66145 31 66201 149 66478 31 66532 150 66811 31 66863 151 67143 32 67194 152 67476 32 67525 153 67808 33 67856 154 68141 33 68187 155 68473 34 68517 157 68806 35 68848 158 69138 200 69471 199 69803 199 70136 199 70468 199 70801 198 71133 198 71466 197 71798 196 72130 196 72463 195 72795 195 73127 195 73459 195 73792 194 74124 193 74456 177 74635 13 74788 175 74970 10 75120 174 75305 5 75452 173 75783 174 76115 174 76447 174 76779 174 77110 175 77442 175 77774 175 78106 175 78437 177 78769 177 79100 178 79431 179 79763 179 80094 180 80425 181 80756 182 81087 183 81417 185 81748 186 82077 189 82407 190 82737 192 83066 195 83396 197 83726 199 84053 204 84380 209 84691 229 85019 215 85241 11 85350 211 85578 5 85681 209 86013 205 86344 203 86676 199 87008 197 87341 194 87673 192 88006 189 88338 188 88671 186 89005 182 89338 180 89672 177 90006 174 90341 169 90677 164 91011 161 91348 155 91682 151 92018 146 92355 139 92690 134 93028 8 93053 102 93389 96 93723 93 94059 87 94393 84 94727 80 95062 76 95401 6 95410 59 95748 51 96083 47 96417 43 96751 40 97085 36 97418 34 97752 30 98085 28 98418 25 98752 21 99085 18 99419 14 99755 7
Bengal_155,172 31 470 35 766 40 1063 44 1363 43 1663 43 1963 43 2263 43 2562 44 2862 44 3162 44 3462 44 3762 43 4062 43 4362 42 4661 43 4743 2 4961 43 5041 5 5261 43 5340 7 5561 43 5639 9 5861 43 5938 11 6160 44 6237 12 6460 44 6536 14 6760 44 6836 14 7060 44 7135 16 7360 44 7434 17 7659 45 7732 19 7959 46 8031 20 8258 47 8330 21 8557 49 8630 21 8857 49 8929 21 9156 51 9229 21 9455 53 9529 21 9754 55 9829 21 10053 57 10129 20 10352 60 10428 21 10651 63 10728 21 10950 66 11028 22 11185 1 11250 69 11328 22 11484 6 11549 72 11624 1 11627 23 11784 10 11849 102 12084 12 12149 102 12385 13 12448 103 12686 14 12748 103 12986 16 13048 103 13287 17 13347 103 13588 18 13646 104 13888 21 13946 103 14189 22 14245 104 14490 25 14543 105 14791 29 14842 105 15092 32 15139 107 15393 152 15693 151 15994 150 16295 148 16595 147 16896 146 17197 144 17498 143 17798 142 18099 141 18399 141 18700 141 19000 141 19301 140 19602 140 19902 142 20203 142 20503 144 20804 144 21104 145 21405 146 21705 146 22006 145 22306 146 22607 145 22907 145 23208 144 23508 144 23808 144 24109 143 24409 143 24709 144 25009 144 25309 144 25610 143 25910 143 26210 143 26510 143 26810 144 27110 144 27410 144 27710 144 28010 144 28310 145 28610 145 28910 145 29210 145 29511 144 29811 144 30111 145 30411 145 30710 146 31010 146 31310 146 31610 147 31910 147 32210 147 32510 147 32810 148 33110 148 33410 148 33710 148 34011 148 34311 148 34611 148 34911 148 35211 149 35511 149 35811 149 36111 149 36411 150 36711 150 37011 150 37311 150 37612 150 37912 150 38212 150 38512 150 38812 150 39112 151 39412 151 39712 151 40012 151 40312 151 40612 151 40913 150 41213 150 41513 150 41813 151 42113 151 42413 151 42713 151 43013 151 43313 151 43613 151 43912 152 44212 152 44512 152 44812 152 45111 153 45411 153 45710 154 46010 154 46310 154 46609 155 46909 155 47208 156 47507 157 47806 159 48105 160 48404 161 48703 161 49002 162 49301 163 49600 164 49899 165 50198 166 50496 167 50795 168 51094 169 51393 169 51692 169 51991 170 52290 170 52588 171 52888 170 53187 145 53340 17 53486 143 53643 14 53785 142 53945 10 54084 141 54247 7 54383 141 54683 139 54982 139 55281 139 55580 139 55880 137 56179 136 56478 69 56552 61 56777 65 56860 51 57077 61 57163 46 57377 58 57466 41 57676 56 57768 38 57976 52 58070 34 58276 47 58372 30 58576 40 58675 24 58876 34 58977 18 59176 31 59281 9 59476 27 59777 23 60078 17 60381 7
shiba_inu_39,23698 11 24067 13 24436 16 24805 18 25174 20 25543 22 25912 24 26282 25 26651 27 27019 30 27388 31 27757 33 28126 35 28493 38 28862 39 29230 41 29598 43 29967 44 30335 45 30594 13 30703 45 30959 24 31071 45 31324 35 31436 44 31691 46 31798 47 32060 53 32162 51 32429 59 32524 56 32797 69 32885 61 33167 148 33536 148 33906 147 34275 147 34645 147 35015 147 35384 148 35754 148 36124 148 36494 148 36864 148 37233 150 37603 150 37973 150 38342 151 38679 4 38711 152 39049 8 39081 152 39420 14 39449 155 39791 20 39814 160 40162 182 40533 182 40904 181 41275 180 41646 179 42017 179 42388 178 42759 178 43130 177 43501 177 43872 176 44243 176 44614 175 44984 176 45355 176 45726 176 46097 176 46468 176 46839 176 47209 177 47580 177 47951 177 48322 177 48692 178 49063 178 49434 178 49805 179 50175 180 50546 180 50917 180 51288 181 51659 181 52029 182 52400 183 52771 183 53142 183 53513 183 53884 184 54255 184 54626 185 54997 185 55367 186 55738 187 56109 187 56480 187 56851 188 57222 188 57593 188 57964 188 58335 188 58706 188 59076 189 59447 189 59818 189 60189 189 60560 189 60931 189 61302 189 61672 190 62043 189 62414 189 62785 189 63155 189 63526 189 63897 189 64268 189 64638 189 65009 189 65380 188 65750 189 66121 189 66492 189 66863 188 67233 189 67604 189 67975 188 68346 188 68716 189 69087 189 69458 188 69828 189 70199 189 70570 189 70941 188 71311 189 71682 189 72053 188 72423 189 72794 189 73165 189 73535 189 73906 189 74276 190 74647 190 75017 190 75388 190 75758 191 76129 191 76499 192 76870 191 77240 192 77611 192 77852 13 77981 193 78220 18 78351 194 78588 22 78722 194 78956 25 79092 195 79324 28 79463 195 79693 31 79833 196 80062 33 80203 197 80431 34 80574 198 80800 36 80944 199 81169 38 81315 200 81538 39 81685 202 81907 41 82056 202 82276 42 82426 205 82644 45 82797 206 83011 48 83167 262 83538 261 83908 260 84279 258 84649 255 85020 250 85390 248 85761 244 86132 239 86502 237 86873 235 87244 233 87614 232 87985 231 88356 229 88726 229 89097 227 89468 226 89838 226 90209 225 90579 224 90950 223 91321 222 91691 222 92062 221 92432 221 92803 220 93174 219 93544 219 93915 217 94286 216 94657 215 95027 215 95398 213 95769 212 96140 210 96511 209 96881 208 97252 206 97623 203 97994 199 98365 192 98736 186 99106 183 99477 180 99848 178 100219 176 100590 175 100961 173 101332 172 101703 171 102074 170 102445 168 102816 167 103187 166 103558 165 103929 164 104300 163 104671 162 105042 161 105413 161 105784 160 106155 159 106526 159 106897 158 107268 157 107639 157 108010 156 108381 155 108752 155 109123 154 109494 153 109865 152 110236 152 110607 151 110978 150 111350 148 111721 148 112092 147 112463 146 112834 146 113205 145 113576 145 113947 144 114318 144 114690 143 115061 142 115432 142 115803 142 116174 141 116546 140 116917 140 117288 140 117659 140 118031 139 118402 138 118773 138 119145 137 119516 137 119888 136 120259 136 120631 136 121002 136 121374 135 121745 135 122117 135 122489 134 122860 135 123013 4 123232 135 123380 10 123604 135 123747 14 123975 137 124115 17 124347 156 124719 155 125091 154 125463 152 125835 151 126206 150 126578 148 126950 146 127322 144 127694 142 128066 139 128438 137 128811 133 129183 131 129555 129 129927 126 130300 123 130672 121 131044 119 131417 116 131790 113 132163 110 132536 107 132909 104 133282 101 133654 98 134027 95 134400 92 134772 89 135145 85 135517 81 135889 71 136261 64 136633 61 137005 56 137376 53 137748 50 138120 47 138491 45 138863 42 139234 41 139606 38 139977 37 140348 36 140720 34 141091 33 141462 32 141834 31 142205 30 142576 30 142947 30 143318 29 143690 28 144061 28 144432 28 144803 27 145174 27 145545 27 145916 27 146287 27 146658 27 147029 27 147400 27 147771 27 148142 27 148513 27 148884 27 149255 27 149626 28 149997 28 150368 28 150739 28 151110 28 151481 28 151852 28 152224 27 152595 27 152966 27 153337 27 153708 27 154080 26 154451 26 154823 25 155194 25 155566 24 155937 24 156309 23 156680 23 157052 22 157424 20 157796 19 158169 17 158541 16 158913 15 159286 13 159658 11 160030 10 160403 7 160776 3
Russian_Blue_177,4404 2 4684 4 4964 5 5244 6 5525 6 5805 7 6086 7 6366 9 6647 8 6927 9 7208 9 7488 10 7769 10 8049 11 8330 11 8610 12 8891 12 9172 12 9452 13 9733 12 10014 12 10294 13 10575 13 10856 13 11137 13 11418 13 11699 13 11979 13 12260 13 12541 13 12822 13 13103 13 13384 13 13665 13 13946 13 14227 13 14508 13 14789 13 15071 12 15352 12 15633 12 15914 12 16195 12 16475 13 16756 13 17037 13 17318 13 17599 13 17880 13 18161 13 18441 14 18722 14 19003 14 19283 15 19564 15 19845 15 20125 16 20406 16 20686 16 20967 16 21247 17 21528 17 21808 18 22089 18 22369 19 22650 19 22930 21 23210 22 23490 23 23771 23 24051 24 24331 25 24611 26 24891 27 25171 28 25451 29 25731 30 26011 31 26291 32 26571 34 26852 34 27132 35 27412 36 27693 36 27973 37 28254 37 28534 38 28815 38 29095 39 29376 39 29656 40 29937 40 30217 41 30497 42 30778 43 31058 44 31339 44 31619 45 31899 46 32179 47 32459 48 32738 50 33018 51 33185 8 33296 54 33466 16 33570 61 33747 19 33844 69 34028 31 34122 72 34309 40 34399 76 34590 45 34678 78 34872 48 34957 80 35154 52 35235 83 35435 55 35512 88 35717 60 35788 93 35999 163 36281 162 36562 163 36844 162 37126 162 37408 161 37690 160 37972 160 38254 160 38536 159 38818 159 39099 159 39381 159 39662 160 39944 159 40225 160 40506 160 40788 160 41069 161 41350 161 41631 162 41912 163 42193 164 42474 164 42755 165 43036 166 43317 167 43598 168 43879 169 44160 170 44441 172 44722 174 45003 175 45285 178 45566 184 45847 189 46128 191 46409 193 46690 195 46971 197 47252 198 47533 200 47814 201 48095 202 48376 203 48656 205 48937 206 49217 208 49498 209 49778 211 50059 213 50284 15 50339 242 50619 243 50899 244 51180 244 51460 245 51740 246 52020 247 52300 248 52581 248 52861 249 53141 250 53421 50 53482 190 53701 39 53766 187 53982 31 54048 186 54262 25 54331 184 54542 22 54614 182 54823 20 54896 181 55104 18 55178 180 55385 14 55460 179 55666 10 55742 178 55949 5 56024 177 56306 176 56587 176 56869 175 57151 174 57433 173 57714 173 57996 172 58278 171 58559 171 58841 170 59123 169 59404 169 59686 168 59968 167 60249 167 60531 166 60812 166 61094 165 61375 165 61657 164 61938 164 62219 164 62501 163 62782 163 63064 162 63345 162 63627 161 63908 161 64189 161 64471 160 64752 160 65034 159 65315 159 65596 159 65878 158 66159 158 66440 158 66722 157 67003 157 67285 156 67566 156 67848 155 68129 155 68411 154 68692 154 68974 153 69255 153 69537 152 69818 152 70100 151 70381 151 70663 150 70945 149 71226 149 71508 148 71790 147 72072 146 72353 146 72635 145 72917 144 73199 143 73481 142 73763 141 74045 140 74326 140 74608 139 74890 138 75172 137 75454 136 75736 135 76018 134 76299 134 76581 133 76863 132 77144 132 77426 131 77708 130 77989 130 78271 129 78552 129 78834 128 79116 127 79398 126 79679 126 79961 125 80242 125 80524 124 80806 123 81087 123 81369 122 81651 121 81933 120 82215 119 82496 119 82779 117 83061 116 83343 115 83625 114 83907 113 84189 112 84471 111 84753 110 85035 109 85318 107 85600 106 85882 105 86165 103 86447 102 86730 100 87012 99 87294 98 87576 97 87859 95 88140 95 88422 94 88705 92 88987 91 89270 89 89552 88 89836 85 90120 82 90403 80 90686 78 90968 77 91251 75 91534 73 91817 71 92100 69 92383 67 92665 66 92948 64 93231 62 93513 61 93796 59 94078 58 94360 57 94643 55 94925 54 95207 53 95489 52 95772 50 96054 49 96337 46 96619 44 96903 38 97188 31 97472 26 97757 16
Birman_151,239 25 739 25 1238 26 1737 28 2236 30 2734 34 3232 37 3731 39 4229 42 4727 45 5226 47 5724 50 6222 53 6720 56 7217 60 7714 64 8211 68 8708 72 9206 75 9703 79 10201 82 10700 85 11198 88 11696 91 12195 93 12694 96 13193 98 13691 102 14190 104 14689 106 15188 107 15686 109 16185 109 16684 106 17182 81 17268 11 17681 77 18179 77 18678 77 19176 78 19675 78 20173 79 20672 79 21171 79 21670 80 22169 80 22668 81 23167 82 23666 82 24165 83 24664 84 25164 83 25663 84 26162 85 26662 85 27161 86 27660 87 28159 88 28658 89 29157 90 29656 91 30156 91 30655 92 31155 92 31654 93 32154 93 32653 94 33152 94 33652 94 34151 95 34651 95 35151 95 35650 96 36150 96 36650 96 37149 97 37649 97 38149 97 38648 97 39148 97 39648 97 40147 98 40647 98 41146 99 41646 98 42146 98 42646 98 43145 99 43645 99 44145 99 44645 99 45145 99 45644 100 46144 100 46643 101 47143 100 47643 100 48143 101 48642 102 49142 102 49642 102 50142 102 50641 103 51141 103 51641 103 52141 103 52641 103 53141 103 53641 103 54140 104 54640 104 55140 103 55640 103 56140 103 56640 103 57140 103 57640 104 58140 104 58640 104 59140 104 59640 104 60140 104 60639 105 61139 105 61639 104 62139 104 62638 105 63138 105 63638 105 64137 106 64637 106 65137 106 65637 106 66136 107 66636 106 67135 107 67635 107 68134 108 68634 108 69134 108 69633 109 70132 110 70632 110 71132 110 71631 111 72131 111 72630 112 73129 113 73629 113 74129 113 74628 114 75127 114 75627 114 76126 115 76626 115 77125 116 77625 116 78124 117 78623 118 79123 118 79623 118 80122 119 80621 119 81121 119 81620 120 82120 120 82620 119 83119 120 83618 121 84118 121 84618 120 85118 120 85617 121 86117 121 86617 121 87117 121 87616 122 88116 121 88616 121 89116 121 89616 121 90116 121 90616 121 91116 121 91616 121 92116 121 92616 121 93116 121 93616 121 94116 121 94615 122 95115 122 95615 122 96115 121 96615 121 97115 121 97615 121 98115 121 98615 121 99115 120 99615 120 100115 120 100615 120 101115 120 101615 120 102115 120 102615 120 103115 120 103615 120 104115 120 104615 120 105115 120 105615 120 106115 120 106615 120 107115 120 107616 119 108116 119 108616 119 109116 119 109616 119 110115 120 110615 121 111115 121 111615 121 112116 120 112616 120 113116 120 113616 120 114116 120 114616 119 115116 119 115616 119 116116 119 116616 119 117116 118 117616 118 118116 118 118616 118 119117 116 119617 116 120117 116 120617 115 121118 114 121618 114 122118 113 122619 112 123119 112 123619 111 124120 110 124620 110 125120 110 125620 109 126120 109 126620 108 127121 106 127621 105 128122 103 128622 102 129122 101 129623 100 130123 99 130623 98 131124 95 131624 94 132124 93 132625 91 133125 90 133625 89 134125 88 134626 87 135126 86 135626 85 136126 84 136626 83 137126 82 137626 81 138126 80 138627 78 139127 77 139627 75 140127 74 140627 72 141128 68 141628 64 142128 60 142629 55 143130 9 143148 31 143654 20 144161 4
samoyed_6,305 1 307 1 612 2 621 3 625 31 911 84 1235 96 1569 99 1903 102 2237 106 2572 106 2908 105 3244 104 3580 104 3916 103 4254 100 4591 98 4927 98 5264 96 5600 95 5937 94 6273 93 6609 92 6945 91 7281 90 7617 89 7953 88 8289 87 8624 87 8960 86 9296 85 9631 85 9967 84 10302 84 10638 83 10973 83 11309 82 11644 82 11979 82 12315 81 12651 80 12986 80 13322 79 13657 79 13992 79 14328 78 14664 77 15000 76 15336 75 15672 74 16007 74 16344 72 16680 71 17015 71 17350 71 17685 71 18020 71 18355 71 18691 70 19025 71 19360 71 19695 71 20029 72 20364 72 20699 72 21033 73 21367 74 21701 75 22036 75 22370 76 22705 76 23040 76 23375 76 23710 76 24046 75 24381 75 24716 75 25052 74 25387 74 25723 73 26059 72 26394 72 26730 71 27066 70 27400 71 27735 71 28070 71 28405 71 28740 71 29074 72 29409 72 29743 73 30077 74 30412 74 30746 75 31081 75 31416 75 31750 76 32085 76 32420 76 32755 76 33090 76 33425 76 33760 76 34095 76 34430 76 34764 77 35048 34 35098 78 35367 56 35431 80 35690 156 36015 166 36344 172 36674 177 37007 179 37339 182 37672 184 38005 186 38338 188 38671 190 39004 192 39337 194 39670 196 40002 199 40335 201 40668 203 41001 205 41334 207 41667 209 41999 212 42333 213 42666 215 42999 217 43332 219 43665 221 43998 223 44331 225 44664 227 44997 229 45330 231 45663 233 45997 234 46330 236 46664 237 46997 239 47331 240 47664 242 47998 243 48331 245 48665 246 48999 247 49331 250 49665 251 49998 253 50331 255 50665 256 50999 257 51332 259 51666 260 52000 261 52333 263 52667 264 53000 266 53333 268 53664 272 53995 276 54327 279 54658 283 54990 286 55322 289 55654 292 55986 295 56318 298 56649 302 56982 304 57316 305 57648 308 57982 309 58315 311 58647 314 58980 316 59314 317 59648 318 59982 319 60317 319 60652 319 60987 319 61322 319 61658 318 61993 318 62328 318 62663 318 62999 317 63334 317 63669 317 64004 317 64339 317 64675 316 65010 316 65345 316 65680 316 66015 316 66350 316 66685 316 67020 316 67355 316 67690 316 68025 316 68361 315 68696 315 69031 315 69366 315 69701 315 70037 314 70372 314 70707 314 71042 314 71378 313 71713 313 72048 313 72383 313 72718 313 73053 313 73388 313 73723 313 74058 313 74393 313 74728 313 75063 313 75398 313 75733 313 76068 313 76402 314 76737 314 77072 314 77407 314 77741 315 78076 315 78411 315 78745 316 79080 316 79415 316 79749 317 80084 317 80419 317 80754 317 81088 318 81423 318 81758 318 82093 318 82427 319 82762 319 83097 319 83432 319 83767 319 84102 319 84437 319 84772 319 85107 319 85442 319 85777 319 86111 320 86446 320 86781 320 87116 320 87451 320 87786 320 88120 321 88455 321 88790 321 89125 321 89459 322 89794 322 90129 322 90464 322 90798 323 91133 323 91468 323 91803 323 92137 324 92472 324 92807 324 93141 325 93476 325 93810 326 94145 326 94479 327 94814 327 95149 327 95484 327 95819 327 96154 327 96489 327 96825 326 97162 324 97499 322 97836 320 98173 318 98511 315 98848 313 99185 311 99522 305 99858 301 100195 297 100532 292 100868 289 101204 285 101540 282 101877 278 102213 275 102549 271 102886 267 103222 264 103559 260 103895 256 104233 251 104572 245 104910 240 105248 234 105585 230 105922 225 106260 219 106598 214 106941 202 107280 196 107618 191 107956 185 108292 181 108629 176 108965 172 109301 169 109637 165 109973 160 110309 156 110645 150 110981 140 111317 131 111653 122 111988 118 112324 113 112660 107 112996 103 113333 98 113669 93 114006 87 114345 78 114687 67 115032 12 115064 7 115073 10
samoyed_184,76994 4 77319 19 77649 26 77978 33 78307 37 78638 39 78969 38 79034 4 79300 35 79367 7 79569 25 79632 35 79702 8 79900 39 79963 37 80036 11 80232 47 80294 39 80370 13 80564 102 80704 16 80897 102 81039 18 81230 103 81373 20 81562 105 81708 24 81895 106 82042 29 82228 107 82377 31 82560 110 82711 38 82893 111 83046 42 83226 113 83381 45 83559 114 83717 47 83892 116 84052 48 84225 118 84388 50 84557 121 84724 53 84891 122 85059 54 85224 124 85394 55 85557 126 85729 56 85890 129 86063 58 86223 131 86398 58 86557 132 86733 58 86890 134 87068 57 87223 136 87403 57 87557 138 87738 56 87890 140 88074 55 88223 142 88408 55 88557 143 88743 55 88891 144 89077 55 89224 146 89412 54 89558 147 89746 15 89768 32 89891 149 90081 11 90109 25 90224 151 90415 9 90446 22 90558 152 90749 7 90783 18 90891 153 91083 6 91121 13 91225 154 91416 6 91461 3 91558 155 91750 5 91892 156 92083 5 92225 157 92416 6 92559 158 92749 6 92892 159 93082 7 93226 159 93415 8 93559 161 93748 9 93893 161 94082 9 94226 162 94415 10 94560 163 94749 10 94893 164 95082 11 95227 164 95416 11 95560 164 95749 12 95894 164 96083 12 96227 164 96416 14 96561 163 96750 14 96894 162 97083 16 97228 160 97417 16 97562 159 97750 18 97896 158 98084 18 98230 156 98418 19 98563 157 98751 20 98897 156 99085 20 99231 156 99419 21 99565 155 99752 22 99899 155 100086 22 100233 154 100420 22 100567 154 100753 23 100901 153 101087 22 101235 153 101421 22 101569 153 101754 23 101904 152 102087 24 102238 152 102421 25 102572 153 102754 26 102906 153 103088 27 103240 154 103421 29 103574 155 103754 31 103908 156 104087 34 104242 157 104420 41 104464 19 104576 159 104752 74 104910 160 105085 78 105244 162 105418 79 105578 164 105750 82 105912 253 106246 253 106580 252 106913 250 107247 248 107581 244 107915 241 108249 238 108582 237 108916 235 109250 233 109583 232 109917 230 110251 226 110585 221 110919 218 111254 214 111588 210 111923 207 112258 203 112593 199 112928 197 113263 193 113598 191 113933 188 114269 183 114604 180 114939 177 115275 174 115610 172 115946 169 116282 166 116618 163 116953 161 117289 158 117624 157 117960 153 118295 151 118631 148 118968 141 119305 135 119651 119 119990 111 120326 107 120664 14 120692 72 121033 62 121387 39 121750 3
staffordshire_bull_terrier_21,79317 49 79803 69 80294 81 80786 94 80891 7 81283 116 81781 119 82280 120 82780 119 83279 119 83778 120 84278 118 84777 118 85276 116 85776 114 86275 112 86774 104 87273 92 87773 88 88272 84 88771 81 89271 78 89770 77 90270 76 90769 76 91269 75 91768 75 92268 74 92767 74 93267 73 93766 74 94266 75 94766 75 95266 75 95766 75 96266 76 96766 77 97266 78 97767 78 98267 79 98767 80 99267 80 99766 82 100266 83 100766 83 101266 83 101765 84 102265 85 102765 85 103265 85 103764 86 104264 86 104764 87 105264 87 105764 87 106264 87 106764 87 107263 88 107763 88 108263 88 108763 88 109264 87 109764 88 110264 88 110764 88 111264 88 111764 88 112264 89 112764 89 113264 89 113764 89 114264 89 114764 90 115264 90 115764 91 116264 92 116764 92 117264 94 117764 96 118264 98 118764 104 119264 126 119764 133 120264 136 120765 138 121264 142 121764 143 122264 144 122764 145 123264 146 123763 98 123875 35 124263 85 124379 32 124763 77 124881 31 125263 73 125382 31 125764 68 125883 31 126264 65 126384 31 126764 62 126885 31 127264 60 127385 32 127765 57 127886 32 128265 54 128387 33 128765 52 128888 33 129266 14 129290 24 129389 33 129767 8 129800 9 129890 33 130390 34 130892 32 131393 32 131894 31 132395 31 132896 30 133397 29 133898 28 134400 26 134901 25 135402 24 135904 22 136405 21 136907 19 137408 17 137909 16 138410 14 138910 13 139411 12 139912 9 140412 8 140914 4
american_pit_bull_terrier_15,45730 24 46224 35 46708 57 47191 104 47684 113 48179 118 48676 119 49173 89 49670 86 50168 84 50666 82 51164 81 51661 81 52159 80 52657 80 53155 79 53654 77 54152 76 54650 76 55149 74 55647 75 56146 74 56645 73 57143 74 57642 73 58142 72 58640 72 59140 71 59639 70 60138 71 60638 70 61137 70 61637 70 62136 71 62636 71 63136 71 63635 73 64135 74 64634 75 65134 76 65634 76 66134 77 66633 79 67133 80 67633 80 68133 81 68632 83 69132 84 69632 85 70132 86 70632 87 71131 90 71631 92 72131 94 72631 99 73131 125 73631 129 74130 134 74630 137 75130 139 75630 142 76131 143 76631 145 77131 147 77631 150 78131 152 78631 154 79132 30 79175 112 79632 25 79683 107 80132 21 80188 105 80633 18 80691 69 80764 31 81134 16 81195 59 81273 25 81634 14 81697 55 81778 22 82136 11 82199 51 82283 21 82637 8 82701 48 82787 20 83139 4 83202 46 83290 20 83703 45 83792 21 84204 44 84295 20 84705 42 84798 21 85206 41 85300 22 85707 40 85801 24 86207 39 86303 24 86708 38 86805 24 87208 38 87307 23 87709 37 87809 22 88209 37 88312 19 88710 37 88816 15 89131 3 89146 11 89210 37 89320 11 89629 9 89642 35 89710 37 89824 6 90128 52 90210 37 90628 54 90710 38 91128 56 91210 38 91628 57 91710 38 92128 58 92211 37 92628 59 92711 37 93128 60 93212 25 93242 5 93628 60 93712 21 94129 59 94213 17 94629 59 94715 12 95129 59 95629 59 96129 60 96630 59 97130 59 97630 59 98130 60 98629 62 98732 8 99129 63 99229 16 99629 67 99727 21 100129 69 100225 24 100629 75 100724 25 101129 79 101223 25 101629 82 101720 26 102129 117 102629 115 103129 115 103629 114 104129 114 104305 15 104629 114 104795 26 105129 115 105284 36 105629 116 105775 44 106129 118 106268 48 106629 119 106761 52 107129 121 107255 53 107629 175 108129 169 108629 165 109129 161 109629 158 110129 153 110629 151 111129 148 111629 144 112129 140 112629 135 113129 129 113629 122 114129 119 114629 116 115129 113 115630 110 116130 108 116631 104 117131 101 117632 96 118133 43 118192 32 118635 34 118706 10 119137 24 119641 12
pomeranian_106,89098 2 89428 6 89757 10 90087 12 90417 15 90745 17 91072 20 91401 22 91722 29 92042 40 92372 41 92702 43 93031 46 93360 49 93690 51 94018 55 94349 56 94679 59 95010 61 95341 62 95672 64 96004 65 96335 67 96667 68 96998 70 97330 71 97661 73 97993 74 98324 75 98656 76 98987 78 99319 79 99650 81 99981 83 100313 84 100644 86 100975 89 101305 92 101635 95 101964 99 102295 101 102625 104 102955 108 103285 111 103616 113 103948 114 104279 116 104610 118 104942 119 105274 120 105606 121 105938 122 106270 123 106603 123 106935 124 107268 124 107601 125 107934 125 108267 125 108601 124 108934 124 109268 124 109601 124 109935 124 110269 124 110603 124 110936 125 111270 125 111604 126 111938 129 112272 132 112606 136 112940 135 113273 133 113607 127 113941 121 114275 113 114609 108 114943 106 115277 104 115611 101 115945 100 116280 97 116614 95 116949 93 117284 90 117619 88 117954 86 118290 82 118626 79 118960 78 119296 74 119630 73 119964 72 120299 69 120633 68 120967 66 121301 65 121636 62 121970 60 122305 57 122639 55 122976 50 123312 44 123647 40 123983 33 124319 27 124654 21
Ragdoll_99,45402 15 45731 22 45932 7 46062 26 46248 28 46393 31 46575 36 46724 35 46901 46 47052 43 47222 62 47383 46 47471 5 47554 67 47714 49 47804 7 47885 73 48044 53 48138 10 48216 78 48346 9 48367 64 48473 10 48546 83 48672 93 48807 12 48870 94 48999 100 49141 14 49203 97 49314 119 49476 14 49535 103 49639 128 49810 16 49868 233 50145 17 50201 234 50479 18 50535 234 50814 19 50869 234 51148 21 51203 234 51483 21 51538 233 51817 22 51872 233 52152 21 52206 233 52487 22 52540 233 52821 24 52873 234 53156 24 53208 233 53490 26 53542 233 53825 27 53876 233 54160 27 54210 233 54494 30 54544 233 54829 31 54878 233 55163 32 55212 233 55498 33 55546 233 55832 35 55879 234 56167 37 56211 236 56501 280 56836 279 57171 278 57505 278 57840 277 58174 277 58509 276 58843 276 59177 276 59512 275 59846 275 60181 274 60515 274 60850 273 61184 273 61519 272 61853 272 62187 272 62521 272 62856 271 63190 271 63524 271 63858 271 64192 271 64526 271 64859 272 65193 272 65527 272 65861 272 66195 272 66529 272 66863 272 67197 272 67531 272 67865 272 68199 272 68533 272 68866 273 69200 273 69534 273 69868 273 70201 274 70535 272 70869 271 71203 269 71536 269 71870 268 72204 267 72538 266 72872 265 73206 264 73540 264 73874 263 74208 262 74542 262 74876 261 75209 262 75543 261 75877 261 76211 260 76545 260 76879 259 77213 259 77547 259 77881 258 78215 258 78548 259 78882 258 79216 258 79550 258 79884 258 80218 257 80552 257 80886 257 81219 258 81553 258 81887 258 82221 258 82555 259 82889 259 83223 259 83557 259 83891 259 84225 259 84559 259 84893 259 85227 259 85560 261 85894 261 86228 261 86562 261 86896 261 87230 261 87564 261 87898 261 88232 261 88566 261 88900 261 89234 261 89568 260 89902 260 90236 260 90570 260 90904 259 91238 259 91572 259 91906 259 92240 259 92573 260 92907 260 93241 260 93575 260 93909 260 94243 260 94576 261 94910 261 95244 261 95578 260 95912 260 96246 260 96579 261 96913 261 97247 261 97581 261 97915 261 98249 260 98582 261 98916 261 99250 261 99583 262 99917 262 100250 263 100584 263 100917 265 101250 266 101584 266 101917 268 102250 269 102583 271 102916 273 103249 275 103582 278 103864 3 103915 280 104197 5 104248 289 104582 290 104915 292 105248 293 105581 294 105914 295 106247 297 106580 298 106914 298 107247 299 107580 300 107914 300 108247 302 108581 302 108915 302 109249 302 109584 301 109919 300 110255 298 110617 271 110954 268 111290 266 111625 265 111960 264 112295 263 112629 263 112964 262 113299 261 113633 261 113968 260 114302 260 114637 259 114971 259 115306 258 115640 258 115975 257 116309 257 116644 256 116978 256 117313 255 117647 255 117982 254 118316 253 118651 252 118985 252 119320 251 119655 250 119989 250 120324 249 120658 249 120993 248 121327 248 121662 247 121997 246 122331 246 122666 246 123000 246 123335 245 123669 245 124004 244 124339 243 124673 243 125008 242 125342 242 125677 241 126011 242 126346 241 126681 240 127015 240 127350 239 127685 238 128019 238 128354 237 128689 236 129023 236 129358 235 129693 234 130027 234 130362 233 130697 232 131032 231 131367 230 131701 230 132036 229 132371 228 132706 227 133041 226 133375 226 133710 225 134045 224 134380 223 134715 222 135050 221 135385 220 135721 218 136056 217 136392 214 136727 213 137063 211 137398 210 137734 208 138071 205 138407 203 138743 201 139080 198 139441 171 139779 167 140116 164 140452 162 140788 160 141124 158 141459 157 141795 155 142131 153 142469 149 142806 146 143142 144 143478 142 143814 140 144150 137 144485 136 144821 133 145156 132 145491 131 145827 129 146163 127 146501 123 146838 120 147174 118 147509 116 147843 116 148178 115 148512 115 148847 114 149181 114 149515 114 149849 114 150183 114 150518 113 150852 113 151186 113 151520 113 151854 113 152188 113 152522 113 152856 113 153190 113 153525 111 153859 111 154193 111 154527 111 154861 111 155195 111 155529 111 155863 111 156197 111 156531 111 156865 111 157199 111 157534 110 157868 110 158202 110 158536 109 158870 109 159204 109 159538 108 159872 108 160206 108 160540 108 160874 107 161208 107 161542 106 161877 105 162211 105 162545 104 162879 103 163213 103 163548 101 163882 100 164216 99 164551 96 164885 93 165220 89 165555 82 165890 77 166225 71 166560 62 166895 51
havanese_65,57383 12 57682 49 58008 58 58333 67 58660 73 58987 80 59313 88 59539 4 59640 94 59867 13 59966 102 60196 19 60294 108 60527 23 60622 115 60857 27 60949 124 61188 30 61277 135 61518 34 61606 147 61849 36 61935 150 62180 39 62263 154 62512 42 62591 158 62843 44 62922 159 63174 46 63238 9 63251 162 63505 49 63569 176 63836 52 63899 178 64168 241 64499 242 64830 243 65161 244 65492 245 65823 246 66155 246 66486 247 66817 248 67148 249 67479 250 67810 251 68141 252 68473 252 68804 253 69135 254 69466 255 69798 255 70129 256 70460 257 70792 257 71123 258 71455 258 71786 259 72117 260 72449 260 72780 260 73112 260 73443 261 73774 262 74106 262 74437 263 74768 264 75099 264 75430 265 75761 266 76092 267 76423 268 76753 270 77068 4 77083 272 77397 290 77728 290 78060 290 78392 290 78723 291 79055 291 79387 290 79718 291 80050 290 80382 290 80713 290 81045 290 81376 290 81708 290 82039 290 82371 290 82703 290 83035 289 83367 289 83700 288 84032 288 84365 287 84698 286 85031 285 85364 284 85697 283 86030 282 86363 281 86697 279 87031 278 87367 274 87705 268 88039 266 88372 265 88705 265 89038 264 89371 263 89703 263 90036 262 90368 263 90701 262 91033 262 91365 262 91698 262 92030 262 92362 262 92695 261 93027 262 93359 263 93692 263 94024 264 94356 265 94689 264 95021 264 95354 263 95686 263 96018 263 96351 262 96684 261 97016 261 97349 260 97682 259 98014 259 98347 258 98680 257 99013 256 99346 255 99680 253 100012 253 100345 252 100679 250 101011 250 101344 78 101426 167 101677 72 101762 163 102010 69 102096 21 102122 135 102343 64 102431 16 102459 130 102676 62 102764 14 102794 127 103009 59 103098 11 103129 124 103342 58 103431 9 103465 120 103675 56 103765 6 103799 118 104008 55 104099 3 104135 114 104341 53 104470 111 104673 52 104804 105 105007 50 105139 95 105340 49 105474 84 105674 48 105810 76 106007 47 106149 61 106341 45 106511 23 106674 44 107008 42 107341 40 107674 39 108008 36 108341 34 108675 31 109008 28 109341 26 109675 23 110008 21 110342 17 110677 11
pomeranian_132,31212 10 31459 15 31706 20 31953 23 32200 27 32447 30 32694 33 32940 37 33187 40 33433 44 33669 58 33913 64 34158 69 34403 74 34650 78 34897 82 35144 87 35392 89 35640 91 35888 93 36136 95 36384 97 36631 100 36880 101 37128 104 37376 108 37625 112 37873 118 38122 124 38371 134 38620 138 38868 142 39117 144 39366 147 39615 152 39864 163 40113 164 40362 165 40611 165 40860 167 41108 170 41357 173 41606 176 41855 178 42104 180 42352 182 42601 183 42850 184 43098 186 43347 188 43595 191 43844 195 44092 200 44341 203 44589 208 44837 214 45053 4 45086 220 45334 221 45583 221 45831 222 46080 221 46328 221 46577 221 46825 221 47074 166 47247 46 47323 165 47497 43 47572 164 47748 39 47821 163 48000 34 48070 162 48255 24 48319 162 48569 161 48818 160 49068 159 49317 158 49567 157 49816 157 50066 155 50315 155 50565 154 50814 154 51063 154 51312 154 51562 153 51811 153 52060 153 52310 152 52559 152 52808 152 53057 153 53306 153 53556 152 53805 153 54054 153 54303 154 54553 153 54803 152 55053 151 55303 150 55554 148 55805 145 56057 142 56307 141 56557 140 56807 139 57057 138 57307 138 57557 137 57806 137 58056 137 58306 136 58555 136 58805 135 59055 135 59304 135 59554 134 59804 133 60054 132 60304 131 60554 130 60804 129 61054 128 61304 127 61554 125 61804 124 62054 122 62305 119 62555 117 62806 114 63056 111 63307 108 63558 105 63809 101 64061 97 64312 94 64564 90 64815 87 65066 84 65317 81 65568 78 65818 77 66069 74 66321 70 66573 66 66825 61 67077 56 67329 49 67582 40 67836 30 68091 5
miniature_pinscher_137,6340 10 6640 14 6939 21 7239 25 7539 27 7839 29 8139 31 8439 32 8739 34 9040 34 9340 36 9640 37 9941 38 10241 39 10541 40 10842 41 11142 43 11443 44 11743 46 12044 47 12345 47 12645 49 12946 49 13247 48 13548 48 13848 48 14149 48 14349 10 14449 48 14645 16 14750 47 14941 21 15051 46 15238 25 15351 47 15535 29 15652 46 15831 34 15952 46 16128 37 16253 46 16425 41 16554 45 16722 44 16855 45 17019 47 17156 44 17316 50 17458 43 17613 53 17759 43 17908 58 18061 42 18203 63 18363 42 18498 68 18665 42 18793 73 18967 44 19090 76 19268 49 19387 79 19570 53 19685 81 19871 55 19982 84 20172 57 20279 87 20473 60 20576 91 20773 66 20873 94 21074 79 21167 100 21374 193 21674 193 21975 192 22275 192 22575 192 22875 192 23175 192 23475 192 23775 192 24075 192 24375 193 24675 193 24975 193 25275 193 25575 193 25875 193 26175 194 26475 194 26775 194 27075 194 27375 195 27674 196 27975 195 28274 196 28574 197 28874 197 29174 197 29474 197 29774 196 30074 196 30374 196 30674 196 30974 195 31274 195 31574 195 31874 194 32174 194 32474 194 32774 193 33073 194 33373 194 33673 194 33973 193 34272 194 34572 194 34871 195 35170 195 35469 196 35766 199 36063 202 36358 207 36655 210 36953 212 37251 213 37550 214 37848 216 38146 217 38444 219 38742 91 38848 114 39041 88 39151 111 39339 87 39452 110 39638 64 39705 16 39753 108 39936 60 40053 108 40235 59 40354 107 40534 58 40654 107 40833 58 40954 107 41132 57 41253 108 41431 57 41553 109 41730 58 41853 110 42030 57 42153 111 42329 57 42452 114 42628 57 42752 117 42928 57 43051 120 43227 57 43351 121 43526 57 43651 121 43826 57 43950 122 44126 56 44250 122 44425 56 44550 122 44725 56 44850 121 45025 55 45149 122 45325 54 45449 122 45624 54 45750 120 45924 53 46050 119 46225 50 46350 118 46525 48 46650 117 46827 7 46835 35 46950 115 47146 18 47250 114 47451 7 47550 112 47850 111 48150 109 48450 108 48750 107 49050 105 49350 104 49649 104 49949 102 50249 101 50549 12 50572 76 50848 10 50877 70 51148 8 51182 63 51448 7 51486 57 51747 7 51790 51 52047 6 52094 45 52346 6 52397 39 52646 6 52699 27 52946 5 53003 19 53246 4 53546 2
Sphynx_114,3965 2 4295 5 4625 8 4956 9 5287 11 5618 12 5949 14 6280 15 6610 18 6940 21 7271 22 7601 25 7931 27 8262 29 8593 31 8924 32 9255 34 9586 35 9917 37 10248 38 10580 38 10911 40 11242 41 11573 42 11905 42 12236 43 12567 44 12898 45 13230 44 13561 45 13892 46 14223 47 14554 48 14885 49 15216 50 15548 50 15879 51 16210 52 16541 53 16872 55 17204 55 17535 56 17866 57 18198 58 18529 59 18860 60 19191 62 19523 62 19854 63 20185 65 20516 66 20848 66 21179 67 21510 68 21841 69 22173 69 22504 71 22835 72 23166 73 23498 75 23829 76 24160 77 24491 78 24823 78 25154 79 25485 80 25817 80 26148 81 26480 81 26811 82 27142 83 27474 83 27805 84 28137 84 28468 85 28799 86 29131 86 29462 87 29794 87 30125 88 30457 88 30788 89 31120 89 31451 90 31782 91 32114 91 32445 92 32777 92 33108 93 33440 93 33771 94 34103 94 34434 95 34766 95 35097 96 35429 96 35760 97 36091 98 36423 98 36754 99 37086 99 37417 100 37749 100 38080 101 38412 101 38743 102 39075 102 39406 103 39738 103 40069 104 40401 104 40732 105 41064 105 41395 106 41727 106 42059 106 42390 107 42722 107 43053 108 43385 108 43716 109 44048 109 44379 110 44711 110 45043 110 45374 111 45706 111 46037 112 46369 112 46701 112 47032 113 47364 113 47502 5 47695 114 47830 29 48027 114 48160 39 48358 115 48491 43 48690 115 48822 48 49021 116 49153 52 49353 116 49484 55 49684 117 49816 58 50016 117 50148 61 50347 118 50479 64 50679 118 50811 67 51011 118 51143 71 51342 119 51475 75 51674 119 51807 80 52005 120 52140 81 52337 120 52472 85 52669 120 52804 89 53000 121 53136 91 53332 121 53469 92 53664 121 53801 95 53995 122 54134 96 54327 122 54466 98 54658 123 54799 100 54990 123 55132 101 55322 123 55465 104 55653 124 55797 107 55985 124 56130 108 56317 124 56463 109 56648 125 56796 110 56980 125 57128 111 57312 125 57461 111 57643 126 57794 110 57975 126 58127 110 58307 126 58460 110 58638 127 58793 109 58970 127 59125 109 59302 127 59458 109 59634 127 59791 108 59965 128 60124 107 60297 128 60457 106 60629 128 60790 106 60960 129 61123 105 61292 129 61455 105 61624 129 61788 105 61955 130 62121 104 62287 130 62454 104 62619 130 62787 103 62951 130 63120 103 63282 131 63453 102 63614 131 63786 102 63946 131 64119 102 64278 131 64452 102 64609 132 64785 102 64941 132 65118 102 65273 132 65451 103 65605 132 65783 105 65937 132 66116 105 66269 132 66449 107 66600 133 66782 108 66932 133 67115 109 67264 133 67448 110 67596 133 67781 110 67927 134 68114 111 68259 134 68447 112 68591 134 68779 114 68923 134 69112 115 69254 135 69445 116 69586 135 69778 116 69918 135 70111 117 70249 136 70444 118 70581 136 70776 119 70912 137 71109 120 71244 137 71442 121 71575 138 71775 121 71907 138 72107 123 72237 140 72440 125 72568 141 72773 268 73106 267 73438 267 73771 266 74104 265 74436 265 74769 264 75101 264 75434 263 75766 263 76099 262 76431 262 76763 262 77096 261 77428 261 77760 261 78092 261 78424 261 78756 261 79088 261 79420 261 79752 261 80084 261 80416 261 80748 261 81080 261 81412 261 81744 261 82076 261 82407 262 82739 262 83071 262 83403 262 83735 262 84067 262 84398 263 84730 263 85062 263 85394 263 85726 263 86057 264 86389 264 86721 264 87053 264 87385 264 87717 264 88049 264 88381 264 88712 265 89044 265 89376 265 89708 265 90040 265 90372 265 90704 265 91036 265 91368 265 91700 265 92032 265 92364 265 92696 265 93028 265 93360 265 93691 266 94023 266 94355 266 94687 266 95019 266 95351 266 95683 266 96015 266 96347 266 96679 266 97011 266 97343 266 97675 266 98007 266 98339 266 98671 266 99002 267 99334 267 99666 267 99998 267 100330 267 100661 268 100993 268 101325 268 101656 269 101988 269 102319 270 102651 270 102982 271 103314 271 103645 272 103976 273 104307 274 104638 275 104969 276 105300 277 105630 279 105961 280 106291 282 106622 283 106953 284 107284 285 107615 286 107946 287 108277 288 108608 289 108939 290 109271 290 109602 291 109933 292 110265 292 110596 293 110927 294 111259 294 111590 295 111922 295 112253 296 112584 297 112916 297 113247 146 113403 142 113579 142 113739 138 113910 142 114073 136 114242 139 114406 135 114573 138 114740 133 114905 136 115074 131 115236 135 115407 130 115568 133 115741 128 115900 92 115997 34 116075 126 116232 13 116248 73 116338 22 116409 124 116564 10 116581 69 116674 16 116742 123 116896 7 116913 68 117010 9 117076 121 117229 3 117245 66 117411 118 117576 66 117745 116 117907 66 118079 114 118239 65 118414 111 118570 65 118748 109 118902 64 119083 106 119234 63 119418 103 119565 63 119753 100 119897 62 120088 97 120229 60 120422 95 120561 59 120757 92 120892 58 121091 90 121224 56 121426 87 121556 54 121761 84 121889 51 122097 80 122222 48 122432 77 122562 38 122768 73 122905 24 123105 65 123243 12 123440 59 123776 51 124112 43 124446 38 124782 29 125117 21 125456 6
beagle_20,12020 5 12410 7 12800 9 13190 11 13580 12 13971 13 14361 15 14752 15 15143 16 15533 18 15924 19 16315 19 16705 21 17096 21 17487 21 17877 23 18268 23 18659 23 19049 25 19440 25 19830 26 20221 27 20612 27 21003 27 21393 29 21784 29 22175 29 22567 28 22958 29 23349 29 23740 29 24131 29 24523 28 24914 28 25305 28 25696 28 26088 27 26479 28 26870 28 27261 28 27653 27 28044 27 28435 27 28826 27 29218 26 29609 26 30000 26 30391 26 30783 25 31174 25 31565 25 31956 25 32348 24 32739 24 33130 24 33521 24 33913 23 34304 23 34695 23 35086 23 35478 22 35869 22 36260 22 36651 22 37043 21 37434 21 37825 21 38216 21 38607 22 38998 22 39389 22 39780 22 40171 22 40562 22 40953 22 41344 22 41735 22 42125 23 42516 23 42907 23 43298 23 43689 23 44079 24 44470 25 44861 25 45251 26 45642 26 46032 27 46423 28 46813 29 47204 29 47594 31 47984 32 48375 33 48765 34 49155 36 49546 36 49936 38 50250 25 50326 40 50638 32 50717 40 51026 39 51107 42 51414 44 51497 44 51803 49 51888 45 52192 55 52278 47 52581 60 52669 48 52971 66 53059 50 53360 74 53449 52 53750 76 53840 54 54139 79 54230 56 54529 80 54621 57 54919 82 55011 59 55308 84 55402 60 55698 85 55792 62 56088 86 56182 64 56477 89 56573 66 56867 90 56963 69 57256 93 57354 71 57584 11 57645 95 57744 77 57971 18 58034 97 58135 81 58360 23 58424 98 58526 83 58748 29 58813 100 58917 83 59138 32 59203 100 59307 85 59527 36 59592 102 59698 85 59917 40 59981 103 60089 85 60306 44 60371 104 60480 85 60696 48 60759 106 60871 85 61086 54 61147 107 61262 85 61476 168 61653 85 61865 168 62044 85 62255 168 62435 86 62644 169 62826 86 63034 170 63217 86 63424 170 63608 86 63813 172 63999 86 64202 174 64390 86 64592 175 64781 86 64982 176 65172 86 65371 178 65563 86 65761 179 65954 86 66151 180 66345 86 66540 182 66736 86 66930 183 67127 86 67319 185 67518 86 67709 186 67909 86 68099 187 68299 86 68488 189 68690 86 68878 191 69081 86 69267 193 69472 86 69657 194 69863 86 70046 196 70254 86 70436 197 70645 86 70825 199 71036 85 71215 201 71427 85 71604 203 71818 85 71993 205 72209 84 72383 207 72600 84 72773 208 72991 84 73163 210 73383 83 73553 211 73774 83 73943 212 74165 82 74333 214 74556 82 74724 214 74947 82 75114 216 75338 82 75505 217 75727 83 75895 219 76117 84 76285 220 76508 84 76676 307 77067 306 77457 307 77848 307 78238 308 78629 307 79020 307 79410 308 79801 308 80191 309 80582 309 80973 308 81363 309 81754 308 82145 308 82535 309 82926 308 83317 308 83708 308 84099 160 84263 143 84489 158 84665 132 84880 157 85060 128 85271 156 85453 126 85662 155 85846 123 86053 155 86238 122 86444 155 86629 122 86835 155 87021 120 87225 156 87413 119 87616 156 87804 119 88007 156 88196 117 88398 156 88587 117 88789 156 88979 115 89180 156 89370 113 89571 156 89762 110 89962 155 90153 109 90352 156 90544 106 90743 156 90936 103 91134 156 91327 102 91525 156 91718 101 91916 156 92110 99 92307 156 92501 98 92698 156 92893 97 93089 156 93284 96 93480 156 93676 95 93872 155 94068 93 94263 155 94460 92 94654 155 94852 90 95045 154 95244 88 95436 154 95636 87 95828 153 96032 81 96219 153 96426 78 96610 153 96819 64 97001 152 97212 64 97393 151 97605 62 97784 151 97996 63 98175 151 98387 63 98567 150 98777 65 98957 150 99167 66 99348 150 99558 67 99739 150 99948 68 100130 150 100338 70 100521 150 100728 71 100912 150 101119 72 101303 150 101510 72 101694 150 101901 73 102085 150 102292 73 102476 151 102683 74 102867 151 103074 74 103258 151 103465 75 103649 151 103856 76 104040 151 104247 76 104431 152 104638 77 104822 152 105029 78 105213 152 105420 79 105604 152 105811 79 105995 152 106201 81 106386 152 106592 82 106778 152 106983 83 107169 152 107373 85 107560 152 107763 87 107951 152 108153 89 108342 152 108543 90 108734 151 108934 92 109125 150 109324 94 109516 150 109713 96 109907 150 110103 54 110164 38 110299 149 110493 54 110556 38 110690 148 110883 55 110949 37 111081 148 111273 56 111341 37 111473 147 111662 58 111733 37 111864 147 112051 60 112125 36 112256 145 112437 65 112517 36 112647 145 112825 68 112909 36 113039 144 113211 73 113301 36 113430 143 113600 75 113693 36 113821 143 113989 77 114085 35 114213 141 114378 79 114476 36 114604 141 114768 80 114868 36 114996 139 115159 80 115260 36 115387 139 115549 81 115652 35 115779 137 115939 82 116044 35 116171 136 116329 82 116435 36 116562 136 116719 83 116827 36 116954 135 117109 84 117219 36 117346 134 117498 85 117611 36 117737 134 117887 87 118003 35 118129 133 118276 88 118394 36 118521 132 118664 90 118786 36 118912 133 119053 91 119178 36 119304 132 119441 94 119570 36 119696 230 119962 36 120087 230 120354 37 120479 229 120746 38 120870 230 121138 40 121262 229 121530 42 121653 230 121922 43 122045 230 122314 43 122436 231 122678 3 122706 42 122828 231 123068 6 123098 42 123220 232 123459 7 123490 41 123611 235 123848 10 123882 41 124004 246 124274 40 124396 246 124666 39 124788 246 125058 38 125181 245 125450 37 125573 244 125842 36 125966 242 126234 36 126358 241 126625 36 126750 240 127017 35 127143 239 127409 34 127535 238 127801 33 127927 238 128192 32 128320 236 128584 30 128713 235 128976 29 129106 233 129367 28 129500 231 129759 27 129893 230 130150 27 130287 228 130542 25 130680 226 130933 25 131073 93 131195 103 131325 23 131466 89 131591 98 131716 23 131858 84 131989 92 132108 22 132251 77 132384 88 132499 22 132644 72 132777 87 132890 21 133036 67 133172 83 133282 20 133428 64 133568 78 133673 19 133821 60 133963 75 134064 18 134213 57 134358 71 134456 16 134605 54 134752 69 134847 15 134998 50 135145 67 135239 13 135390 47 135537 67 135631 12 135783 42 135930 65 136023 10 136175 38 136323 64 136415 7 136568 34 136715 64 136962 27 137108 62 137355 23 137501 61 137748 19 137894 59 138143 13 138287 58 138536 9 138679 58 139072 57 139464 57 139857 56 140249 56 140642 55 140722 6 141035 54 141112 8 141428 53 141502 10 141822 52 141893 10 142216 50 142283 11 142610 50 142672 13 143005 50 143061 15 143400 67 143797 60 144190 58 144584 55 144977 53 145369 52 145762 50 146155 47 146547 46 146939 45 147331 43 147724 41 148116 39 148508 38 148900 37 149292 36 149684 35 150076 34 150468 32 150860 31 151252 30 151643 29 152035 28 152427 27 152819 26 153211 26 153602 26 153994 25 154386 24 154777 23 155169 22 155561 20 155952 20 156344 19 156736 18 157128 17 157520 16 157913 14 158305 12 158697 10 159091 3
english_cocker_spaniel_87,22937 4 23421 26 23912 38 24409 44 24907 48 25405 51 25904 54 26402 58 26901 60 27400 63 27899 65 28398 68 28897 70 29396 73 29895 75 30394 78 30893 81 31392 83 31891 85 32389 88 32887 91 33385 93 33883 96 34379 100 34873 106 35364 115 35857 121 36344 134 36835 143 37325 153 37817 161 38307 171 38800 178 39295 183 39791 187 40288 191 40786 193 41283 197 41780 200 42277 203 42774 206 43271 209 43767 214 44264 217 44760 221 45257 224 45754 228 46251 231 46746 236 47234 248 47717 265 48211 271 48706 276 49202 280 49698 284 50193 289 50689 292 51185 295 51681 299 52178 301 52675 303 53170 308 53647 330 54142 335 54640 336 55138 337 55637 336 56136 334 56635 330 57134 318 57633 304 58132 299 58631 296 59130 293 59629 291 60128 289 60627 287 61126 286 61624 287 62123 287 62622 286 63121 286 63620 286 64119 285 64618 285 65117 284 65616 284 66115 283 66615 282 67114 281 67613 281 68113 279 68612 279 69111 279 69611 278 70110 278 70609 279 71108 280 71607 281 72106 281 72606 282 73105 283 73604 284 74103 285 74602 286 75101 287 75600 289 76099 290 76598 292 77098 293 77597 296 78096 298 78595 300 79095 302 79594 304 80093 307 80593 308 81093 309 81592 311 82092 313 82592 314 83091 316 83591 317 84091 319 84591 320 85090 322 85590 324 86090 325 86590 326 87090 327 87590 328 88090 328 88590 329 89090 330 89590 331 90090 331 90589 333 91089 334 91589 334 92090 334 92590 334 93090 335 93590 336 94090 336 94590 336 95090 336 95590 337 96090 337 96590 337 97090 337 97590 337 98090 337 98590 337 99090 337 99589 338 100089 338 100589 338 101089 338 101589 338 102089 338 102589 338 103089 338 103590 337 104090 336 104590 336 105090 336 105590 336 106090 336 106590 336 107090 335 107590 335 108091 334 108591 334 109091 334 109591 335 110091 335 110591 335 111091 335 111590 336 112090 336 112590 336 113089 337 113589 337 114088 338 114588 338 115087 338 115587 338 116087 337 116599 325 117101 322 117602 321 118103 319 118604 317 119105 316 119606 314 120107 312 120608 310 121108 309 121609 307 122110 305 122611 304 123112 302 123565 8 123613 300 124064 10 124114 299 124563 12 124615 297 125063 12 125115 296 125561 14 125616 295 126060 14 126117 294 126560 13 126618 292 127061 10 127118 292 127619 290 128120 289 128620 288 129121 287 129622 286 130123 285 130624 283 131125 282 131626 280 132127 279 132629 277 133130 276 133632 274 134134 272 134635 270 135137 269 135639 267 136141 265 136644 262 137146 260 137648 259 138151 257 138654 254 139158 251 139663 247 140168 243 140677 235 141184 229 141688 227 142192 224 142695 223 143197 222 143699 221 144201 220 144703 220 145205 219 145707 219 146209 218 146457 13 146711 218 146953 20 147212 219 147450 25 147714 220 147946 30 148215 263 148717 262 149218 262 149719 262 150220 262 150721 262 151221 262 151722 262 152223 261 152724 261 153225 260 153726 259 154227 258 154728 258 155229 257 155731 254 156232 253 156733 252 157235 249 157737 246 158238 244 158740 241 159243 236 159744 233 160246 229 160749 224 161252 218 161756 213 162260 207 162764 200 163268 193 163770 187 164272 183 164775 177 165276 173 165776 171 166277 169 166778 165 167280 161 167780 158 168280 157 168781 150
Maine_Coon_33,10925 2 11204 7 11486 8 11767 10 12049 10 12331 10 12613 10 12896 8 13179 7 13463 2 14835 8 15115 12 15397 14 15678 17 15958 21 16238 25 16516 31 16784 47 17064 50 17346 53 17629 54 17911 56 18194 57 18477 57 18760 58 19042 60 19325 61 19608 62 19891 63 20174 64 20457 65 20739 67 21022 68 21305 70 21588 71 21870 72 22153 73 22436 74 22719 75 23001 76 23284 77 23566 78 23849 79 24132 79 24415 79 24697 80 24980 81 25262 82 25545 82 25828 82 26110 84 26393 84 26676 84 26958 85 27241 86 27524 86 27806 87 27932 5 28089 88 28213 8 28372 88 28494 11 28655 88 28776 12 28938 89 29059 12 29220 90 29341 13 29503 91 29623 14 29786 92 29905 15 30069 92 30188 15 30352 93 30470 16 30635 94 30752 16 30918 96 31033 18 31201 98 31315 19 31484 102 31596 20 31767 132 32050 131 32333 131 32616 130 32899 130 33182 129 33465 129 33748 128 34031 127 34314 127 34597 126 34880 125 35163 125 35446 124 35729 124 36012 123 36295 123 36578 122 36861 122 37144 121 37427 121 37710 120 37993 120 38275 121 38558 120 38841 120 39124 119 39407 119 39690 119 39973 118 40255 119 40538 119 40821 118 41103 119 41386 119 41669 118 41952 118 42234 119 42517 118 42800 118 43082 119 43365 118 43648 118 43931 118 44213 118 44496 118 44779 118 45062 118 45345 117 45628 117 45910 118 46193 118 46476 118 46759 118 47042 117 47325 117 47607 118 47890 118 48173 118 48456 118 48739 118 49022 118 49304 119 49587 119 49870 119 50153 120 50436 120 50718 121 51001 121 51284 121 51567 121 51850 121 52133 121 52416 121 52698 123 52981 123 53264 123 53547 123 53830 123 54113 124 54396 124 54679 124 54962 125 55245 125 55528 125 55811 125 56094 126 56377 126 56660 126 56943 127 57226 127 57509 127 57792 128 58075 128 58358 128 58641 128 58924 129 59207 129 59491 128 59774 128 60057 129 60340 129 60623 129 60906 129 61189 129 61472 130 61755 130 62038 130 62321 131 62604 131 62887 131 63170 131 63453 131 63736 132 64019 132 64302 132 64585 132 64868 132 65150 133 65433 133 65716 134 65999 134 66282 134 66565 134 66848 134 67131 134 67414 134 67697 135 67980 135 68263 135 68545 136 68828 136 69111 136 69394 136 69677 136 69960 136 70243 137 70526 137 70809 137 71092 137 71376 136 71659 136 71942 136 72225 136 72508 136 72791 136 73074 137 73357 137 73640 137 73923 137 74207 137 74490 137 74773 137 75056 138 75339 138 75623 137 75906 137 76189 137 76473 137 76756 137 77039 137 77322 137 77606 137 77889 137 78173 136 78456 136 78739 136 79023 135 79306 135 79589 135 79873 134 80156 134 80439 134 80722 134 81006 133 81289 133 81572 133 81855 132 82139 131 82422 131 82705 131 82988 131 83271 131 83555 129 83838 129 84121 129 84404 129 84687 129 84970 129 85253 128 85536 128 85819 128 86101 128 86384 128 86667 127 86950 127 87233 127 87516 126 87798 127 88081 126 88364 126 88647 126 88930 125 89213 125 89495 126 89778 126 90061 126 90344 126 90626 127 90909 127 91192 128 91474 129 91757 129 92040 130 92322 131 92605 132 92887 133 93170 134 93452 136 93735 137 94017 139 94299 141 94582 143 94866 144 95149 146 95434 147 95718 148 96002 149 96286 149 96569 150 96853 150 97136 151 97420 151 97704 151 97987 152 98271 152 98555 151 98838 152 99122 152 99406 151 99690 151 99974 150 100258 150 100543 149 100828 148 101112 147 101396 147 101680 147 101965 146 102249 146 102532 146 102816 146 103100 146 103383 146 103667 146 103951 146 104235 146 104519 146 104802 146 105086 146 105371 145 105655 145 105939 145 106223 145 106507 145 106791 145 107075 144 107358 145 107642 145 107926 144 108210 144 108493 145 108777 144 109061 144 109345 144 109629 143 109913 143 110197 142 110480 143 110764 142 111048 142 111332 142 111616 141 111901 139 112185 139 112469 138 112753 138 113038 136 113324 133 113611 130 113896 128 114182 126 114467 124 114752 122 115039 119 115324 117 115610 114 115895 113 116179 112 116463 111 116747 111 117031 110 117315 109 117598 109 117882 109 118166 108 118450 107 118734 106 119017 106 119301 106 119585 105 119869 104 120153 103 120437 102 120721 102 121005 101 121288 101 121572 100 121856 100 122140 99 122424 98 122707 99 122991 98 123275 97 123559 97 123843 96 124127 96 124411 95 124694 96 124978 95 125262 95 125546 94 125830 94 126114 94 126398 93 126683 92 126966 92 127250 92 127535 90 127818 91 128102 90 128386 89 128670 88 128954 88 129238 87 129522 86 129806 85 130090 84 130374 84 130658 83 130942 82 131226 81 131510 79 131794 78 132078 77 132361 77 132646 74 132930 73 133213 73 133497 72 133781 71 134065 69 134349 68 134633 67 134917 65 135201 64 135486 62 135770 61 136053 60 136337 59 136621 58 136905 56 137188 56 137472 54 137755 54 138039 53 138322 52 138605 52 138889 51 139172 51 139455 51 139739 50 140022 49 140305 49 140589 48 140872 48 141155 48 141438 48
Siamese_106,54553 12 54924 19 55296 24 55669 27 56042 30 56414 35 56787 37 57160 41 57530 47 57902 51 58274 55 58644 62 58956 8 59016 67 59135 28 59321 36 59384 76 59499 43 59694 145 59869 50 60068 151 60239 57 60443 230 60818 231 61193 233 61568 234 61944 234 62319 236 62695 237 63071 237 63448 236 63824 236 64200 236 64577 236 64953 236 65330 235 65707 235 66083 235 66460 234 66837 234 67213 235 67590 234 67967 234 68343 235 68720 234 69097 233 69473 234 69849 234 70225 235 70602 234 70978 234 71354 234 71730 234 72106 234 72481 235 72857 235 73233 235 73609 234 73984 235 74360 235 74735 236 75110 237 75486 236 75861 237 76237 236 76612 237 76987 238 77363 237 77738 238 78113 239 78489 238 78864 239 79239 239 79614 240 79989 241 80364 242 80739 242 81115 242 81490 243 81865 243 82240 244 82615 245 82990 245 83366 245 83741 246 84116 248 84491 249 84867 249 85242 251 85617 253 85992 256 86368 258 86743 258 87118 258 87493 258 87869 257 88244 257 88619 257 88995 256 89370 256 89745 256 90120 256 90496 255 90871 255 91246 255 91621 255 91996 255 92372 254 92747 254 93122 254 93497 254 93872 254 94247 254 94621 255 94996 255 95371 255 95746 255 96121 255 96495 256 96870 256 97245 256 97619 257 97994 257 98369 257 98743 258 99118 258 99492 259 99867 259 100241 260 100616 260 100990 261 101364 262 101739 262 102113 45 102161 215 102488 42 102539 212 102862 40 102916 210 103236 39 103292 209 103611 35 103669 207 103985 31 104044 207 104359 28 104420 206 104734 25 104796 205 105108 24 105174 202 105483 22 105551 200 105857 21 105928 198 106232 18 106305 196 106606 17 106680 196 106981 15 107056 195 107356 13 107432 194 107730 12 107808 193 108105 10 108184 192 108480 8 108559 192 108856 4 108935 191 109310 191 109686 190 110062 189 110437 189 110813 188 111188 188 111563 188 111939 187 112314 187 112689 187 113064 187 113440 186 113815 186 114190 186 114566 185 114941 185 115316 185 115691 185 116067 184 116442 184 116817 184 117192 184 117567 184 117942 184 118318 183 118693 183 119068 183 119443 183 119818 183 120193 183 120568 183 120943 183 121318 183 121693 183 122068 183 122443 183 122818 183 123193 183 123568 183 123943 183 124318 183 124693 183 125068 183 125443 183 125818 183 126193 183 126568 183 126943 183 127318 183 127693 183 128068 183 128443 183 128818 183 129193 183 129568 183 129943 183 130318 183 130693 183 131068 183 131444 182 131819 182 132194 182 132569 182 132944 182 133319 182 133694 182 134070 181 134445 181 134820 181 135195 181 135570 181 135945 181 136320 181 136695 181 137071 180 137446 180 137821 180 138196 180 138571 180 138946 180 139322 179 139697 179 140072 179 140447 179 140822 179 141198 178 141573 178 141948 178 142323 178 142698 178 143073 178 143449 177 143824 177 144199 177 144574 177 144949 177 145324 177 145699 177 146074 177 146448 178 146823 178 147197 179 147570 181 147944 182 148310 191 148683 193 149057 194 149431 195 149805 196 150179 197 150553 198 150928 198 151303 198 151677 199 152052 199 152426 200 152801 200 153176 200 153551 200 153926 200 154301 200 154676 200 155051 200 155426 200 155801 200 156176 200 156552 199 156927 199 157302 199 157678 198 158053 198 158429 197 158804 197 159180 196 159555 196 159931 195 160306 195 160682 194 161057 64 161128 123 161432 62 161505 121 161808 60 161883 118 162183 59 162259 117 162559 57 162637 114 162934 56 163014 112 163310 55 163391 110 163685 54 163769 107 164061 52 164147 104 164436 52 164524 102 164812 50 164902 99 165187 49 165280 96 165562 49 165658 93 165938 47 166037 89 166313 46 166415 86 166689 45 166794 82 167064 44 167179 72 167440 42 167577 46 167815 41 168190 40 168566 38 168941 37 169317 35 169692 34 170068 32 170443 31 170819 29 171195 27 171571 25 171947 23 172323 20 172699 18 173077 14 173456 7
pug_74,61245 4 61745 5 62244 8 62744 9 63244 10 63744 11 64245 11 64745 12 65246 11 65747 11 66219 3 66248 11 66713 12 66749 11 67207 19 67250 10 67701 26 67751 10 68197 31 68252 10 68694 35 68753 10 69190 39 69254 10 69687 43 69755 10 70184 47 70256 11 70681 51 70757 11 71179 53 71258 12 71677 56 71759 13 72173 61 72259 14 72669 65 72761 14 73166 68 73261 15 73660 75 73762 15 74154 81 74263 14 74650 84 74765 13 75147 87 75266 12 75644 89 75767 11 76142 90 76270 8 76640 92 77138 95 77636 98 78135 101 78633 104 79131 108 79630 111 80128 116 80627 119 81126 128 81625 134 82123 140 82622 145 83121 148 83620 152 84118 75 84200 75 84566 4 84616 74 84703 75 85064 7 85114 74 85206 75 85563 10 85611 76 85725 58 86062 12 86108 79 86231 53 86562 13 86604 82 86741 45 87061 16 87098 88 87249 38 87560 26 87587 98 87756 33 88060 125 88261 29 88559 126 88765 26 89059 127 89269 23 89558 128 89774 19 90058 130 90281 12 90558 131 90787 5 91057 133 91557 134 92057 136 92557 138 93056 141 93556 146 94056 149 94556 151 95056 151 95556 151 96055 152 96555 152 97055 152 97555 152 98055 152 98555 152 99055 152 99555 152 100055 152 100555 152 101055 152 101555 152 102055 152 102555 153 103055 153 103555 155 104056 155 104556 156 105056 158 105555 159 106055 160 106555 161 107055 161 107554 161 108054 88 108143 71 108554 88 108643 68 109053 89 109143 64 109553 149 110053 148 110553 148 111053 77 111133 67 111553 75 111637 59 112054 71 112139 55 112554 65 112641 51 113054 61 113142 50 113554 59 113643 48 113702 2 114054 57 114144 46 114199 12 114554 55 114645 41 114698 17 115055 52 115148 29 115198 20 115555 50 115651 16 115699 21 116056 47 116158 6 116199 23 116557 45 116701 23 117060 40 117203 23 117562 37 117705 23 118063 35 118208 22 118563 34 118712 20 119064 32 119214 21 119565 29 119716 21 120067 26 120218 21 120568 24 120721 19 121068 25 121224 17 121568 26 121727 15 122069 25 122231 12 122570 24 122734 10 123071 23 123236 9 123574 19 123737 9 124075 17 124239 7 124576 15 124740 6 125077 13 125577 12 126078 10 126580 6
great_pyrenees_77,15471 3 15809 5 16148 6 16486 8 16825 8 17163 9 17502 10 17841 10 18180 10 18518 12 18857 12 19196 12 19535 12 19874 12 20213 13 20552 13 20891 13 21230 13 21569 13 21908 13 22247 13 22586 13 22925 13 23264 13 23602 14 23941 14 24280 14 24619 14 24958 14 25297 14 25636 14 25974 15 26313 15 26652 15 26991 15 27329 16 27668 16 28007 16 28346 16 28684 17 29023 17 29362 17 29701 16 30039 17 30378 17 30717 17 31056 17 31394 18 31733 18 32072 18 32410 19 32749 19 33087 20 33426 19 33765 19 34103 20 34442 20 34780 21 35119 21 35457 22 35795 22 36134 22 36472 23 36811 23 37149 23 37488 23 37826 24 38164 24 38502 25 38841 25 39179 26 39517 26 39855 27 40194 27 40532 27 40870 28 41208 29 41547 29 41885 30 42224 30 42562 31 42900 32 43238 32 43576 33 43914 34 44252 35 44590 36 44926 38 45262 41 45596 46 45928 53 46264 55 46600 58 46936 61 47272 63 47609 65 47946 68 48283 70 48620 73 48957 76 49294 78 49631 81 49967 84 50304 87 50641 90 50978 93 51315 96 51653 97 51989 101 52327 102 52664 105 53001 108 53339 109 53676 112 54013 114 54350 116 54687 119 55024 121 55361 124 55699 125 56036 128 56374 129 56712 131 57050 133 57238 10 57389 134 57575 14 57727 135 57911 18 58065 138 58246 23 58404 139 58579 30 58742 143 58891 5 58912 37 59081 208 59419 209 59758 209 60097 209 60435 210 60774 210 61112 212 61451 212 61790 212 62128 213 62467 213 62805 214 63143 215 63482 215 63820 215 64158 216 64497 216 64835 217 65173 217 65511 218 65849 219 66187 219 66525 219 66863 220 67201 219 67540 218 67878 218 68216 218 68554 217 68893 216 69231 215 69569 214 69908 213 70246 212 70584 212 70923 211 71261 211 71599 211 71937 211 72275 211 72613 212 72951 212 73289 212 73627 212 73966 211 74304 212 74642 212 74980 212 75318 212 75656 212 75994 213 76333 212 76671 212 77010 212 77348 212 77595 7 77687 211 77931 11 78025 211 78269 14 78364 210 78606 16 78703 209 78944 18 79041 209 79282 19 79380 207 79619 21 79719 206 79957 22 80057 205 80295 23 80396 204 80632 25 80735 203 80969 27 81074 203 81307 28 81412 203 81644 30 81751 203 81980 33 82090 202 82318 34 82429 202 82654 37 82768 202 82991 39 83106 203 83328 41 83445 202 83665 43 83784 202 84003 44 84123 202 84340 46 84462 202 84678 47 84801 202 85016 47 85140 202 85354 48 85479 202 85692 49 85818 202 86030 49 86157 202 86368 50 86496 203 86707 50 86835 204 87044 51 87174 206 87382 52 87513 260 87852 259 88191 259 88530 258 88869 258 89208 257 89548 255 89887 255 90226 254 90565 253 90904 253 91243 252 91583 250 91922 250 92261 249 92600 248 92939 248 93278 247 93617 246 93956 245 94295 245 94634 244 94972 244 95311 244 95650 243 95989 242 96328 242 96667 241 97006 241 97345 240 97684 239 98023 239 98362 239 98701 238 99040 238 99379 237 99718 237 100057 236 100396 236 100736 235 101075 234 101414 233 101753 233 102093 231 102432 231 102772 229 103111 228 103451 227 103790 226 104130 224 104470 222 104810 221 105150 219 105490 217 105830 216 106170 214 106510 212 106851 210 107191 208 107533 204 107875 200 108216 198 108557 195 108898 192 109238 190 109578 188 109919 185 110259 182 110599 179 110939 175 111279 171 111620 162 111960 152 112300 148 112641 143 112981 139 113321 136 113662 132 114003 127 114343 124 114684 120 115025 116 115366 112 115707 109 116050 103 116392 99 116735 94 117078 88 117419 85 117760 82 118102 78 118443 75 118785 70 119129 64 119470 60 119812 55 120155 49 120497 44 120839 39 121185 28
Persian_10,38 36 169 272 538 38 666 280 1038 40 1117 1 1163 298 1538 44 1600 27 1658 307 2038 49 2088 52 2149 319 2538 434 3039 438 3539 440 4040 442 4540 444 5040 445 5541 445 6041 446 6541 447 7042 448 7542 449 8043 449 8543 450 9043 452 9544 452 10044 452 10544 453 11045 453 11545 454 12046 453 12546 453 13046 454 13547 453 14048 452 14549 452 15049 452 15549 452 16049 452 16549 452 17049 452 17550 451 18050 451 18550 451 19050 451 19550 451 20050 451 20549 452 21049 452 21549 452 22049 452 22549 452 23049 452 23548 453 24048 453 24548 453 25047 454 25547 454 26047 454 26546 455 27046 455 27545 456 28044 457 28544 457 29043 458 29543 458 30042 459 30541 460 31040 461 31540 461 32039 462 32538 463 33037 464 33537 464 34036 465 34535 466 35034 467 35534 467 36034 467 36533 468 37033 468 37533 468 38032 469 38532 469 39032 469 39532 469 40031 470 40531 470 41031 470 41530 471 42030 471 42530 471 43029 472 43529 472 44028 473 44528 473 45028 473 45528 473 46028 473 46528 473 47027 474 47527 474 48027 474 48526 475 49026 475 49526 475 50026 475 50526 475 51026 475 51526 475 52026 475 52526 475 53026 475 53526 475 54026 475 54526 475 55026 475 55526 475 56026 475 56526 475 57026 475 57526 475 58026 475 58526 475 59026 475 59526 475 60026 475 60526 475 61025 476 61525 476 62025 476 62525 476 63025 476 63525 476 64025 476 64525 476 65024 477 65524 477 66024 477 66524 477 67024 477 67524 477 68024 477 68524 477 69024 477 69524 477 70023 478 70523 478 71023 478 71522 479 72022 479 72521 480 73020 481 73520 481 74019 482 74519 482 75018 483 75518 483 76017 484 76516 484 77016 484 77515 484 78014 485 78514 484 79013 484 79513 483 80012 484 80512 483 81012 482 81512 481 82012 481 82512 481 83012 481 83512 481 84013 480 84513 480 85014 479 85514 479 86015 477 86515 477 87015 477 87516 476 88016 476 88516 475 89017 474 89517 474 90017 473 90517 473 91017 473 91517 473 92018 471 92518 471 93018 471 93518 471 94018 470 94518 470 95018 469 95518 469 96018 469 96519 467 97019 467 97519 466 98019 466 98520 464 99020 464 99520 464 100020 464 100520 464 101020 464 101520 464 102020 464 102520 464 103020 464 103520 464 104020 464 104520 464 105020 464 105520 463 106020 463 106520 463 107021 462 107521 462 108021 462 108521 462 109021 462 109521 462 110021 462 110522 461 111022 461 111522 461 112022 461 112522 461 113022 461 113522 461 114023 461 114523 461 115023 461 115523 461 116023 461 116523 461 117023 461 117523 462 118023 462 118523 462 119023 462 119523 462 120023 462 120523 462 121024 462 121524 462 122024 463 122524 463 123024 463 123524 463 124024 463 124524 463 125024 464 125524 464 126024 464 126524 464 127024 464 127524 464 128024 464 128525 462 129025 462 129525 462 130026 461 130526 461 131026 461 131526 461 132026 461 132526 461 133026 462 133526 462 134026 462 134526 462 135026 463 135526 463 136026 463 136526 463 137026 464 137527 463 138027 463 138527 463 139028 462 139528 462 140029 461 140529 461 141029 462 141530 461 142030 462 142530 462 143031 462 143531 462 144031 463 144532 463 145032 464 145532 464 146033 463 146533 463 147033 463 147534 463 148034 463 148534 463 149034 463 149534 463 150034 463 150534 463 151034 463 151534 463 152034 463 152534 463 153034 463 153534 463 154034 463 154534 463 155034 463 155534 463 156034 463 156534 463 157033 464 157533 464 158033 464 158533 464 159032 465 159532 465 160032 465 160532 465 161032 465 161532 466 162031 467 162531 467 163031 467 163531 467 164031 467 164530 468 165030 468 165530 468 166029 469 166529 469 167029 468 167528 469 168028 469 168527 470 169027 470 169527 470 170026 46 170081 416 170526 43 170584 412 171026 39 171086 410 171525 37 171587 409 172025 34 172088 408 172525 32 172589 407 173024 31 173089 407 173524 28 173591 405 174024 26 174092 404 174524 23 174592 403 175024 21 175093 401 175524 18 175594 399 176025 14 176095 397 176527 8 176595 395 177097 392 177598 389 178098 385 178599 383 179100 381 179601 379 180101 378 180602 376 181103 375 181604 373 182104 372 182605 370 183106 369 183607 367 184108 366 184609 363 185110 360 185613 356 186116 351 186616 350 187113 352
miniature_pinscher_10,44321 7 44695 13 45069 19 45444 22 45818 28 46193 32 46568 35 46943 39 47318 43 47693 46 48068 50 48443 53 48818 57 49193 60 49569 61 49944 64 50319 66 50695 67 51070 69 51445 71 51821 71 52196 73 52571 74 52947 75 53323 75 53698 77 54074 78 54449 79 54825 80 55200 82 55576 84 55951 87 56327 91 56703 93 57078 97 57454 99 57829 101 58205 101 58581 101 58956 102 59332 102 59708 102 60083 102 60459 102 60835 101 61210 102 61586 101 61962 101 62338 100 62713 101 63089 100 63465 100 63841 99 64216 100 64592 99 64968 98 65344 98 65720 97 66096 97 66472 96 66848 96 67224 95 67600 95 67976 94 68352 94 68728 93 69105 92 69481 92 69857 92 70233 92 70370 6 70609 92 70739 18 70986 92 71110 25 71362 93 71483 29 71738 94 71855 34 72114 96 72228 39 72490 97 72601 43 72867 100 72974 47 73243 155 73620 155 73996 156 74373 156 74749 157 75126 157 75502 158 75878 158 76254 159 76630 159 77006 159 77381 161 77756 162 78132 162 78507 163 78883 162 79258 163 79633 164 80009 163 80384 164 80759 165 81134 165 81509 166 81884 166 82259 167 82633 168 83008 169 83383 169 83758 170 84133 170 84508 170 84882 172 85257 172 85632 173 86006 175 86381 175 86756 176 87131 178 87505 182 87738 6 87880 188 88109 12 88255 191 88480 16 88630 195 88850 22 89004 206 89217 30 89379 244 89754 244 90129 245 90504 245 90879 246 91253 247 91628 247 92003 247 92378 247 92753 247 93128 247 93503 247 93878 247 94253 248 94628 248 95003 248 95378 248 95753 248 96128 248 96503 248 96878 248 97253 248 97628 248 98003 248 98378 248 98753 248 99128 248 99503 248 99878 248 100253 248 100628 248 101003 248 101378 248 101754 247 102129 247 102504 247 102879 247 103254 247 103629 247 104004 247 104379 247 104754 247 105129 247 105505 246 105880 246 106255 246 106630 246 107005 246 107381 245 107756 245 108131 245 108506 245 108882 244 109257 244 109632 244 110008 243 110383 243 110758 243 111134 242 111509 242 111885 241 112260 241 112635 241 113011 240 113386 240 113761 240 114137 239 114512 239 114887 239 115262 239 115638 238 116013 238 116388 238 116764 237 117139 237 117514 237 117890 236 118265 236 118640 236 119016 235 119391 235 119767 234 120142 234 120517 234 120893 233 121268 233 121644 232 122019 232 122394 232 122770 231 123145 231 123520 231 123895 231 124271 230 124646 230 125021 109 125143 107 125396 104 125525 100 125771 101 125927 73 126147 96 126321 5 126342 32 126522 94 126723 25 126896 93 127115 7 127271 91 127646 89 128021 86 128396 84 128770 83 129145 81 129519 80 129894 78 130268 77 130643 75 131017 75 131392 73 131766 73 132140 73 132515 71 132889 71 133263 72 133637 72 134011 33 134052 31 134385 31 134431 26 134759 30 134810 22 135133 30 135188 18 135507 30 135565 15 135881 29 135943 11 136255 29 136321 7 136629 29 136700 1 137003 29 137377 29 137751 30 138125 30 138499 30 138873 30 139247 30 139621 30 139996 29 140369 30 140743 30 141117 30 141491 30 141865 30 142239 30 142613 30 142988 29 143362 30 143736 30 144110 31 144484 32 144859 32 145233 32 145608 32 145982 32 146357 32 146731 33 147105 33 147480 33 147854 34 148229 33 148603 34 148978 33 149352 34 149727 33 150102 32 150476 32 150851 31 151226 30 151600 30 151975 29 152350 28 152724 28 153099 28 153474 27 153849 27 154223 27 154598 27 154973 26 155347 26 155722 26 156097 26 156471 26 156846 26 157221 25 157596 24 157970 24 158345 24 158720 23 159095 22 159470 21 159845 19 160220 18 160595 17 160970 16 161345 15 161720 14 162095 12 162470 11 162845 10 163220 9 163595 8 163971 6 164346 4
keeshond_90,34699 9 35055 26 35418 33 35781 42 36144 48 36503 58 36849 82 37208 92 37571 99 37932 108 38296 113 38639 140 39004 144 39370 147 39735 151 40101 154 40467 157 40832 160 41198 162 41563 165 41929 167 42294 171 42660 173 43026 175 43392 178 43758 183 44124 191 44490 195 44857 196 45223 195 45589 194 45956 188 46322 185 46689 183 47055 182 47422 180 47788 180 48155 178 48522 178 48888 178 49255 177 49622 177 49989 176 50355 177 50722 176 51088 177 51455 177 51822 176 52188 177 52555 177 52922 177 53288 178 53655 177 54022 177 54389 177 54756 177 55123 177 55489 178 55856 178 56223 178 56590 178 56957 178 57325 177 57692 177 58059 176 58426 176 58793 176 59160 176 59527 176 59895 176 60262 176 60629 176 60996 177 61364 176 61731 177 62098 179 62466 182 62833 189 63200 192 63568 194 63935 195 64302 199 64670 199 65037 201 65404 200 65772 177 66139 173 66507 169 66874 168 67242 166 67610 165 67978 163 68346 162 68715 160 69085 157 69454 155 69823 153 70191 152 70560 150 70928 149 71296 148 71663 149 72031 148 72398 148 72766 148 73134 147 73501 148 73869 147 74236 148 74603 148 74971 148 75338 148 75705 149 76072 150 76439 150 76807 150 77174 151 77541 152 77908 152 78275 153 78642 154 79008 156 79375 157 79742 158 80108 160 80475 161 80841 163 81208 164 81574 166 81941 167 82307 169 82673 172 83040 173 83406 176 83772 179 84138 182 84505 183 84871 186 85237 188 85604 189 85970 192 86337 194 86703 197 87069 202 87435 205 87801 208 88168 210 88534 214 88900 218 89266 225 89631 233 89997 235 90363 237 90729 238 91095 207 91311 2 91318 15 91461 202 91690 6 91827 198 92193 196 92560 193 92926 193 93293 191 93659 190 94026 189 94393 188 94760 187 95126 187 95493 187 95860 186 96227 186 96594 185 96961 185 97327 186 97694 185 98061 185 98427 186 98794 186 99161 186 99528 186 99894 187 100261 187 100628 187 100995 187 101361 188 101728 188 102095 189 102462 189 102829 189 103196 190 103563 190 103929 192 104297 192 104664 192 105031 194 105398 197 105765 200 106133 198 106500 196 106867 177 107235 174 107602 173 107969 172 108337 171 108705 169 109073 168 109441 166 109809 165 110179 161 110548 159 110916 157 111284 156 111652 154 112020 152 112388 150 112756 148 113123 147 113491 144 113858 142 114226 139 114593 137 114961 134 115328 132 115696 129 116064 127 116431 124 116798 123 117165 121 117533 118 117900 117 118267 115 118635 112 119002 111 119370 108 119737 106 120105 103 120473 100 120841 98 121209 95 121578 91 121946 88 122316 83 122685 78 123054 73 123424 65 123793 58 124162 49 124533 34 124904 26 125278 13
Birman_85,175 135 508 136 841 136 1173 138 1506 139 1838 140 2171 141 2504 141 2836 142 3169 143 3502 143 3834 144 4167 144 4500 145 4832 146 5165 146 5498 146 5830 147 6163 147 6496 147 6829 148 7162 148 7494 149 7827 149 8160 149 8493 149 8826 149 9159 149 9492 149 9825 149 10158 149 10490 150 10823 150 11156 150 11489 150 11822 150 12155 150 12488 150 12821 150 13154 150 13487 150 13820 150 14153 150 14486 150 14819 150 15151 151 15484 151 15817 151 16150 151 16483 151 16816 151 17149 151 17482 151 17815 151 18148 151 18481 151 18814 151 19146 152 19479 152 19812 151 20145 151 20478 151 20811 151 21144 151 21476 152 21809 152 22142 152 22475 152 22808 152 23140 152 23473 152 23806 152 24139 152 24472 152 24804 153 25137 153 25470 153 25803 153 26136 153 26469 153 26801 154 27134 154 27467 153 27800 153 28133 153 28466 153 28799 153 29132 153 29465 153 29798 153 30131 153 30464 153 30797 153 31130 153 31463 153 31795 154 32128 154 32461 154 32794 154 33127 154 33460 154 33793 154 34126 154 34459 153 34792 153 35125 153 35458 153 35791 153 36124 153 36457 153 36790 153 37123 153 37456 152 37789 152 38122 152 38455 152 38788 152 39121 152 39454 152 39787 152 40121 150 40454 150 40787 150 41120 150 41453 150 41787 149 42120 149 42453 149 42786 148 43119 148 43452 148 43786 147 44119 147 44452 147 44785 147 45118 147 45451 147 45784 147 46117 147 46450 147 46783 147 47116 147 47449 146 47782 146 48115 146 48448 146 48780 147 49113 147 49446 147 49779 147 50111 148 50444 148 50777 148 51109 149 51442 149 51774 150 52107 150 52439 151 52771 152 53104 152 53436 152 53768 153 54100 154 54431 156 54762 158 55093 160 55424 162 55755 164 56087 165 56418 167 56749 169 57080 171 57411 173 57742 175 58017 4 58074 176 58348 9 58405 178 58680 14 58736 180 59012 19 59068 181 59344 23 59399 183 59676 27 59730 185 60008 30 60062 186 60340 34 60393 188 60673 38 60724 190 61005 242 61337 243 61670 243 62002 244 62335 244 62668 244 63001 244 63333 245 63666 245 63999 245 64333 244 64666 244 64999 244 65332 244 65665 244 65998 244 66331 7 66341 234 66664 6 66675 233 66997 7 67008 233 67330 7 67341 233 67663 8 67674 233 67996 9 68006 234 68328 245 68661 245 68994 245 69327 245 69660 245 69993 246 70326 246 70659 246 70992 246 71325 246 71658 246 71991 246 72324 246 72658 245 72991 245 73324 245 73657 245 73990 245 74323 245 74656 245 74989 245 75322 245 75655 245 75989 244 76322 244 76655 244 76989 243 77322 243 77655 242 77989 241 78322 241 78655 241 78988 241 79321 241 79654 241 79987 241 80320 241 80653 241 80986 240 81319 240 81652 240 81985 240 82318 240 82650 241 82983 241 83316 241 83649 241 83982 241 84315 241 84647 241 84980 241 85313 241 85646 241 85979 241 86311 242 86644 242 86977 242 87310 242 87642 243 87975 243 88308 243 88641 243 88973 244 89306 243 89639 243 89971 244 90304 244 90637 244 90969 245 91302 245 91635 245 91967 246 92300 246 92633 246 92965 247 93298 247 93630 248 93963 248 94295 249 94627 250 94960 250 95292 251 95624 252 95957 252 96289 253 96621 254 96953 255 97285 256 97617 257 97949 259 98281 260 98613 261 98944 263 99276 264 99608 265 99939 267 100271 268 100603 269 100934 271 101266 272 101597 274 101929 275 102261 277 102593 278 102925 279 103257 280 103589 281 103921 282 104254 282 104587 194 104792 77 104920 190 105127 75 105254 185 105462 73 105588 158 105754 11 105797 71 105924 4 105940 136 106132 69 106278 128 106467 67 106615 122 106802 64 106950 118 107137 62 107287 112 107473 59 107622 107 107808 57 107957 103 108142 56 108292 99 108476 55 108626 96 108810 54 108960 93 109144 53 109294 90 109478 52 109628 86 109812 51 109961 84 110145 51 110295 80 110479 49 110629 77 110813 48 110962 75 111146 48 111296 72 111480 47 111630 69 111813 47 111963 66 112147 46 112297 63 112480 46 112631 60 112814 45 112965 57 113147 45 113298 54 113480 44 113632 26 113672 10 113814 43 113966 21 114147 43 114301 16 114480 43 114637 6 114813 43 115147 42 115480 42 115813 42 116146 42 116480 41 116813 41 117146 41 117479 41 117812 41 118146 40 118479 40 118812 41 119145 41 119478 41 119811 41 120144 41 120477 41 120810 41 121143 41 121476 41 121809 41 122142 41 122475 41 122809 40 123141 41 123475 40 123808 40 124141 40 124474 40 124807 40 125140 40 125473 40 125806 39 126139 39 126472 39 126805 39 127138 39 127471 39 127804 39 128137 39 128470 39 128803 39 129136 39 129469 39 129802 39 130135 39 130468 39 130801 39 131134 39 131466 39 131799 39 132132 39 132465 39 132798 39 133131 39 133464 39 133797 39 134130 39 134463 39 134796 39 135128 40 135461 40 135794 40 136127 40 136460 40 136793 40 137126 40 137459 40 137792 40 138125 40 138458 39 138791 39 139124 39 139457 39 139791 38 140124 38 140457 38 140790 38 141123 38 141457 37 141790 37 142123 37 142456 37 142790 36 143123 36 143456 35 143790 34 144123 34 144456 34 144789 34 145123 33 145456 32 145789 32 146122 31 146456 30 146789 29 147122 29 147456 27 147789 26 148123 25 148456 24 148790 22 149123 21 149457 20 149791 18 150125 16 150460 14 150798 7 151135 2
miniature_pinscher_197,6188 2 6430 4 6672 5 6915 5 7157 6 7400 6 7642 7 7885 8 8127 9 8369 10 8612 10 8854 10 9097 10 9339 11 9581 12 9824 12 10066 13 10308 14 10550 15 10792 16 11034 17 11276 17 11517 19 11759 20 12000 22 12240 25 12480 27 12720 30 12961 31 13202 33 13443 34 13684 35 13925 36 14167 36 14409 37 14650 38 14892 38 15134 39 15376 40 15618 40 15861 40 16103 41 16346 41 16588 42 16831 42 17074 42 17316 43 17559 43 17802 43 18045 43 18287 44 18530 44 18773 44 19016 44 19259 45 19502 45 19745 45 19988 46 20231 46 20474 47 20717 47 20960 48 21203 48 21446 49 21689 49 21932 49 22175 50 22418 51 22661 51 22904 52 23147 53 23389 55 23632 56 23875 57 24118 58 24361 58 24604 59 24846 61 25089 62 25332 62 25575 64 25818 65 26060 68 26303 72 26546 78 26788 84 26888 8 27031 116 27274 119 27516 121 27759 123 28001 125 28244 126 28486 127 28728 129 28971 130 29213 131 29456 132 29698 134 29941 134 30183 136 30426 137 30668 138 30911 139 31153 140 31396 141 31639 141 31881 143 32124 143 32367 143 32609 145 32852 145 33095 145 33337 147 33580 147 33823 148 34065 149 34308 150 34551 151 34793 152 35036 153 35279 153 35521 155 35764 155 36007 156 36250 156 36492 158 36735 158 36978 158 37221 158 37463 160 37706 160 37949 160 38192 160 38434 161 38677 161 38920 161 39162 162 39405 162 39648 162 39890 163 40132 164 40375 165 40617 166 40860 166 41102 167 41344 168 41587 169 41829 170 42071 171 42313 173 42556 173 42797 175 43039 176 43282 176 43524 177 43766 178 44009 178 44251 179 44494 179 44737 179 44980 178 45223 178 45465 179 45708 179 45952 178 46195 178 46438 177 46681 177 46925 176 47168 176 47412 175 47656 173 47900 172 48144 170 48388 169 48634 165 48888 154 49133 151 49378 148 49622 146 49867 144 50111 91 50206 47 50356 87 50452 43 50600 84 50700 36 50845 81 50950 27 51091 77 51200 16 51339 72 51586 67 51830 66 52074 64 52318 63 52562 61 52805 61 53049 59 53292 59 53536 58 53779 57 54023 56 54266 55 54509 55 54753 54 54996 53 55239 53 55482 52 55726 51 55969 50 56212 50 56455 49 56699 47 56942 46 57185 46 57428 45 57671 44 57914 42 58157 41 58400 40 58643 38 58886 36 59130 33 59373 31 59616 29 59859 28 60103 25 60347 22 60593 15
newfoundland_99,39229 3 39563 7 39897 9 40231 12 40566 13 40754 13 40901 14 41085 47 41234 17 41416 54 41569 19 41748 60 41903 21 42081 65 42235 25 42415 68 42568 28 42750 72 42836 8 42901 31 43084 102 43234 34 43418 108 43568 36 43752 121 43902 38 44084 130 44236 39 44417 137 44570 41 44752 143 44902 45 45086 196 45420 197 45755 197 46090 196 46426 194 46761 194 47097 193 47432 193 47767 193 48103 192 48438 192 48773 193 49109 192 49444 193 49780 192 50115 192 50450 193 50786 193 51121 193 51456 34 51493 157 51791 33 51831 155 52127 31 52168 154 52462 31 52505 153 52797 30 52842 152 53133 29 53178 152 53468 28 53514 153 53803 28 53851 152 54139 27 54187 152 54474 26 54523 153 54810 25 54859 154 55145 25 55195 157 55481 24 55531 162 55817 23 55867 168 56152 23 56203 171 56488 21 56539 173 56824 20 56875 175 57159 21 57211 177 57495 20 57547 178 57831 19 57883 178 58167 18 58219 179 58502 19 58555 180 58838 18 58890 181 59174 17 59226 182 59510 16 59562 182 59846 15 59898 182 60182 14 60234 182 60518 13 60570 182 60855 10 60906 182 61191 9 61242 182 61527 7 61578 182 61864 5 61914 181 62200 3 62250 181 62585 182 62921 181 63257 180 63593 179 63929 178 64265 177 64601 175 64937 173 65273 171 65609 169 65945 167 66281 165 66617 163 66953 162 67289 161 67626 159 67962 159 68298 159 68634 159 68970 159 69306 159 69642 159 69978 159 70314 160 70651 160 70825 15 70987 161 71157 22 71323 164 71489 27 71659 194 71996 194 72332 194 72668 195 73004 195 73341 195 73677 195 74013 196 74349 196 74686 195 75022 195 75358 195 75695 195 76031 195 76367 195 76703 195 77040 194 77376 194 77712 194 78049 193 78385 193 78721 193 79057 193 79394 192 79730 191 80066 190 80403 186 80739 181 81075 177 81411 175 81748 172 82084 171 82420 170 82756 169 83093 167 83429 166 83765 165 84101 163 84437 161 84773 158 85110 154 85446 153 85782 151 86118 150 86454 149 86790 149 87126 148 87462 148 87798 147 88134 147 88471 146 88807 145 89143 145 89479 145 89815 144 90151 144 90487 144 90823 144 91159 144 91495 144 91831 144 92168 143 92504 142 92840 142 93176 142 93512 143 93848 143 94184 143 94520 143 94856 143 95192 144 95528 144 95864 144 96200 144 96536 145 96872 145 97208 146 97544 147 97880 148 98216 149 98552 150 98889 150 99225 151 99561 152 99897 154 100233 155 100569 156 100906 156 101242 157 101578 158 101914 160 102251 160 102587 161 102923 163 103259 164 103596 165 103932 167 104268 168 104605 169 104941 171 105277 172 105614 173 105950 174 106287 175 106623 177 106960 177 107296 178 107633 179 107970 179 108306 180 108643 180 108980 179 109317 93 109429 66 109654 88 109771 61 109991 84 110112 56 110328 78 110452 52 110666 72 110790 51 111003 67 111129 48 111341 62 111468 45 111678 59 111806 43 112016 55 112146 39 112353 52 112487 34 112690 49 112829 28 113028 45 113176 17 113365 40 113515 14 113703 34 113854 11 114041 24 114192 9 114379 10 114530 5
pomeranian_53,51572 1 51890 26 51931 28 52262 76 52634 83 53007 89 53380 94 53753 99 54126 105 54500 109 54873 114 55246 122 55619 136 55993 147 56366 155 56740 158 57113 162 57486 166 57859 169 58232 172 58605 174 58979 176 59352 179 59726 180 60100 182 60474 183 60848 184 61222 186 61596 187 61971 187 62345 189 62719 190 63094 190 63468 192 63842 193 64217 193 64592 193 64966 195 65341 195 65715 196 66090 196 66464 198 66839 198 67213 199 67588 199 67962 200 68337 201 68712 201 69086 202 69461 202 69835 203 70210 203 70584 205 70959 205 71333 206 71708 206 72082 207 72457 207 72831 209 73206 209 73581 209 73955 210 74330 210 74705 211 75079 212 75454 212 75829 212 76203 213 76578 214 76953 214 77328 214 77703 214 78078 214 78453 215 78828 215 79203 215 79578 215 79953 215 80328 216 80703 216 81078 216 81453 216 81828 216 82203 216 82578 217 82953 217 83328 217 83703 217 84078 217 84453 218 84828 218 85203 218 85578 218 85953 218 86328 219 86703 219 87078 219 87453 219 87828 220 88203 220 88578 220 88953 220 89328 220 89703 220 90078 220 90453 220 90828 221 91203 221 91579 220 91954 220 92329 220 92704 220 93079 220 93454 220 93829 220 94204 220 94579 220 94954 220 95330 219 95705 219 96080 218 96455 218 96830 218 97206 217 97581 217 97956 217 98332 216 98707 216 99083 214 99458 214 99833 214 100209 213 100584 213 100959 213 101335 211 101710 211 102085 211 102461 210 102836 210 103211 209 103587 208 103962 208 104338 207 104713 207 105089 205 105465 204 105840 204 106216 202 106591 202 106967 201 107342 200 107718 198 108093 198 108469 196 108844 196 109220 194 109595 193 109970 192 110346 190 110721 190 111096 189 111471 188 111847 186 112222 185 112597 185 112972 184 113347 183 113723 182 114098 181 114473 181 114848 180 115224 179 115599 178 115974 177 116349 177 116725 175 117100 174 117475 173 117851 171 118226 171 118602 169 118977 168 119353 166 119729 164 120105 162 120481 160 120857 159 121233 157 121609 155 121986 152 122362 150 122739 147 123116 144 123492 143 123869 140 124247 136 124625 132 125005 126 125385 120 125763 115 126141 112 126518 108 126895 105 127273 101 127649 99 128027 95 128405 90 128787 82 129180 61 129575 39 129972 13
Siamese_88,46791 21 47277 51 47769 71 48263 88 48758 100 49254 108 49751 116 50248 123 50745 130 51243 135 51740 142 52237 149 52733 156 53228 164 53720 174 54213 183 54706 193 55199 202 55692 212 56188 219 56683 227 57173 239 57664 251 58156 262 58648 273 59145 279 59640 288 60137 296 60635 301 61132 309 61631 314 62128 321 62626 328 63124 337 63621 358 64118 368 64614 375 65111 381 65609 386 66106 390 66603 393 67101 396 67599 398 68098 399 68597 401 69096 402 69595 403 70095 403 70594 405 71094 405 71594 405 72094 405 72594 405 73094 405 73594 405 74094 405 74595 404 75095 404 75595 405 76095 405 76596 405 77096 405 77597 404 78097 404 78597 404 79098 403 79598 403 80098 403 80599 402 81099 402 81600 401 82100 401 82601 400 83101 400 83601 400 84101 400 84601 400 85102 399 85602 399 86102 399 86603 398 87103 398 87603 398 88103 398 88603 398 89102 399 89602 399 90101 400 90601 400 91101 400 91601 400 92100 401 92600 401 93100 401 93600 401 94099 402 94599 402 95099 402 95599 402 96098 403 96598 403 97098 403 97597 404 98097 404 98597 404 99097 404 99597 404 100097 404 100597 404 101097 404 101597 404 102097 404 102597 404 103097 404 103597 404 104097 404 104597 404 105097 404 105597 404 106097 404 106598 403 107098 403 107598 403 108098 403 108598 403 109098 403 109598 403 110098 403 110598 403 111098 403 111598 403 112098 403 112598 403 113098 403 113597 404 114097 404 114597 404 115097 404 115597 404 116097 404 116597 404 117097 404 117597 404 118097 404 118596 405 119096 405 119596 405 120096 405 120595 406 121095 406 121595 406 122095 406 122595 406 123094 407 123594 407 124094 407 124594 407 125094 407 125594 407 126094 407 126594 407 127094 407 127594 407 128094 407 128594 407 129094 407 129595 406 130095 406 130595 406 131095 406 131596 405 132097 404 132599 402 133101 400 133604 397 134118 383 134626 375 135130 371 135633 368 136136 365 136638 363 137141 360 137643 358 138145 356 138647 65 138715 286 139149 59 139220 281 139651 52 139722 279 140154 46 140223 278 140657 40 140725 276 141162 30 141226 275 141669 12 141727 274 142228 273 142728 273 143230 271 143731 270 144232 269 144733 268 145233 268 145734 267 146234 267 146734 267 147234 267 147734 267 148234 267 148734 267 149235 266 149735 266 150235 266 150735 266 151236 265 151736 265 152237 264 152737 264 153238 263 153738 263 154239 262 154739 262 155240 261 155740 261 156241 260 156741 260 157242 259 157742 259 158242 259 158743 258 159243 258 159744 257 160244 257 160744 257 161244 257 161745 256 162245 256 162745 256 163245 256 163745 256 164246 255 164746 255 165246 255 165747 254 166247 254 166748 251 167248 250 167748 249 168248 248 168748 246 169249 242 169749 239 170249 236 170749 233 171250 229 171750 226 172251 223 172751 220 173251 219 173752 216 174252 215 174752 214 175252 214 175753 212 176253 211 176753 210 177254 209 177754 208 178254 207 178755 205 179255 204 179755 204 180256 202 180757 200 181257 198 181757 195 182258 192 182758 189 183259 185 183759 182 184260 179 184760 177 185262 172 185763 166 186264 162 186764 158 187265 151
newfoundland_180,48212 36 48702 53 49197 63 49693 71 50188 80 50685 86 51182 92 51678 99 52175 104 52671 110 53165 118 53662 122 54158 128 54655 133 55152 138 55650 142 56147 147 56645 151 57143 155 57642 158 58140 162 58638 167 59137 170 59635 174 60134 177 60633 180 61131 184 61630 187 62128 191 62627 194 63126 196 63624 200 64123 203 64379 3 64622 207 64871 19 65121 274 65620 281 66119 286 66618 291 67117 295 67616 299 68115 301 68614 303 69113 306 69612 307 70111 309 70610 310 71109 312 71608 314 72107 315 72607 316 73106 317 73605 318 74104 319 74603 320 75102 321 75602 321 76101 322 76600 323 77099 324 77598 324 78097 325 78596 326 79096 326 79595 327 80094 328 80593 328 81092 329 81591 330 82090 330 82590 330 83089 331 83588 331 84087 332 84587 331 85086 331 85585 331 86084 331 86584 330 87083 331 87582 330 88081 330 88581 329 89080 329 89579 329 90078 328 90577 328 91076 327 91575 327 92074 327 92574 325 93073 325 93572 324 94071 324 94570 324 95070 323 95569 324 96068 324 96567 324 97067 323 97566 323 98065 323 98565 323 99064 323 99563 323 100063 323 100562 323 101062 323 101561 323 102061 323 102560 323 103060 323 103559 324 104059 323 104558 324 105057 325 105557 325 106056 326 106556 326 107055 327 107555 327 108054 328 108554 328 109053 329 109553 329 110052 331 110552 331 111051 332 111551 332 112051 332 112550 333 113050 334 113549 335 114049 335 114549 335 115048 336 115548 336 116048 336 116547 337 117047 338 117547 338 118046 339 118546 339 119046 339 119546 339 120045 340 120545 340 121045 340 121545 340 122045 340 122544 341 123044 341 123544 341 124044 342 124544 342 125044 342 125544 343 126044 343 126544 344 127044 344 127544 345 128044 345 128544 346 129043 347 129543 348 130043 348 130543 349 131043 350 131543 351 132043 351 132543 352 133043 353 133543 354 134043 355 134543 356 135043 357 135543 358 136043 359 136543 359 137043 360 137542 362 138042 363 138542 363 139042 364 139542 364 140042 365 140542 365 141042 365 141542 366 142042 366 142542 366 143042 366 143542 367 144042 367 144542 367 145042 367 145542 367 146042 367 146543 366 147043 366 147543 366 148043 366 148543 366 149043 366 149543 366 150043 366 150544 365 151044 365 151544 365 152044 365 152545 363 153045 363 153545 363 154046 362 154546 362 155046 362 155547 361 156047 361 156547 361 157048 360 157548 359 158049 358 158549 358 159050 357 159550 356 160051 355 160551 355 161052 353 161552 352 162052 352 162553 350 163053 349 163553 348 164054 345 164554 344 165054 343 165555 340 166055 338 166555 336 167055 334 167556 331 168056 327 168556 323 169057 313 169557 305 170057 302 170558 298 171058 296 171558 295 172059 292 172559 290 173059 289 173560 287 174060 286 174561 284 175061 283 175562 282 176062 281 176562 280 177063 278 177563 277 178063 276 178564 274 179064 273 179565 271 180065 269 180566 266 181066 264 181567 261 182068 258 182568 257 183069 254 183570 251 184070 250 184571 248 185072 246 185572 244 186073 242 186574 240 187075 238 187575 237 188076 235 188577 233 189078 231 189579 229 190080 227 190581 226 191082 224 191583 222 192084 221 192585 219 193086 217 193587 215 194088 214 194589 212 195090 210 195591 208 196092 206 196593 205 197094 203 197596 200 198097 198 198598 196 199099 194 199600 191 200102 186 200603 148 201105 135 201606 128 202108 123 202609 119 203111 114 203612 111 204114 106 204616 101 205118 97 205621 92 206123 88 206625 84 207128 79 207631 74 208133 70 208636 65 209139 60 209643 52 210146 45 210650 36
Ragdoll_250,15117 4 15300 23 15496 27 15690 32 15886 35 16083 37 16279 40 16476 42 16672 45 16869 47 17066 49 17262 52 17459 54 17656 56 17854 57 18051 59 18248 61 18445 63 18642 65 18839 67 19036 69 19232 72 19427 76 19614 88 19809 92 20004 96 20197 102 20393 105 20589 108 20786 110 20982 113 21179 115 21376 117 21572 120 21769 122 21966 124 22163 126 22361 127 22558 129 22733 9 22755 131 22928 17 22952 133 23123 161 23320 163 23517 165 23714 167 23911 169 24101 178 24300 178 24499 178 24699 177 24900 175 25101 173 25302 171 25503 169 25704 167 25904 166 26105 164 26305 163 26506 161 26706 160 26906 159 27106 158 27306 157 27506 156 27705 156 27905 155 28105 154 28304 154 28504 153 28703 153 28903 152 29102 152 29301 152 29501 151 29700 151 29900 150 30099 150 30298 150 30498 149 30697 149 30896 149 31095 149 31295 148 31494 148 31693 148 31892 148 32091 148 32291 147 32490 147 32689 147 32888 147 33087 147 33286 147 33484 148 33683 148 33882 148 34081 148 34280 148 34479 148 34678 148 34877 148 35076 148 35275 148 35474 148 35673 148 35872 148 36070 149 36269 149 36468 149 36667 149 36865 150 37064 150 37262 151 37460 152 37659 152 37857 153 38055 154 38253 155 38450 157 38648 158 38846 159 39044 160 39241 162 39439 163 39636 165 39834 166 40032 167 40229 169 40427 170 40625 171 40824 171 41022 172 41221 172 41419 173 41618 173 41817 173 42016 173 42215 173 42415 172 42615 171 42816 169 43017 167 43220 163 43423 159 43626 155 43829 151 44044 135 44248 130 44450 127 44651 125 44851 124 45052 122 45254 119 45455 117 45657 22 45680 91 45858 17 45890 80 46059 13 46100 69 46260 9 46302 66 46504 63 46705 61 46906 59 47107 57 47307 56 47508 54 47708 53 47908 52 48108 51 48309 49 48509 48 48710 46 48911 44 49112 42 49313 40 49514 38 49715 36 49916 34 50118 31 50321 27 50523 24 50725 21 50926 19 51127 17 51327 16 51528 14 51728 13 51929 11 52129 10 52330 8 52530 7 52731 5 52932 3
basset_hound_199,55646 4 55973 12 56302 17 56631 22 56960 26 57289 30 57619 33 57948 37 58276 41 58605 45 58932 50 59256 59 59582 65 59907 72 60228 83 60532 112 60852 124 61073 12 61178 130 61403 17 61507 133 61733 20 61833 139 62063 22 62161 142 62394 23 62487 148 62723 26 62811 156 63054 27 63140 159 63383 30 63468 162 63712 33 63797 165 64042 35 64128 165 64372 37 64458 167 64702 39 64789 167 65033 40 65119 169 65364 41 65449 170 65695 42 65780 170 66026 43 66110 171 66357 44 66439 173 66688 45 66768 175 67019 46 67096 178 67351 46 67422 183 67682 47 67752 184 68014 47 68081 186 68345 48 68411 187 68677 48 68742 186 69008 49 69073 186 69340 49 69403 186 69671 50 69734 185 70002 51 70065 184 70334 51 70396 183 70665 52 70726 182 70996 53 71057 182 71327 54 71387 181 71658 55 71716 181 71989 56 72046 180 72319 235 72650 233 72981 232 73312 231 73642 232 73973 232 74304 231 74635 231 74967 230 75298 231 75629 231 75960 232 76291 233 76622 234 76953 235 77283 237 77614 237 77945 238 78276 239 78607 240 78939 240 79271 240 79602 240 79934 240 80266 240 80598 240 80930 240 81262 240 81594 239 81926 239 82258 239 82590 239 82922 239 83254 239 83586 239 83918 239 84250 239 84582 239 84914 239 85246 239 85578 27 85608 208 85910 23 85942 206 86242 21 86275 205 86574 19 86608 204 86907 16 86941 203 87239 14 87274 202 87571 12 87606 202 87904 9 87939 201 88236 7 88272 200 88569 2 88604 200 88937 199 89270 198 89602 198 89935 197 90267 197 90600 196 90933 195 91265 195 91598 194 91930 194 92262 194 92595 193 92927 192 93259 192 93591 192 93923 192 94256 191 94588 191 94920 191 95252 190 95584 190 95916 190 96248 190 96580 190 96912 189 97244 189 97576 189 97908 188 98240 188 98573 187 98905 187 99238 185 99571 185 99905 183 100239 181 100571 181 100904 180 101236 25 101264 153 101568 25 101599 150 101901 24 101933 149 102233 24 102267 148 102565 24 102601 147 102898 23 102934 147 103230 23 103267 147 103562 23 103600 147 103895 22 103933 148 104227 22 104266 149 104559 22 104599 151 104892 21 104932 153 105224 21 105265 169 105557 20 105598 174 105889 20 105931 177 106222 19 106263 180 106555 18 106596 181 106801 6 106887 18 106929 184 107130 11 107220 17 107261 188 107456 19 107553 16 107594 215 107885 16 107926 216 108217 16 108259 216 108550 15 108591 218 108882 15 108924 219 109214 15 109256 221 109546 15 109589 223 109879 14 109921 225 110210 14 110254 225 110542 14 110586 226 110874 14 110919 226 111206 14 111251 228 111537 15 111584 229 111819 6 111856 4 111869 16 111917 245 112185 32 112250 247 112514 35 112584 247 112844 37 112918 251 113170 43 113252 292 113588 288 113922 286 114257 283 114592 280 114926 276 115261 273 115595 199 115796 69 115929 194 116133 64 116264 190 116467 61 116598 186 116801 59 116932 181 117136 56 117265 171 117487 20 117511 12 117598 168 117824 13 117843 12 117931 166 118176 10 118264 164 118509 9 118597 162 118841 7 118930 161 119176 4 119262 160 119509 3 119595 159 119843 1 119927 159 120260 158 120592 157 120925 156 121170 6 121257 155 121500 10 121590 154 121831 13 121922 153 122162 15 122255 151 122493 16 122588 144 122824 17 122920 142 123155 18 123252 141 123487 18 123585 140 123818 19 123917 140 124150 19 124250 139 124481 20 124582 140 124813 20 124914 142 125144 21 125247 144 125475 22 125579 148 125806 23 125911 153 126078 19 126137 24 126243 189 126468 25 126575 192 126799 26 126907 195 127128 29 127240 196 127459 30 127572 204 127785 36 127904 249 128236 249 128568 249 128900 249 129232 249 129564 249 129896 249 130228 249 130560 249 130892 249 131224 249 131556 249 131888 249 132220 249 132552 249 132884 249 133216 249 133548 249 133879 250 134211 250 134543 250 134875 250 135207 250 135539 250 135871 250 136203 250 136535 250 136867 215 137200 209 137532 206 137864 204 138196 202 138528 199 138860 182 139052 2 139192 176 139524 172 139856 169 140188 164 140520 159 140852 154 141184 150 141515 149 141847 147 142179 146 142511 146 142843 145 143175 144 143507 144 143839 143 144171 143 144503 143 144835 142 145166 143 145498 143 145830 143 146162 143 146494 143 146826 142 147157 143 147489 143 147821 142 148153 142 148484 143 148816 142 149148 142 149480 141 149812 141 150143 142 150475 141 150807 140 151139 140 151470 140 151802 140 152134 139 152466 138 152798 138 153130 137 153461 137 153793 137 154125 136 154457 136 154789 135 155121 135 155453 134 155784 135 156116 134 156448 133 156780 133 157112 132 157443 133 157775 132 158107 132 158439 132 158771 131 159102 132 159434 131 159766 131 160097 131 160429 131 160761 130 161093 130 161424 130 161756 130 162088 129 162420 129 162751 129 163083 129 163415 129 163747 128 164079 128 164411 128 164743 127 165075 127 165407 127 165739 127
beagle_13,72525 9 72548 8 72894 40 73266 44 73638 49 74009 54 74381 57 74754 60 75126 63 75499 66 75873 67 76245 71 76617 74 76990 76 77362 80 77735 82 78107 86 78479 89 78851 93 79224 96 79598 98 79971 101 80345 104 80719 107 81093 109 81467 112 81841 115 82215 118 82589 122 82963 124 83337 127 83711 130 84085 133 84459 136 84833 139 85208 140 85582 144 85956 146 86331 148 86705 151 87079 153 87454 155 87828 157 88203 158 88578 160 88953 161 89327 163 89702 165 90077 166 90452 167 90827 168 91202 169 91577 171 91953 171 92328 172 92703 173 93078 174 93454 174 93829 176 94204 177 94579 178 94954 180 95330 181 95705 182 96080 184 96455 186 96830 188 97206 189 97581 191 97956 193 98331 195 98707 196 99082 198 99457 200 99832 203 100208 204 100583 205 100958 204 101334 203 101709 202 102085 201 102460 199 102836 197 103211 196 103587 194 103962 193 104338 190 104713 189 105089 187 105464 186 105840 184 106216 182 106591 182 106967 180 107343 179 107718 179 108094 177 108470 176 108845 176 109221 174 109597 173 109972 173 110348 172 110724 171 111100 170 111476 169 111851 169 112227 168 112603 167 112979 166 113355 165 113731 164 114107 163 114483 162 114859 161 115235 160 115612 158 115988 157 116364 156 116740 155 117116 155 117492 154 117869 152 118245 151 118621 151 118997 150 119373 149 119749 149 120126 147 120502 147 120878 146 121254 145 121630 145 122006 145 122382 145 122758 144 123134 144 123510 144 123886 143 124262 144 124638 144 125014 144 125390 144 125766 144 126142 145 126518 145 126894 145 127270 146 127646 146 128022 146 128398 146 128773 147 129149 148 129525 148 129901 148 130276 149 130652 149 131028 149 131404 148 131779 149 132155 149 132531 149 132907 148 133283 148 133659 148 134034 149 134410 149 134786 149 135162 149 135538 149 135914 149 136290 149 136666 149 137042 149 137419 148 137794 149 138170 148 138546 148 138922 148 139297 148 139673 148 140048 148 140424 148 140799 149 141175 148 141550 149 141926 148 142302 147 142677 148 143053 147 143428 148 143804 147 144179 147 144555 147 144930 147 145306 146 145681 147 146056 147 146432 146 146807 147 147183 146 147558 146 147934 145 148309 146 148685 145 149060 145 149436 145 149812 144 150187 145 150563 144 150939 143 151315 143 151690 143 152066 143 152442 142 152818 142 153194 141 153569 142 153945 141 154321 141 154697 140 155072 140 155448 140 155824 139 156199 139 156575 139 156951 138 157327 137 157703 137 158079 136 158455 135 158831 134 159207 133 159583 133 159959 132 160335 131 160712 129 161088 128 161464 127 161840 126 162217 124 162593 123 162970 121 163347 119 163724 117 164101 115 164478 113 164855 110 165232 108 165610 105 165988 102 166365 100 166745 96 167123 93 167501 90 167880 86 168259 82 168637 80 169018 73 169400 24 169434 31 169818 20
Maine_Coon_28,360 76 858 79 1358 79 1857 80 2357 81 2857 81 3357 81 3856 83 4356 83 4856 83 5356 84 5856 84 6356 84 6855 85 7355 85 7855 85 8354 86 8854 86 9354 86 9854 87 10353 88 10853 88 11352 89 11852 89 12351 90 12851 90 13350 91 13850 91 14349 92 14849 92 15348 93 15848 94 16347 95 16847 95 17346 96 17846 96 18346 96 18845 98 19345 98 19845 98 20344 100 20844 100 21344 100 21844 101 22344 101 22844 101 23344 102 23844 102 24344 102 24844 103 25344 103 25844 104 26344 104 26844 104 27343 106 27843 106 28343 107 28843 107 29342 109 29842 109 30342 109 30841 111 31341 111 31840 112 32340 113 32840 113 33340 114 33839 115 34339 115 34839 116 35338 117 35838 118 36337 119 36837 120 37336 121 37836 121 38335 123 38834 124 39333 125 39832 127 40330 129 40829 131 41328 133 41826 136 42325 137 42823 140 43321 143 43820 144 44318 147 44816 150 45315 152 45814 154 46312 157 46811 158 47310 160 47808 163 48307 164 48806 166 49304 169 49803 171 50301 174 50799 177 51297 180 51570 21 51650 20 51795 183 52068 29 52146 47 52292 187 52567 35 52642 56 52789 190 53066 41 53137 63 53286 194 53566 49 53631 71 53781 199 54065 139 54267 214 54566 139 54761 220 55066 140 55257 225 55566 141 55754 229 56067 142 56251 232 56568 142 56748 235 57068 144 57245 239 57569 144 57742 242 58070 146 58239 245 58572 147 58733 251 59073 411 59574 410 60075 408 60576 407 61077 405 61578 404 62079 402 62581 399 63082 397 63583 395 64084 393 64585 391 65086 389 65587 387 66088 386 66588 385 67089 383 67590 382 68091 380 68592 378 69092 378 69593 377 70094 375 70595 374 71096 372 71597 371 72097 371 72598 369 73099 368 73600 367 74100 367 74601 366 75101 365 75602 364 76102 364 76602 364 77102 364 77602 364 78102 363 78602 363 79102 363 79602 363 80102 363 80602 362 81102 362 81601 363 82101 363 82601 363 83101 363 83601 363 84101 363 84601 363 85101 363 85601 363 86101 363 86601 364 87101 364 87601 364 88101 364 88601 364 89101 364 89601 364 90100 365 90600 365 91100 365 91599 366 92099 366 92598 368 93098 368 93597 369 94097 369 94596 370 95095 371 95595 371 96094 372 96593 373 97093 373 97592 374 98091 375 98590 376 99088 378 99587 380 100086 381 100584 383 101083 384 101581 386 102079 388 102577 390 103075 392 103574 393 104072 395 104570 398 105069 399 105567 401 106066 402 106564 404 107062 406 107561 407 108059 409 108558 410 109057 411 109556 411 110055 412 110555 412 111054 413 111554 413 112055 413 112555 413 113056 412 113558 410 114059 409 114562 406 115065 404 115570 399 116077 392 116595 375 117103 367 117610 360 118115 355 118620 350 119124 347 119628 343 120131 340 120633 338 121136 335 121638 333 122141 330 122644 327 123148 322 123655 315 124162 308 124669 301 125174 296 125681 288 126186 283 126691 278 127197 272 127710 259 128223 246 128729 240 129236 232 129742 226 130248 220 130753 215 131259 209 131765 203 132270 198 132774 193 133279 188 133786 181 134297 169 134806 160 135313 152 135818 147 136322 143 136825 139 137328 136 137831 132 138334 129 138837 125 139340 122 139844 118 140348 113 140851 109 141355 105 141859 100 142362 96 142867 91 143374 83 143882 74 144389 66 144897 57 145403 49 145931 18 146436 10
basset_hound_89,23355 7 23851 14 24348 18 24844 24 25340 29 25834 36 26330 40 26798 18 26821 50 27294 78 27790 83 28287 86 28783 91 29276 99 29766 109 30232 144 30720 156 31215 162 31710 168 32205 174 32700 179 33197 183 33693 188 34190 192 34689 193 35187 196 35685 198 36183 201 36682 202 37180 204 37679 206 38177 208 38676 209 39174 211 39672 213 40170 215 40669 216 41168 217 41667 218 42166 219 42665 220 43112 5 43164 221 43609 9 43663 222 44108 10 44162 222 44606 12 44661 223 45104 13 45160 223 45603 13 45659 223 46101 14 46158 222 46600 14 46657 221 47099 14 47155 221 47598 14 47654 220 48096 15 48152 219 48595 15 48651 218 49094 15 49150 217 49593 15 49648 217 50092 16 50147 215 50591 17 50646 214 51090 18 51144 215 51590 18 51643 214 52089 19 52142 214 52589 21 52640 216 53089 23 53139 217 53589 24 53638 217 54089 26 54137 219 54589 26 54635 221 55089 27 55134 223 55589 27 55633 225 56089 27 56132 228 56589 27 56630 231 57089 28 57129 234 57589 28 57628 237 58088 30 58127 240 58588 31 58625 244 59087 35 59124 248 59586 288 60085 293 60585 298 61084 306 61583 312 62082 316 62581 319 63080 321 63580 323 64079 324 64578 326 65077 328 65577 329 66076 330 66576 331 67075 332 67575 333 68074 334 68574 334 69073 336 69572 337 70072 337 70571 338 71071 338 71571 337 72070 338 72570 338 73069 339 73569 338 74068 339 74568 338 75068 338 75567 338 76067 338 76567 338 77067 337 77566 338 78066 338 78566 337 79066 336 79565 336 80065 336 80565 335 81065 334 81565 332 82065 330 82565 328 83065 325 83565 323 84065 319 84565 317 85065 316 85565 315 86065 315 86565 315 87066 313 87566 313 88066 313 88567 311 89067 311 89567 310 90067 310 90568 308 91068 309 91568 309 92068 309 92569 308 93069 308 93569 307 94069 307 94570 306 95070 306 95570 305 96070 305 96571 303 97071 302 97571 302 97894 13 98072 301 98391 21 98572 301 98889 26 99072 304 99386 31 99573 306 99883 35 100073 346 100573 347 101074 347 101574 347 102075 346 102575 347 103076 346 103576 347 104077 346 104577 346 105078 345 105579 344 106079 344 106580 343 107081 342 107582 342 108083 341 108584 340 109085 340 109586 340 110087 339 110588 338 111089 337 111590 335 112091 335 112592 334 113094 333 113595 332 114097 330 114598 329 115100 327 115601 326 116103 323 116604 322 117106 320 117607 319 118109 317 118611 315 119113 313 119614 312 120116 310 120618 64 120686 239 121120 56 121190 235 121623 29 121655 17 121695 230 122126 19 122161 9 122199 226 122629 10 122704 220 123209 174 123389 35 123715 164 123892 31 124221 157 124395 28 124725 153 124898 24 125228 149 125400 22 125733 144 125903 18 126237 139 126407 12 126740 136 127242 133 127743 131 128244 129 128746 125 129249 120 129751 110 130253 103 130757 95 131259 91 131763 84 132269 77 132773 71 133276 67 133778 63 134280 60 134782 57 135283 54 135784 52 136285 50 136787 46 137289 43 137791 39 138294 34 138799 26
staffordshire_bull_terrier_13,37416 4 37767 7 38119 9 38470 13 38822 15 39174 18 39526 21 39878 23 40230 43 40582 47 40934 51 41286 53 41639 54 41992 55 42344 57 42697 58 43049 60 43402 61 43754 62 44107 62 44459 63 44811 64 45164 63 45516 64 45868 64 46220 64 46572 64 46925 63 47277 64 47629 64 47981 64 48333 64 48685 64 49037 65 49389 65 49741 65 50093 65 50445 65 50797 65 51149 65 51501 65 51853 65 51937 16 52205 65 52287 21 52556 66 52638 23 52908 66 52990 26 53260 66 53341 28 53612 66 53693 30 53963 67 54045 33 54315 67 54397 35 54667 67 54748 38 55018 68 55100 43 55370 69 55451 46 55721 70 55802 51 56072 72 56153 57 56424 73 56504 61 56774 149 57126 153 57477 158 57828 164 58179 168 58530 174 58882 181 59234 185 59585 196 59937 201 60289 203 60640 206 60992 206 61344 206 61696 146 61856 43 62048 21 62074 119 62215 31 62400 16 62430 114 62576 7 62752 9 62785 111 63104 7 63138 109 63457 2 63492 107 63845 106 64198 105 64551 104 64903 103 65256 102 65609 101 65961 101 66314 100 66666 100 67019 99 67371 99 67723 99 68076 99 68428 99 68781 98 69133 98 69485 98 69837 99 70190 98 70542 99 70894 99 71246 99 71598 100 71951 99 72303 100 72655 100 73007 101 73359 102 73711 103 74064 102 74416 104 74768 107 74908 20 75120 116 75244 38 75472 163 75824 163 76177 162 76529 160 76881 158 77233 149 77585 145 77937 143 78290 133 78642 123 78994 105 79346 100 79698 98 80050 97 80402 97 80754 96 81106 95 81458 95 81810 94 82162 94 82514 93 82866 93 83218 92 83570 92 83922 91 84274 91 84626 91 84978 90 85329 91 85681 90 86033 90 86385 89 86737 89 87089 88 87441 88 87792 88 88144 88 88496 88 88848 87 89199 88 89551 87 89903 87 90255 87 90607 86 90959 86 91310 87 91662 86 92014 86 92366 85 92718 85 93070 84 93421 85 93773 84 94125 84 94477 84 94829 83 95180 84 95532 84 95884 83 96236 83 96588 83 96939 84 97291 84 97643 85 97995 85 98347 85 98699 86 99050 87 99402 88 99754 89 100106 91 100458 92 100810 96 101162 99 101514 102 101866 105 102218 107 102570 109 102922 110 103274 112 103626 113 103978 115 104330 116 104682 117 105034 119 105386 120 105738 122 106090 124 106442 128 106794 93 106902 28 107147 90 107256 31 107499 87 107611 37 107851 85 107967 32 108203 84 108320 30 108555 82 108675 25 108908 80 109030 13 109260 79 109384 7 109612 78 109964 77 110316 76 110669 74 111021 73 111373 73 111726 71 112078 71 112430 70 112783 69 113135 69 113487 68 113840 67 114192 67 114545 66 114897 66 115250 65 115602 66 115955 65 116307 65 116660 65 117012 65 117365 65 117718 65 118070 66 118423 66 118776 65 119129 65 119482 66 119834 66 120187 66 120540 66 120893 66 121246 66 121600 65 121953 65 122306 66 122659 65 123012 65 123365 66 123719 65 124072 65 124425 65 124778 65 125131 65 125485 64 125838 64 126192 64 126545 18 126566 43 126898 14 126921 41 127252 10 127277 38 127605 8 127632 36 127960 4 127985 36 128340 34 128693 34 129047 33 129402 31 129757 29 130114 25 130469 23 130822 23 131178 20 131531 20 131885 19 132240 17 132593 16 132947 15 133301 14 133654 14 134008 13 134362 12 134715 12 135068 13 135421 13 135774 12 136127 13 136481 12 136834 13 137187 13 137540 13 137894 13 138248 11 138603 9 138960 6
miniature_pinscher_105,25706 7 26038 11 26371 14 26704 17 27037 20 27369 25 27702 30 28036 34 28369 38 28702 43 29035 46 29368 49 29701 52 30034 55 30367 61 30700 68 31034 70 31367 73 31700 76 32033 77 32366 79 32700 79 33033 80 33366 82 33700 82 34033 83 34366 84 34700 84 35033 85 35367 85 35700 86 36034 86 36368 86 36701 87 37035 87 37369 87 37703 87 38036 88 38370 88 38704 88 39038 88 39372 88 39705 91 39830 13 40039 92 40155 24 40373 95 40483 32 40707 144 40875 21 41041 148 41204 31 41375 196 41709 197 42043 197 42377 197 42711 197 43044 197 43378 197 43712 197 44046 196 44380 196 44714 197 45048 197 45383 197 45591 9 45717 200 45922 14 46052 222 46387 222 46721 223 47056 222 47391 221 47725 221 48059 221 48393 221 48727 220 49060 220 49394 219 49727 219 50061 218 50394 218 50727 218 51061 216 51394 216 51727 215 52060 215 52393 215 52726 200 52927 13 53060 197 53262 10 53393 197 53598 6 53726 196 54059 196 54392 196 54725 195 55058 195 55391 195 55724 195 56057 195 56390 195 56723 195 57056 195 57389 194 57722 194 58055 194 58389 193 58722 193 59055 194 59388 194 59721 194 60054 194 60387 194 60720 195 61053 195 61386 196 61719 196 62052 197 62385 198 62718 199 63052 200 63385 202 63718 203 64051 204 64384 205 64717 206 65050 207 65383 208 65717 210 66050 212 66383 213 66716 215 67049 215 67382 216 67715 217 68048 218 68381 218 68714 218 69047 218 69380 218 69713 218 70046 218 70379 218 70712 218 71045 218 71378 218 71711 218 72044 218 72376 219 72709 219 73042 219 73375 219 73708 219 74041 219 74373 220 74706 220 75039 220 75372 220 75705 220 76038 220 76371 220 76703 221 77036 221 77369 221 77702 221 78035 221 78368 221 78701 221 79034 221 79367 221 79700 221 80032 222 80365 222 80698 222 81031 222 81364 222 81697 222 82030 222 82363 222 82695 223 83028 223 83361 223 83694 223 84027 223 84360 223 84693 223 85025 224 85358 224 85691 224 86024 224 86356 225 86689 225 87022 225 87355 225 87687 226 88020 226 88352 227 88685 227 89017 228 89350 228 89682 229 90015 229 90348 229 90680 230 91013 230 91345 231 91678 231 92011 231 92343 232 92676 231 93008 231 93341 229 93674 227 94006 227 94339 136 94492 72 94672 130 94828 25 94864 32 95004 127 95162 22 95200 27 95337 124 95496 20 95544 5 95670 121 95831 17 96003 118 96166 13 96335 93 96439 12 96501 10 96668 91 96836 7 97001 89 97172 3 97334 87 97666 86 97999 84 98332 82 98665 81 98998 79 99330 79 99663 78 99996 76 100329 75 100662 74 100995 74 101328 73 101661 72 101994 71 102327 70 102533 8 102659 70 102861 14 102992 70 103194 15 103325 69 103526 16 103659 67 103859 17 103992 66 104192 18 104325 66 104526 17 104658 65 104859 18 104991 64 105193 16 105324 63 105528 14 105657 63 105863 11 105990 62 106198 8 106324 60 106533 5 106657 59 106990 58 107323 57 107656 56 107990 54 108323 53 108657 52 108990 51 109323 50 109657 48 109990 47 110324 46 110657 45 110991 43 111325 41 111658 41 111992 39 112326 38 112660 36 112994 35 113327 34 113661 33 113995 31 114329 30 114663 28 114997 27 115330 26 115664 25 115998 24 116332 22 116666 21 116999 20 117333 19 117667 17 118000 17 118334 15 118668 14 119001 14 119335 12 119668 12 120002 10 120335 10 120669 9 121002 8 121336 7 121669 7 122002 6 122336 5 122669 5 123003 3
english_cocker_spaniel_21,11858 9 12230 15 12602 22 12975 26 13348 30 13722 33 14096 35 14470 37 14844 39 15219 40 15593 41 15968 42 16343 43 16717 44 17092 44 17467 44 17842 44 18216 45 18591 45 18966 44 19340 45 19715 44 20090 43 20464 44 20839 43 21214 42 21588 42 21963 42 22337 42 22712 41 23087 41 23461 41 23836 40 24210 40 24585 40 24960 39 25334 39 25708 39 26083 39 26457 39 26831 40 27206 39 27580 39 27954 40 28328 40 28406 3 28702 41 28779 5 29075 43 29153 6 29449 43 29527 7 29823 44 29902 7 30197 45 30276 7 30570 46 30650 7 30944 47 31024 8 31318 48 31399 7 31692 48 31773 7 32066 49 32147 7 32440 50 32521 8 32814 50 32895 8 33188 51 33269 9 33562 52 33643 9 33936 52 34018 9 34310 53 34392 10 34684 54 34767 9 35058 54 35141 10 35432 55 35516 10 35806 56 35890 10 36181 55 36265 10 36554 57 36639 11 36929 57 37014 11 37303 57 37389 10 37677 58 37764 10 38052 58 38138 11 38426 59 38513 11 38800 60 38888 11 39174 60 39263 10 39549 60 39638 10 39923 61 40013 10 40297 62 40387 11 40672 62 40762 11 41046 63 41137 11 41421 63 41512 11 41795 64 41886 12 42169 66 42261 11 42544 66 42636 11 42918 67 43010 12 43292 68 43385 12 43667 69 43759 13 44041 70 44134 13 44416 71 44508 15 44790 73 44882 16 45164 75 45256 17 45539 75 45630 18 45913 78 46003 20 46287 81 46376 22 46662 111 47036 112 47410 113 47785 113 48159 114 48533 114 48908 114 49282 115 49656 116 50030 116 50404 117 50779 117 51153 118 51527 119 51901 119 52275 120 52649 121 53023 122 53397 123 53771 124 54145 125 54519 126 54893 127 55267 128 55641 129 56015 130 56388 132 56762 133 57136 134 57510 135 57884 136 58258 137 58632 138 59006 139 59381 139 59755 140 60129 141 60503 142 60877 143 61251 144 61625 144 61999 145 62373 145 62747 145 63121 144 63495 143 63869 141 64243 140 64617 140 64991 140 65365 140 65738 141 66112 141 66486 141 66860 142 67234 142 67608 143 67982 143 68356 144 68729 146 69103 147 69477 148 69851 148 70225 149 70599 151 70972 153 71346 154 71720 155 72094 156 72468 157 72841 160 73215 161 73589 162 73962 165 74336 166 74710 167 75084 169 75458 170 75832 172 76206 174 76580 175 76954 177 77328 179 77703 180 78077 182 78451 183 78825 185 79199 187 79573 188 79947 190 80321 192 80695 194 81070 194 81444 196 81818 198 82192 199 82566 201 82940 202 83314 204 83689 204 84063 206 84437 207 84812 208 85186 209 85560 210 85935 211 86309 212 86684 213 87058 214 87433 215 87807 216 88182 217 88556 218 88931 219 89306 219 89680 221 90055 221 90430 222 90805 222 91180 223 91555 224 91929 225 92304 226 92679 226 93054 227 93429 227 93804 227 94179 227 94554 227 94929 227 95304 227 95679 226 96053 226 96428 225 96803 219 97178 215 97553 213 97928 212 98303 210 98678 207 99053 204 99428 202 99803 200 100178 199 100553 199 100928 198 101303 198 101679 198 102054 198 102429 198 102804 198 103179 198 103555 197 103930 197 104305 197 104680 197 105056 195 105431 195 105806 194 106182 193 106557 193 106933 191 107308 191 107683 190 108059 189 108434 188 108810 187 109185 186 109561 185 109937 184 110312 184 110688 182 111063 182 111439 181 111815 180 112191 179 112567 178 112943 177 113319 176 113695 175 114071 174 114447 173 114824 171 115200 170 115577 168 115953 167 116329 167 116705 166 117081 165 117457 164 117833 163 118209 162 118585 160 118961 159 119337 158 119713 157 120088 157 120464 156 120840 155 121216 153 121592 152 121967 152 122343 151 122719 150 123095 148 123471 147 123847 146 124223 144 124599 143 124975 142 125352 139 125728 138 126105 136 126483 132 126863 127 127245 119 127625 114 128003 110 128384 104 128762 100 129144 93 129528 84 129907 79 130286 75 130663 72 131040 70 131417 67 131794 65 132170 64 132547 61 132924 59 133301 57 133678 54 134054 53 134431 51 134808 49 135184 47 135561 45 135938 43 136314 41 136691 39 137067 37 137444 35 137821 32 138198 30 138575 27 138953 23 139331 19 139710 12
Sphynx_185,34086 24 34583 38 35081 50 35580 57 36079 62 36578 69 37078 75 37578 86 38078 93 38578 100 39078 105 39578 110 40078 112 40579 113 41079 115 41580 115 42081 115 42581 115 43082 115 43583 115 44084 116 44585 116 45086 117 45587 118 46088 120 46589 123 47090 125 47591 128 48092 130 48594 132 49095 133 49596 134 50097 135 50598 136 51100 136 51601 137 52102 137 52603 138 53104 138 53606 138 54107 139 54608 140 55109 141 55611 141 55814 18 56112 143 56304 36 56613 145 56799 45 57114 147 57295 51 57616 149 57791 58 58117 153 58286 65 58619 234 59120 234 59622 233 60124 232 60625 232 61127 231 61629 230 62130 230 62632 229 63134 228 63637 225 64139 224 64641 223 65144 221 65647 219 66149 218 66651 217 67153 216 67654 216 68155 216 68656 216 69157 216 69658 216 70159 216 70659 217 71160 217 71660 219 72160 220 72661 220 73161 222 73661 223 74162 223 74662 225 75162 226 75662 227 76163 227 76663 228 77163 229 77663 230 78163 231 78663 231 79163 232 79663 232 80163 232 80663 233 81163 233 81663 234 82163 235 82663 235 83163 235 83663 235 84162 237 84662 237 85162 237 85662 237 86162 237 86662 236 87162 236 87662 236 88162 235 88662 234 89162 233 89663 232 90163 231 90663 230 91163 229 91663 228 92163 227 92663 227 93164 225 93664 225 94164 224 94664 224 95164 223 95665 222 96165 222 96665 222 97165 221 97665 221 98165 221 98665 221 99165 221 99665 221 100165 220 100665 220 101165 219 101665 219 102165 218 102664 218 103164 218 103663 218 104163 218 104662 218 105161 218 105660 219 106160 218 106659 218 107158 219 107657 219 108156 219 108655 220 109154 220 109652 221 110151 222 110650 222 111149 222 111647 224 112146 224 112645 224 113144 224 113643 224 114143 223 114642 223 115141 223 115640 223 116140 222 116639 222 117138 221 117637 220 118137 218 118636 217 119135 216 119634 214 120133 212 120632 210 121131 176 121327 11 121630 174 122129 173 122628 172 123127 172 123626 172 124125 172 124624 172 125123 172 125622 173 126121 173 126620 173 127120 171 127619 171 128118 106 128232 57 128617 101 128742 45 129116 99 129248 36 129615 98 129754 27 130114 96 130266 9 130614 94 131113 93 131612 91 132111 89 132610 88 133109 87 133608 86 134107 86 134607 84 135106 83 135605 82 136104 81 136603 79 137103 76 137602 75 138101 73 138601 70 139100 69 139600 66 140099 65 140599 62 141098 61 141598 58 142098 56 142598 53 143097 50 143597 46 144097 42 144598 38 145098 35 145599 31 146100 27 146601 22 147102 17 147606 8
beagle_204,12295 15 12600 24 12906 29 13207 39 13513 44 13821 46 14128 48 14436 50 14744 51 15053 52 15361 53 15669 55 15978 55 16286 56 16595 57 16903 58 17212 58 17521 58 17829 60 18138 60 18446 61 18755 61 19063 63 19372 63 19680 64 19989 64 20297 65 20605 66 20913 67 21048 4 21222 68 21355 8 21530 69 21663 11 21838 70 21971 13 22146 71 22280 14 22454 72 22588 16 22762 73 22895 19 23070 74 23203 21 23379 74 23498 4 23510 24 23687 75 23804 9 23817 27 23995 76 24112 41 24303 77 24419 44 24612 77 24726 47 24920 78 25034 49 25229 78 25342 50 25537 79 25651 51 25846 79 25960 52 26155 79 26268 54 26464 79 26575 57 26772 79 26884 58 27081 79 27193 58 27390 79 27502 59 27698 80 27811 60 28007 80 28120 61 28316 80 28429 62 28624 81 28738 63 28933 81 29047 64 29241 82 29356 65 29550 82 29665 66 29858 83 29974 67 30167 83 30283 68 30475 84 30592 69 30784 83 30901 70 31092 84 31210 71 31400 85 31519 72 31708 86 31828 73 32016 87 32137 74 32323 89 32446 75 32630 91 32755 76 32920 9 32935 95 33064 77 33228 110 33373 78 33535 112 33682 79 33843 113 33991 80 34151 114 34300 81 34459 115 34609 81 34767 116 34918 82 35076 116 35227 83 35384 117 35536 84 35692 118 35845 85 36001 117 36154 86 36309 118 36463 87 36618 118 36772 88 36926 119 37081 89 37234 120 37390 90 37543 120 37699 91 37851 121 38008 92 38159 122 38317 92 38468 122 38626 93 38776 123 38935 94 39084 124 39244 95 39393 124 39553 96 39701 125 39862 96 40009 125 40171 97 40317 126 40480 98 40624 128 40789 98 40932 129 41098 99 41240 130 41407 100 41547 132 41716 101 41855 133 42025 102 42163 134 42334 103 42471 135 42643 104 42779 136 42952 105 43087 137 43261 107 43395 138 43570 108 43702 140 43879 110 44010 141 44188 112 44318 142 44497 114 44626 143 44806 115 44934 144 45115 116 45242 144 45424 117 45549 146 45733 120 45856 148 46042 271 46351 271 46660 271 46969 271 47278 271 47587 271 47896 271 48205 271 48514 271 48823 271 49132 271 49441 271 49750 270 50059 270 50368 270 50677 270 50986 270 51295 270 51604 270 51913 270 52222 270 52531 270 52840 269 53149 269 53458 269 53767 269 54076 269 54385 269 54694 269 55003 268 55312 268 55621 268 55930 268 56239 268 56548 268 56857 268 57166 267 57475 267 57784 267 58093 267 58402 267 58711 267 59020 266 59329 266 59638 266 59947 266 60256 266 60565 266 60874 265 61183 265 61492 265 61801 265 62110 265 62419 265 62728 264 63037 264 63346 264 63655 264 63964 264 64273 264 64582 264 64891 264 65200 264 65509 264 65818 264 66127 263 66436 263 66745 263 67054 263 67363 263 67672 263 67981 263 68290 263 68599 263 68908 262 69217 262 69526 262 69835 262 70144 262 70453 262 70762 262 71071 262 71380 262 71689 262 71998 261 72307 261 72616 261 72925 261 73234 261 73543 261 73852 261 74161 261 74470 261 74779 261 75088 261 75397 261 75706 261 76015 260 76324 260 76633 260 76942 260 77251 260 77560 261 77869 261 78178 261 78487 261 78796 261 79105 261 79414 261 79723 261 80032 261 80341 261 80650 261 80959 261 81268 261 81577 261 81886 261 82195 261 82504 261 82813 261 83122 261 83431 261 83740 261 84049 261 84358 261 84667 260 84976 260 85285 260 85594 259 85903 259 86212 258 86521 257 86830 256 87139 255 87448 254 87757 253 88066 252 88375 251 88684 250 88993 249 89302 247 89611 246 89920 245 90229 244 90538 243 90847 242 91156 240 91465 240 91774 239 92083 238 92392 237 92701 236 93010 235 93319 234 93628 234 93937 233 94246 232 94555 232 94864 231 95173 200 95377 26 95482 198 95688 24 95791 196 95998 23 96100 195 96307 22 96409 194 96617 21 96718 192 96926 20 97027 191 97235 20 97336 190 97544 19 97645 188 97853 19 97954 163 98122 17 98162 19 98263 161 98471 18 98572 159 98780 18 98881 158 99089 17 99190 156 99398 12 99411 3 99499 155 99707 8 99808 154 100017 4 100117 153 100327 1 100426 152 100735 152 101044 151 101353 150 101663 149 101972 148 102281 147 102590 21 102614 123 102899 20 102923 122 103208 18 103233 121 103517 17 103542 120 103827 15 103851 120 104136 14 104161 118 104445 12 104470 118 104754 11 104780 116 105063 10 105089 116 105373 9 105398 115 105682 8 105707 114 105991 7 106016 114 106300 6 106326 112 106610 4 106635 111 106919 4 106944 110 107229 2 107253 109 107562 109 107871 108 108180 107 108490 105 108799 105 109108 104 109417 104 109726 103 110035 103 110344 102 110653 102 110962 101 111271 101 111580 100 111889 100 112198 100 112508 98 112817 98 113126 98 113435 98 113744 97 114053 97 114362 97 114671 97 114980 96 115289 96 115598 96 115908 95 116217 95 116526 94 116835 94 117144 94 117453 94 117762 94 118071 94 118380 94 118690 92 118999 92 119308 92 119617 92 119926 92 120235 92 120544 92 120853 91 121162 91 121471 91 121780 91 122089 91 122398 91 122707 90 123015 91 123324 91 123633 90 123942 90 124251 90 124559 90 124868 90 125177 90 125486 89 125795 89 126104 88 126412 89 126721 89 127030 88 127339 88 127648 88 127956 88 128265 88 128574 88 128883 87 129192 87 129500 88 129809 87 130118 87 130427 87 130736 86 131045 86 131354 86 131663 85 131972 85 132282 84 132591 83 132900 83 133210 82 133519 81 133829 80 134138 79 134447 79 134756 79 135065 78 135374 78 135684 76 135993 76 136302 76 136612 74 136921 74 137230 73 137540 72 137849 71 138159 70 138469 69 138778 68 139088 67 139398 65 139708 64 140019 61 140330 59 140641 56 140953 52 141264 50 141575 47 141888 42 142204 11 142221 18 142535 12 142845 10 143155 8 143465 6 143775 3
British_Shorthair_126,33159 26 33652 40 34114 10 34146 50 34613 90 35113 94 35613 96 36113 98 36613 99 37114 98 37614 99 38115 98 38615 98 39116 97 39616 97 40116 98 40617 97 41117 98 41617 99 42117 102 42618 106 43118 120 43618 126 44118 130 44618 133 45118 135 45618 137 46118 139 46618 140 47118 141 47618 142 48118 144 48618 145 49118 146 49618 147 50118 149 50618 150 51118 151 51618 153 52118 154 52618 156 53118 157 53618 159 54118 161 54618 163 55117 166 55617 168 56117 170 56617 171 57117 173 57617 176 58117 177 58617 179 59116 182 59616 184 60116 186 60616 188 61116 190 61615 193 62115 195 62615 197 63115 199 63615 200 64115 203 64615 204 65115 206 65615 208 66115 210 66615 211 67115 213 67615 216 68115 218 68616 219 69116 221 69616 223 70116 226 70616 229 70895 4 71116 233 71391 8 71616 242 71885 14 72116 284 72616 284 73116 284 73616 284 74116 284 74616 283 75117 282 75617 281 76117 280 76617 277 77117 276 77618 273 78118 273 78618 272 79118 272 79618 271 80118 271 80618 271 81119 271 81619 272 82119 272 82619 273 83119 274 83619 276 84119 279 84403 11 84619 298 85119 300 85619 301 86119 302 86619 302 87119 303 87619 304 88119 304 88619 304 89118 306 89618 306 90118 306 90618 307 91119 306 91619 306 92120 305 92621 304 93122 303 93623 303 94124 302 94625 301 95126 300 95627 299 96128 298 96630 296 97134 292 97640 286 98143 283 98646 280 99149 277 99653 273 100157 269 100660 267 101162 265 101664 263 102166 261 102668 259 103170 257 103671 257 104173 255 104675 253 105177 251 105679 250 106181 248 106682 247 107184 245 107685 245 108186 244 108687 244 109188 243 109689 242 110190 241 110691 241 111191 241 111692 240 112193 239 112694 238 113194 239 113695 238 114196 237 114696 237 115197 237 115698 236 116198 236 116699 235 117199 235 117700 234 118200 234 118700 234 119201 234 119701 234 120201 234 120702 233 121202 233 121702 233 122202 233 122703 232 123203 232 123703 232 124203 232 124704 231 125204 231 125704 231 126204 231 126704 231 127205 230 127705 230 128205 230 128705 230 129206 229 129706 229 130206 229 130707 228 131207 228 131708 227 132208 227 132709 226 133209 226 133710 225 134210 225 134711 223 135211 223 135712 222 136212 222 136712 222 137213 221 137713 221 138214 220 138714 220 139214 220 139715 219 140215 218 140716 217 141217 216 141718 215 142218 215 142719 213 143220 212 143720 212 144221 211 144722 210 145222 210 145723 209 146224 208 146725 207 147226 206 147727 205 148228 204 148729 138 148880 52 149230 133 149382 50 149731 130 149884 48 150232 127 150385 47 150733 125 150886 46 151234 123 151387 46 151735 121 151887 46 152236 120 152387 46 152737 118 152887 46 153238 117 153387 46 153739 115 153887 46 154240 113 154387 46 154741 111 154887 46 155242 109 155388 45 155743 107 155888 45 156243 107 156389 44 156744 106 156890 43 157245 105 157391 43 157746 105 157892 42 158247 105 158393 41 158748 105 158895 39 159249 106 159396 38 159751 106 159898 36 160252 111 160399 35 160753 114 160900 34 161254 116 161401 33 161755 117 161902 32 162256 118 162403 31 162756 120 162904 29 163257 121 163405 28 163758 121 163906 26 164259 121 164407 24 164760 121 164907 22 165261 121 165409 18 165763 121 165910 14 166264 121 166413 5 166766 120 167268 119 167769 118 168271 115 168772 113 169273 110 169774 106 170276 100 170777 96 171279 89 171780 83 172282 77 172784 72 173286 68 173788 65 174291 60 174794 54 175299 44 175804 32 176310 20
wheaten_terrier_197,43423 2 43749 15 44077 20 44406 22 44734 26 45063 28 45392 29 45721 31 45842 2 46050 33 46169 6 46379 34 46498 7 46708 36 46827 8 47037 38 47155 9 47366 39 47484 10 47695 41 47813 10 48024 42 48142 10 48353 44 48471 10 48682 46 48800 11 49011 47 49129 11 49341 48 49459 10 49670 50 49788 10 50000 51 50117 11 50329 53 50446 11 50659 54 50775 12 50988 55 51104 12 51318 56 51433 13 51647 59 51762 13 51977 60 52091 14 52307 62 52420 14 52636 64 52749 15 52966 65 53078 15 53296 67 53408 15 53625 70 53737 16 53955 72 54066 16 54285 74 54377 3 54394 18 54615 78 54698 15 54723 19 54944 101 55052 20 55274 104 55381 20 55604 127 55934 127 56263 128 56593 128 56923 128 57253 128 57582 129 57912 129 58242 129 58571 130 58901 130 59231 130 59561 130 59891 130 60220 131 60550 131 60880 131 61210 131 61540 131 61870 131 62200 131 62530 131 62860 131 63191 130 63521 130 63851 130 64181 130 64511 130 64842 130 65172 130 65502 130 65832 131 66163 130 66315 1 66493 130 66645 1 66824 130 67155 129 67486 128 67816 129 68147 129 68478 128 68809 128 69141 127 69471 127 69803 125 70133 126 70465 124 70796 124 71127 123 71458 122 71789 121 72120 121 72451 120 72782 119 73113 118 73444 118 73776 116 74107 115 74439 114 74770 114 75101 113 75432 113 75763 112 76094 112 76425 112 76755 112 77086 112 77416 113 77746 114 78077 114 78407 115 78737 117 79068 117 79398 119 79728 120 80058 124 80388 128 80719 132 81049 132 81379 132 81709 132 82039 132 82369 132 82699 132 83029 132 83359 132 83689 132 84020 131 84350 131 84680 131 85010 131 85340 131 85670 131 86000 131 86330 131 86660 131 86990 131 87320 131 87650 131 87980 131 88311 130 88641 130 88971 130 89301 130 89631 130 89961 130 90291 130 90621 130 90952 129 91282 129 91612 129 91942 129 92272 129 92602 129 92933 128 93263 128 93593 128 93923 128 94253 128 94583 128 94913 128 95243 128 95574 127 95904 127 96234 127 96564 127 96894 127 97224 127 97554 127 97884 127 98215 126 98545 126 98875 126 99205 126 99535 126 99865 126 100196 125 100526 124 100856 123 101186 121 101517 118 101847 116 102177 115 102508 113 102838 111 103169 109 103499 107 103830 105 104161 101 104491 99 104822 95 105153 92 105484 87 105815 84 106146 81 106476 79 106807 77 107138 74 107469 71 107800 70 108131 67 108461 66 108792 65 109123 63 109454 61 109785 59 110118 55 110450 52 110781 50 111113 47 111445 44 111777 41 112109 38 112440 37 112772 34 113104 31 113436 28 113769 24 114103 19 114435 16 114771 9
Russian_Blue_207,205 113 580 125 955 139 1330 147 1705 155 2080 158 2454 161 2829 163 3204 164 3579 165 3954 166 4328 167 4703 168 5078 168 5452 170 5827 170 6202 170 6577 171 6951 172 7326 172 7700 173 8075 174 8450 174 8824 175 9199 175 9573 176 9948 176 10322 178 10697 177 11072 177 11446 179 11821 178 12196 178 12570 179 12945 179 13320 179 13694 180 14069 179 14444 179 14818 180 15193 180 15568 180 15942 181 16317 181 16691 182 17066 182 17440 182 17814 183 18189 183 18563 184 18937 185 19312 185 19686 186 20060 187 20434 188 20808 188 21182 189 21556 190 21930 191 22304 192 22678 192 23052 193 23427 193 23801 193 24175 194 24549 194 24923 195 25297 196 25671 197 26045 197 26420 197 26794 198 27168 198 27542 199 27916 200 28290 200 28664 201 29038 202 29412 202 29786 203 30160 204 30534 204 30908 205 31282 206 31656 206 32030 207 32404 208 32778 208 33152 209 33526 210 33900 211 34274 211 34648 212 35023 212 35397 212 35771 213 36146 213 36520 214 36894 214 37269 214 37643 214 38017 215 38392 215 38766 215 39141 215 39515 216 39889 216 40264 216 40638 217 41013 216 41387 217 41761 218 42136 217 42510 218 42884 218 43259 218 43633 218 44008 218 44382 218 44757 217 45132 216 45506 216 45881 215 46256 213 46631 212 47006 211 47381 210 47756 209 48131 208 48506 207 48881 206 49256 205 49630 205 50005 205 50380 204 50755 203 51130 202 51505 202 51880 201 52255 200 52629 200 53004 200 53379 199 53754 199 54129 198 54503 198 54878 198 55253 197 55628 197 56002 197 56377 197 56752 196 57126 197 57500 197 57875 197 58249 197 58623 198 58997 198 59371 199 59745 199 60119 200 60492 202 60866 202 61240 203 61614 203 61988 204 62361 205 62735 206 63109 206 63483 207 63857 208 64231 208 64604 210 64978 211 65352 211 65726 212 66099 214 66473 214 66845 217 67218 219 67590 222 67907 29 67962 224 68273 52 68332 229 68643 292 69014 296 69387 298 69760 299 70133 301 70506 303 70879 304 71253 305 71626 307 72001 307 72376 307 72751 306 73126 306 73501 306 73876 306 74251 306 74626 305 75001 305 75376 305 75751 305 76126 304 76501 304 76876 304 77251 304 77626 304 78001 303 78376 303 78751 303 79126 303 79501 303 79879 299 80257 296 80636 292 81013 290 81391 287 81768 284 82145 282 82522 280 82900 277 83278 274 83655 271 84033 268 84411 265 84789 262 85168 257 85546 254 85923 252 86302 248 86679 245 87057 242 87435 239 87812 237 88189 234 88566 232 88942 231 89319 229 89695 227 90071 226 90447 225 90822 225 91198 223 91574 222 91950 221 92325 220 92701 219 93076 219 93451 219 93827 218 94202 217 94577 217 94953 216 95328 216 95703 215 96078 215 96453 215 96829 214 97204 213 97579 213 97954 213 98329 212 98704 212 99080 211 99455 211 99830 210 100205 210 100580 210 100956 208 101331 208 101706 208 102081 207 102456 207 102831 207 103207 206 103582 205 103957 205 104332 205 104707 204 105083 203 105458 203 105833 202 106209 201 106584 200 106959 200 107335 199 107710 198 108085 162 108250 33 108461 158 108627 31 108836 157 109003 29 109212 155 109378 29 109587 154 109754 27 109962 153 110130 26 110338 151 110505 26 110713 150 110880 25 111088 149 111256 24 111464 147 111631 24 111839 147 112007 23 112214 146 112382 23 112590 144 112757 22 112965 143 113132 22 113340 142 113508 21 113716 140 113883 21 114091 140 114258 21 114466 139 114633 20 114842 137 115008 20 115217 136 115384 19 115592 135 115759 19 115967 135 116134 18 116342 134 116509 18 116717 133 116884 18 117093 132 117259 18 117468 131 117634 17 117843 130 118009 17 118218 130 118384 17 118593 129 118759 17 118968 128 119134 17 119343 128 119509 16 119718 127 119884 16 120093 126 120259 16 120468 126 120634 16 120843 125 121009 16 121218 125 121385 15 121593 124 121760 15 121968 124 122135 15 122343 123 122510 14 122718 123 122885 14 123093 122 123260 14 123468 121 123635 14 123843 121 124010 14 124218 120 124386 13 124593 120 124761 13 124967 120 125136 13 125342 120 125511 13 125717 119 125886 13 126092 119 126261 13 126467 118 126636 13 126841 119 127011 13 127216 118 127386 13 127591 118 127761 13 127966 117 128136 13 128340 117 128511 13 128715 117 128886 13 129089 117 129261 13 129464 117 129636 13 129839 116 130011 13 130213 117 130386 13 130588 116 130761 12 130962 117 131136 12 131337 116 131511 12 131711 117 131886 12 132085 117 132261 12 132460 117 132636 12 132834 117 133011 12 133209 117 133386 12 133583 117 133761 12 133957 118 134136 12 134332 117 134511 12 134706 118 134886 12 135081 62 135151 47 135261 12 135455 60 135530 42 135636 12 135829 59 135907 40 136011 12 136204 57 136286 35 136386 12 136578 57 136664 31 136761 12 136953 55 137042 28 137136 12 137327 54 137419 25 137511 12 137702 53 137795 23 137886 11 138076 52 138171 21 138261 11 138451 51 138547 19 138635 12 138825 50 138924 16 139010 12 139200 49 139300 14 139385 12 139574 48 139681 6 139760 12 139948 48 140135 13 140323 47 140510 13 140697 46 140885 13 141072 45 141260 13 141446 44 141634 14 141820 43 142009 14 142195 42 142384 14 142569 42 142759 14 142944 40 143134 14 143318 40 143509 14 143692 40 143883 15 144067 38 144258 16 144441 38 144633 16 144815 37 145008 16 145190 36 145383 16 145564 36 145758 16 145938 35 146133 16 146313 34 146508 15 146687 34 146882 16 147062 33 147257 16 147436 33 147632 16 147811 32 148007 16 148185 31 148381 17 148560 30 148756 17 148934 30 149131 17 149309 28 149506 17 149684 27 149881 17 150058 26 150255 18 150433 25 150630 18 150808 23 151005 18 151182 23 151380 18 151557 21 151754 19 151932 20 152129 19 152307 18 152504 19 152683 15 152878 20 153058 13 153253 20 153434 9 153628 20 153811 3 154003 20 154378 20 154753 19 155128 19 155502 20 155877 20 156252 20 156627 20 157001 21 157376 21 157750 22 158125 22 158500 22 158875 23 159249 24 159624 24 159999 24 160374 25 160749 25 161124 25 161499 25 161873 26 162248 26 162623 26 162998 26 163373 26 163748 26 164123 27 164498 27 164873 27 165247 29 165622 29 165997 29 166372 29 166748 28 167123 28 167498 28 167873 28 168248 28 168623 27 168998 27 169373 27 169748 27 170123 26 170498 26 170873 26 171249 25 171624 24 171999 24 172374 24 172749 24 173125 22 173500 22 173875 22 174251 20 174626 20 175001 20 175377 18 175752 18 176128 16 176503 16 176878 16 177254 15 177629 14 178005 13 178381 11 178756 11 179132 9 179508 7 179884 5 180261 1
wheaten_terrier_113,59159 1 59654 10 60152 15 60650 19 61149 21 61647 25 62146 28 62645 31 63144 34 63643 37 64142 40 64641 43 65140 46 65639 48 66139 49 66235 7 66638 52 66730 17 67137 54 67227 24 67636 56 67724 30 68136 57 68222 34 68635 59 68719 42 69134 62 69214 50 69634 65 69709 57 70133 134 70632 136 71132 137 71631 138 72131 138 72630 139 73130 138 73629 139 74129 139 74628 140 75128 140 75627 141 76126 142 76626 142 77125 143 77624 144 78123 144 78622 145 79121 145 79620 146 80119 147 80618 149 81117 150 81615 152 82114 153 82612 156 83111 157 83610 158 84109 160 84609 160 85108 161 85608 161 86108 162 86608 162 87109 162 87609 163 88109 163 88610 163 89110 163 89610 164 90110 164 90610 164 91110 165 91610 165 92110 165 92610 166 93110 166 93610 167 94110 167 94610 167 95110 168 95610 168 96111 167 96611 167 97111 167 97611 168 98112 167 98612 167 99112 167 99612 166 100113 165 100613 165 101113 165 101613 164 102113 164 102613 164 103113 164 103613 163 104113 163 104613 163 105113 162 105613 162 106112 163 106612 163 107112 163 107612 162 108112 161 108612 160 109112 159 109612 158 110112 158 110612 158 111112 157 111612 157 112113 157 112613 158 113114 158 113614 158 114115 159 114615 159 115116 160 115617 160 116117 160 116618 159 117119 158 117620 156 118121 155 118622 153 119123 152 119624 150 120125 148 120626 147 121128 144 121629 142 122130 140 122632 137 123133 136 123634 134 124136 132 124637 130 125139 128 125640 127 126142 124 126643 123 127145 121 127646 119 128148 117 128649 116 129151 113 129653 111 130155 109 130657 106 131159 103 131661 101 132163 98 132666 95 133168 92 133672 87 134176 82 134686 72 135196 61 135702 53 136207 47 136710 42 137214 36 137716 31 138220 23 138728 4
Bombay_150,116 43 297 45 478 47 660 47 841 49 1023 49 1205 49 1387 49 1568 50 1750 50 1932 50 2114 50 2296 51 2478 51 2660 51 2841 52 3023 52 3205 52 3387 52 3569 52 3751 52 3933 52 4115 53 4297 53 4478 54 4660 54 4842 54 5024 55 5206 55 5388 55 5570 55 5752 56 5934 56 6116 56 6298 57 6480 58 6662 58 6844 60 7026 63 7208 64 7390 65 7572 65 7754 66 7936 66 8118 66 8300 66 8482 67 8664 67 8846 67 9028 67 9210 66 9391 67 9573 67 9755 67 9937 67 10119 67 10300 68 10482 68 10663 69 10845 69 11026 70 11207 71 11388 72 11569 73 11750 74 11931 74 12112 75 12292 77 12472 79 12651 82 12830 85 13007 90 13178 101 13355 106 13533 110 13710 115 13887 120 14066 123 14210 6 14245 126 14391 24 14423 130 14572 163 14755 162 14937 162 15120 161 15303 159 15486 158 15669 157 15853 155 16036 154 16219 153 16402 152 16586 150 16769 149 16952 148 17136 146 17318 145 17501 144 17684 143 17866 144 18049 143 18231 143 18413 143 18595 143 18777 143 18959 143 19141 143 19323 143 19505 143 19687 143 19869 143 20051 143 20233 143 20415 143 20597 143 20779 143 20961 143 21143 143 21325 142 21507 142 21689 142 21871 142 22053 142 22235 142 22417 142 22599 142 22781 142 22963 143 23144 144 23326 144 23507 145 23689 145 23870 146 24051 148 24232 149 24413 150 24594 151 24775 152 24956 153 25136 155 25317 156 25498 157 25678 159 25859 160 26040 136 26182 19 26221 134 26365 18 26402 132 26548 17 26583 130 26730 17 26765 76 26847 45 26913 16 26947 20 26971 49 27035 35 27095 16 27130 13 27167 29 27219 28 27277 16 27355 17 27402 22 27459 16 27586 16 27642 15 27824 15 28006 15 28188 15 28370 15 28552 15 28734 15 28916 15 29099 13 29281 13 29463 13 29645 13 29827 13 30010 11 30192 11 30374 10 30557 9 30739 9 30921 9 31103 9 31286 8 31468 7 31650 7 31833 5 32016 2
Sphynx_66,23941 2 24440 4 24939 6 25439 7 25939 8 26439 8 26939 9 27439 9 27939 9 28439 9 28939 10 29439 10 29939 10 30439 10 30939 9 31440 8 31940 8 32440 8 32940 8 33440 8 33940 8 34440 7 34941 6 35441 6 35941 6 36359 6 36441 6 36853 25 36941 5 37350 34 37442 4 37847 42 37942 4 38345 48 38443 2 38843 53 39341 57 39839 61 40337 64 40835 68 41333 72 41832 74 42330 77 42828 80 43327 83 43825 87 44323 90 44822 93 45320 97 45818 101 46315 107 46434 6 46814 114 46929 12 47312 129 47810 132 48308 134 48806 136 49304 138 49802 139 50300 141 50798 142 51296 144 51794 146 52292 147 52790 149 53288 150 53571 11 53786 152 54065 28 54284 154 54563 35 54782 156 55062 39 55244 16 55275 162 55561 43 55735 202 56060 46 56230 207 56560 47 56725 212 57060 48 57220 217 57560 50 57715 222 58060 51 58211 226 58560 52 58706 231 59060 54 59202 235 59560 56 59697 241 60061 57 60193 245 60561 60 60688 250 61062 62 61184 254 61562 66 61681 257 62063 69 62178 260 62564 73 62675 263 63065 77 63171 268 63565 84 63667 272 64066 373 64567 372 65068 371 65569 371 66070 370 66571 369 67073 368 67574 368 68075 367 68576 367 69078 365 69579 365 70081 363 70582 363 71084 361 71586 360 72088 358 72590 357 73093 355 73595 353 74097 352 74599 351 75101 349 75603 348 76104 348 76605 348 77107 346 77608 346 78109 346 78610 345 79111 344 79611 344 80112 343 80613 342 81113 341 81614 339 82114 339 82615 337 83116 336 83616 335 84117 334 84617 334 85117 334 85618 333 86118 334 86618 334 87119 332 87619 332 88119 332 88619 331 89120 329 89620 328 90120 327 90620 326 91120 326 91620 325 92120 325 92619 325 93119 325 93618 325 94118 325 94617 326 95116 327 95616 327 96115 329 96614 330 97112 333 97611 335 97955 5 98109 339 98453 8 98608 353 99107 354 99606 356 100105 60 100175 287 100605 54 100679 282 101104 51 101183 278 101604 47 101686 275 102103 44 102189 272 102603 41 102691 270 103103 38 103193 268 103602 37 103695 266 104102 35 104196 264 104602 34 104698 262 105102 32 105200 260 105602 31 105701 258 106101 31 106203 244 106452 6 106601 30 106704 235 107101 29 107205 227 107601 28 107707 216 108101 26 108208 210 108601 25 108709 205 109101 25 109211 197 109601 24 109712 193 110101 23 110213 190 110601 22 110715 187 111101 21 111216 184 111601 21 111718 181 112101 19 112219 179 112601 19 112721 176 113101 18 113223 173 113601 16 113724 170 114101 15 114226 167 114601 13 114728 163 115101 11 115230 160 115602 8 115733 155 116102 3 116235 152 116738 147 117240 90 117338 46 117744 70 117849 33 118249 56 118357 23 118781 13 118863 15
samoyed_38,84743 9 85066 21 85398 23 85729 26 86061 28 86393 30 86724 33 87054 38 87383 43 87713 48 88043 52 88374 55 88704 60 89035 64 89366 68 89697 73 90028 77 90359 81 90689 86 91017 92 91345 98 91674 103 92005 106 92335 110 92664 115 92994 119 93322 125 93651 130 93980 135 94309 140 94637 145 94967 150 95297 154 95629 156 95960 159 96291 163 96621 167 96952 171 97283 175 97615 178 97946 181 98278 183 98610 185 98941 188 99273 190 99606 191 99938 192 100270 194 100603 194 100935 196 101268 196 101600 197 101932 199 102264 200 102596 200 102928 202 103259 204 103591 205 103922 205 104253 205 104459 1 104584 206 104915 203 105247 183 105437 11 105578 185 105775 1 105910 185 106241 188 106573 189 106906 190 107238 192 107571 192 107905 191 108238 192 108572 192 108905 193 109239 193 109572 194 109906 194 110240 195 110573 195 110907 195 111241 195 111574 195 111908 195 112242 195 112576 195 112910 195 113244 194 113578 194 113912 194 114246 194 114581 193 114916 192 115251 190 115586 189 115920 189 116255 188 116589 188 116923 188 117257 188 117592 187 117926 188 118259 190 118474 9 118593 192 118799 21 118927 197 119126 28 119261 228 119594 229 119928 229 120261 230 120595 230 120928 231 121261 231 121595 231 121928 231 122262 231 122595 231 122928 231 123262 230 123595 230 123928 230 124262 229 124595 229 124928 229 125262 227 125595 227 125928 226 126261 226 126594 225 126928 223 127261 222 127594 221 127927 219 128260 217 128593 214 128926 210 129259 205 129592 197 129925 193 130258 190 130591 188 130924 185 131257 183 131590 182 131922 181 132255 179 132588 178 132921 176 133254 174 133587 172 133920 170 134253 169 134586 167 134919 166 135252 164 135585 163 135918 162 136251 161 136584 160 136917 159 137251 157 137584 155 137917 154 138250 154 138583 153 138916 152 139249 151 139582 149 139915 149 140247 149 140580 149 140913 148 141246 148 141579 148 141911 149 142244 149 142577 149 142909 151 143242 152 143574 154 143907 156 144239 167 144571 169 144903 171 145235 173 145567 175 145899 177 146231 178 146562 181 146894 182 147225 184 147555 40 147602 141 147886 39 147938 138 148218 39 148274 134 148549 40 148609 132 148881 40 148944 130 149212 40 149278 128 149543 41 149613 126 149873 43 149948 123 150204 43 150282 121 150536 42 150616 119 150867 22 150951 116 151199 19 151285 114 151531 15 151619 113 151864 10 151953 110 152197 7 152287 108 152621 106 152955 105 153289 103 153623 101 153957 99 154292 96 154626 94 154961 91 155296 88 155631 85 155965 83 156300 80 156635 76 156969 72 157304 69 157638 66 157973 62 158308 58 158643 54 158980 45 159325 23
Russian_Blue_168,19651 7 20148 18 20647 27 21147 31 21646 35 22146 38 22646 41 23146 43 23646 45 24146 46 24646 48 25147 48 25647 49 26147 50 26647 51 27147 53 27647 54 28148 54 28648 56 29148 57 29647 22 29671 35 30147 21 30173 34 30646 23 30672 35 31145 63 31644 38 31690 18 32143 38 32193 15 32642 40 32695 13 33141 41 33196 12 33640 43 33698 10 34140 45 34199 8 34640 47 34701 4 35140 52 35640 61 36140 62 36640 64 37140 65 37640 66 38140 67 38640 68 39140 69 39639 71 40139 72 40639 73 41139 73 41639 74 42139 75 42639 76 43139 77 43639 78 44139 79 44639 80 45139 83 45639 84 46139 86 46639 87 47139 89 47639 91 48139 93 48639 94 49140 94 49640 95 50140 97 50639 99 51139 100 51639 101 52139 102 52639 104 53139 105 53639 106 54140 107 54640 109 55140 111 55640 113 56140 115 56640 118 57140 120 57640 123 58140 125 58640 127 59140 129 59641 130 60141 131 60641 133 61142 134 61642 137 62142 139 62643 141 63143 145 63643 149 64144 152 64644 157 64859 6 65144 162 65357 8 65645 167 65854 11 66145 174 66351 14 66645 187 66843 22 67146 219 67646 219 68146 218 68646 218 69146 217 69646 217 70147 215 70647 215 71147 214 71647 213 72147 213 72647 212 73147 211 73647 211 74148 209 74648 209 75148 209 75648 209 76149 208 76649 209 77149 209 77650 209 78150 210 78650 210 79151 210 79651 211 80151 212 80651 213 81152 213 81652 214 82153 214 82653 215 83153 216 83654 216 84154 216 84655 216 85155 217 85656 217 86156 218 86657 218 87158 218 87658 220 88159 220 88660 220 89161 221 89662 221 90162 223 90663 223 91164 224 91665 225 92166 225 92667 226 93167 228 93668 228 94168 230 94669 231 95169 232 95670 232 96170 234 96670 235 97170 236 97671 236 98171 236 98671 237 99171 238 99671 239 100171 239 100671 240 101171 240 101671 241 102171 241 102670 242 103170 243 103670 243 104170 244 104670 244 105170 244 105670 245 106170 245 106670 245 107170 245 107670 245 108170 245 108670 246 109171 245 109671 245 110172 244 110673 243 111174 242 111675 241 112176 240 112677 239 113178 238 113679 237 114180 236 114681 235 115182 234 115684 232 116185 230 116686 229 117187 228 117689 226 118190 225 118692 223 119193 221 119694 220 120195 219 120697 217 121198 216 121699 215 122200 213 122701 212 123202 211 123702 211 124203 210 124704 209 125204 210 125704 210 126205 209 126705 209 127205 209 127706 209 128206 209 128706 209 129207 209 129707 209 130208 208 130709 208 131210 207 131711 207 132213 205 132716 203 133218 202 133721 199 134224 197 134727 195 135229 194 135732 191 136234 190 136736 189 137239 186 137741 185 138243 184 138745 183 139247 182 139750 179 140252 178 140754 177 141256 176 141758 174 142260 173 142763 171 143265 169 143767 168 144270 166 144772 165 145275 112 145399 39 145778 104 145904 34 146280 99 146407 32 146783 94 146908 32 147285 90 147410 31 147787 85 147912 30 148289 80 148413 30 148791 76 148914 30 149294 70 149415 30 149796 66 149916 29 150298 61 150418 28 150801 55 150919 28 151304 49 151420 28 151807 44 151921 28 152312 34 152422 28 152817 25 152923 28 153423 28 153924 28 154426 27 154926 28 155428 27 155929 27 156430 27 156932 26 157433 26 157934 26 158436 25 158937 25 159439 24 159940 24 160441 24 160942 24 161443 24 161944 23 162446 22 162947 21 163450 17 163953 13
newfoundland_114,14937 25 15300 41 15673 45 16047 47 16421 48 16795 50 17169 52 17543 53 17917 55 18236 4 18291 56 18610 6 18665 58 18985 6 19039 59 19359 8 19413 61 19734 9 19787 62 20108 11 20161 64 20483 12 20535 65 20857 15 20909 66 21232 17 21283 67 21606 19 21657 69 21981 20 22031 70 22355 23 22405 71 22729 26 22779 71 23104 27 23153 72 23478 30 23527 73 23853 32 23900 75 24227 35 24272 78 24601 39 24643 82 24976 123 25350 124 25724 125 26099 124 26473 125 26847 126 27221 127 27595 128 27970 127 28343 129 28717 130 29091 130 29464 132 29838 132 30211 134 30584 136 30958 136 31331 137 31705 138 32079 138 32452 139 32826 139 33200 139 33574 138 33948 137 34322 136 34696 133 35070 131 35444 127 35818 125 36192 123 36567 120 36941 118 37315 116 37690 112 38064 109 38439 106 38813 102 39188 99 39563 97 39937 95 40312 93 40686 92 41060 91 41435 90 41809 89 42183 89 42558 88 42932 88 43306 88 43681 88 44055 88 44429 89 44803 89 45177 90 45551 90 45925 91 46300 90 46674 91 47048 91 47422 92 47796 93 48170 94 48544 94 48918 95 49292 96 49666 97 50040 98 50414 99 50788 99 51163 99 51537 100 51911 101 52285 102 52659 103 53033 104 53408 104 53782 104 54156 105 54530 106 54904 107 55278 108 55652 109 56026 110 56400 111 56774 112 57148 113 57522 114 57896 114 58270 115 58643 117 59017 118 59391 119 59764 121 60138 122 60512 123 60886 124 61260 125 61633 127 62007 128 62381 129 62754 131 63128 132 63501 134 63874 136 64248 137 64622 138 64996 140 65370 141 65744 142 66118 143 66492 144 66865 147 67239 148 67613 149 67986 151 68360 153 68733 155 69106 157 69480 159 69853 161 70226 163 70599 166 70972 168 71346 170 71719 172 72091 176 72465 178 72672 1 72838 181 73042 19 73211 184 73414 25 73585 187 73786 30 73958 193 74154 38 74332 236 74705 240 75079 242 75452 245 75826 247 76199 250 76572 253 76946 256 77319 260 77692 263 78066 265 78439 268 78813 270 79187 272 79560 275 79934 277 80307 280 80681 281 81055 283 81429 285 81803 286 82177 288 82551 289 82925 291 83299 292 83674 293 84048 294 84422 295 84796 297 85170 298 85545 298 85919 299 86293 300 86667 301 87041 303 87416 303 87790 304 88164 305 88538 306 88912 307 89286 308 89660 309 90034 309 90409 309 90783 310 91157 311 91531 312 91905 313 92280 312 92654 313 93028 314 93403 313 93777 314 94151 315 94526 314 94900 315 95274 315 95649 315 96023 315 96398 315 96772 315 97147 315 97522 314 97896 315 98271 314 98645 314 99020 314 99395 313 99769 313 100144 312 100519 312 100893 312 101268 311 101643 310 102018 309 102392 310 102767 309 103142 308 103517 307 103892 306 104267 305 104642 304 105016 304 105391 303 105766 302 106141 301 106516 301 106891 300 107266 300 107641 299 108015 300 108390 300 108765 299 109140 299 109515 299 109890 298 110265 298 110640 298 111015 298 111390 298 111765 297 112139 298 112514 298 112889 298 113264 297 113639 297 114014 297 114389 297 114764 297 115139 296 115514 296 115889 296 116265 295 116640 295 117015 294 117390 294 117765 294 118140 293 118515 293 118890 293 119265 292 119640 292 120015 292 120390 291 120765 291 121140 291 121515 290 121890 290 122265 290 122641 288 123016 288 123391 288 123766 287 124141 287 124517 286 124892 285 125267 285 125643 284 126018 284 126394 283 126769 282 127145 281 127521 280 127896 280 128272 279 128647 279 129023 278 129399 277 129774 278 130150 277 130526 276 130901 276 131277 276 131653 275 132029 274 132404 275 132780 274 133156 274 133532 273 133908 273 134284 272 134660 272 135036 271 135412 271 135788 271 136164 271 136540 272 136916 273 137292 275 137668 277 138044 278 138420 280 138796 282 139172 287 139548 293 139923 295 140299 295 140675 294 141051 294 141427 294 141802 294 142178 294 142554 293 142930 292 143305 293 143681 292 144057 291 144432 292 144808 291 145184 290 145559 291 145935 290 146311 289 146687 289 147063 288 147438 288 147814 287 148190 287 148565 287 148941 286 149316 286 149692 285 150067 285 150443 284 150818 283 151193 283 151568 283 151944 282 152319 281 152694 281 153069 280 153444 280 153819 279 154194 85 154290 182 154569 83 154666 180 154944 81 155043 177 155319 80 155419 175 155694 79 155795 173 156069 78 156171 170 156443 78 156547 167 156818 77 156923 128 157057 30 157193 77 157299 125 157435 25 157568 76 157675 122 157812 21 157943 76 158051 120 158190 15 158318 75 158426 118 158568 10 158693 75 158802 115 159068 74 159178 113 159443 74 159554 109 159817 74 159930 104 160192 73 160306 101 160567 71 160682 99 160942 69 161058 61 161123 31 161317 67 161434 56 161502 26 161692 64 161810 53 161880 21 162067 63 162186 50 162257 18 162442 62 162562 48 162634 15 162817 61 162938 45 163011 12 163192 61 163314 42 163389 7 163567 60 163690 40 163942 60 164066 38 164317 59 164443 34 164692 59 164820 30 165067 59 165196 28 165443 57 165573 23 165818 57 165951 17 166193 57 166330 10 166568 57 166943 57 167318 56 167693 56 168068 56 168443 56 168818 56 169193 56 169568 56 169943 55 170318 55 170694 54 171069 54 171444 54 171819 53 172195 52 172570 52 172945 51 173321 50 173696 20 173725 20 174072 15 174114 4 174448 13 174824 10 175201 5
Bengal_77,66010 1 66383 8 66757 14 67132 17 67508 19 67883 22 68259 23 68635 25 69011 26 69387 27 69763 28 70140 28 70517 27 70894 27 71271 26 71648 25 72025 25 72402 25 72779 25 73156 26 73533 25 73911 24 74288 24 74665 24 75042 24 75418 25 75795 25 76172 26 76548 27 76612 8 76924 29 76975 32 77301 32 77343 50 77678 95 78054 119 78431 123 78807 127 79183 131 79560 132 79936 136 80313 145 80690 146 81067 148 81444 149 81820 150 82197 150 82573 151 82949 125 83079 21 83325 122 83458 18 83700 121 83836 15 84076 120 84214 12 84452 119 84594 7 84827 118 84972 3 85203 117 85578 117 85953 117 86329 117 86704 117 87079 117 87454 117 87830 117 88205 117 88580 118 88955 118 89331 118 89706 119 90081 119 90456 120 90832 119 91207 119 91582 120 91958 119 92333 120 92708 120 93084 120 93459 120 93702 6 93835 120 94075 10 94210 121 94447 14 94586 120 94820 17 94962 120 95192 20 95337 120 95565 22 95713 120 95937 26 96089 120 96308 29 96464 120 96679 33 96840 120 97045 42 97215 121 97381 81 97591 121 97752 84 97966 123 98123 88 98342 123 98495 90 98718 124 98867 92 99093 127 99238 95 99469 128 99610 97 99845 235 100221 232 100596 230 100972 225 101348 221 101724 217 102100 210 102475 191 102851 186 103227 181 103603 178 103979 174 104355 171 104731 169 105107 167 105483 165 105858 164 106234 162 106610 161 106986 159 107361 159 107737 157 108113 156 108489 155 108864 154 109240 153 109616 152 109991 152 110367 150 110742 150 111117 150 111493 149 111868 149 112243 149 112619 148 112994 148 113369 148 113744 147 114119 147 114495 146 114870 147 115245 147 115619 148 115994 148 116369 149 116743 150 117118 151 117493 152 117867 154 118242 155 118616 158 118990 163 119364 169 119738 192 120111 199 120485 202 120859 205 121233 208 121607 210 121981 212 122355 214 122730 214 123105 215 123480 180 123671 25 123856 166 124050 21 124232 160 124427 19 124608 157 124804 18 124985 153 125181 16 125363 148 125557 15 125739 146 125933 14 126116 142 126310 11 126493 139 126686 10 126869 136 127063 7 127245 134 127621 132 127997 130 128373 128 128749 126 129124 125 129500 124 129875 123 130250 122 130626 120 131001 120 131376 119 131751 118 132127 116 132502 116 132877 115 133252 115 133627 114 134002 114 134377 113 134752 113 135127 112 135502 112 135877 111 136252 111 136627 110 137002 110 137377 110 137752 109 138126 110 138501 110 138876 109 139251 109 139626 109 140001 108 140376 108 140750 108 141125 108 141500 107 141874 107 142249 107 142624 106 142999 103 143373 96 143748 94 144123 93 144497 93 144872 92 145247 90 145621 90 145996 89 146371 87 146745 87 147120 85 147495 83 147869 82 148244 79 148618 78 148993 74 149367 71 149742 56 149801 7 150116 34 150491 30 150865 25 151240 17 151614 14 151989 11 152365 7 152741 2
Birman_71,44532 4 44894 22 45266 28 45639 33 46013 36 46387 38 46761 41 47135 43 47509 46 47884 46 48258 48 48632 50 49007 50 49381 52 49756 52 50130 53 50504 55 50879 55 51253 56 51628 56 52002 57 52376 59 52751 59 53125 60 53500 60 53874 62 54249 62 54623 63 54998 63 55373 63 55747 65 56122 65 56497 65 56872 65 57246 66 57621 67 57996 67 58370 68 58745 68 58978 22 59119 69 59350 28 59493 70 59723 32 59808 20 59867 71 60096 38 60178 31 60240 73 60470 52 60547 46 60610 78 60844 61 60911 65 60979 84 61218 219 61593 219 61967 219 62342 218 62716 219 63091 218 63465 218 63840 216 64215 215 64589 215 64964 214 65339 213 65713 213 66088 212 66462 212 66837 211 67211 211 67585 211 67959 211 68334 210 68708 210 69082 210 69456 210 69830 210 70204 210 70578 207 70896 6 70952 202 71269 12 71327 199 71644 15 71701 199 72018 19 72074 199 72393 21 72448 199 72769 23 72821 200 73144 26 73194 201 73519 29 73567 202 73895 34 73937 206 74270 247 74645 246 75021 244 75397 242 75772 242 76148 241 76523 241 76899 241 77275 240 77651 239 78027 239 78403 238 78778 239 79154 239 79530 239 79906 239 80281 240 80657 240 81033 239 81409 238 81784 239 82160 238 82535 238 82911 238 83286 238 83662 238 84037 238 84412 239 84788 238 85163 239 85538 240 85914 240 86289 242 86664 243 87039 244 87415 244 87790 245 88165 245 88540 246 88915 247 89291 246 89666 247 90041 248 90416 249 90791 250 91166 251 91542 252 91917 254 92292 256 92667 258 93042 261 93417 264 93792 267 94167 268 94542 268 94917 269 95292 269 95667 269 96042 269 96417 269 96792 270 97167 270 97542 270 97917 270 98291 271 98666 272 99041 272 99416 272 99791 272 100166 272 100541 272 100916 272 101291 273 101666 273 102040 274 102415 274 102790 273 103164 274 103539 274 103914 273 104289 273 104663 272 105038 270 105412 268 105787 266 106161 265 106536 264 106911 262 107285 262 107659 261 108034 260 108408 260 108782 259 109156 259 109530 259 109905 257 110279 257 110653 256 111027 255 111401 255 111775 254 112150 252 112524 251 112898 249 113272 248 113646 248 114021 246 114395 245 114770 243 115144 243 115519 242 115893 242 116268 33 116319 190 116642 30 116697 186 117017 26 117074 183 117392 23 117451 180 117767 20 117828 178 118143 17 118204 176 118518 14 118581 174 118896 2 118957 172 119333 171 119709 170 120086 168 120462 167 120839 165 121215 164 121592 162 121969 161 122345 160 122722 158 123099 156 123475 155 123852 153 124230 149 124606 148 124983 145 125360 142 125737 139 126114 136 126491 133 126868 130 127245 127 127627 3 127639 107 128021 99 128403 91 128782 85 129162 79 129542 73 129921 67 130303 59 130684 51 131071 37 131453 28 131834 18 132216 4
pomeranian_73,618 5 946 17 1277 28 1607 42 1937 49 2269 52 2601 56 2843 6 2934 58 3174 10 3266 60 3505 13 3599 61 3836 16 3931 62 4168 18 4264 63 4500 20 4596 64 4832 22 4928 66 5164 23 5261 66 5497 24 5593 68 5829 26 5925 69 6161 29 6258 69 6493 31 6590 70 6826 32 6922 72 7158 35 7253 74 7491 38 7585 75 7823 42 7917 76 8156 46 8248 78 8488 52 8580 79 8821 55 8912 80 9153 59 9243 82 9486 74 9573 85 9819 172 10152 172 10484 173 10817 173 11150 173 11483 173 11816 173 12148 174 12481 174 12814 174 13147 174 13480 174 13813 174 14145 175 14478 175 14811 175 15144 175 15477 175 15809 176 16142 176 16475 176 16808 176 17141 176 17474 176 17807 176 18139 177 18472 177 18805 177 19138 177 19471 177 19804 177 20137 177 20470 177 20802 178 21135 178 21468 178 21801 178 22134 178 22466 179 22799 179 23132 179 23464 180 23797 180 24130 180 24462 181 24795 181 25127 182 25460 182 25793 182 26125 183 26458 183 26791 183 27124 183 27457 183 27789 184 28122 184 28455 184 28788 184 29121 184 29454 184 29788 183 30121 183 30454 183 30788 182 31121 182 31455 180 31789 179 32123 178 32457 177 32792 175 33127 173 33461 172 33794 172 34128 171 34461 171 34794 171 35128 170 35461 170 35794 170 36127 170 36460 170 36793 170 37126 170 37459 170 37791 171 38124 171 38457 171 38790 171 39122 172 39455 172 39788 173 40120 174 40453 174 40785 175 41118 175 41450 176 41782 177 42115 177 42447 178 42779 179 43112 179 43444 180 43776 181 44108 182 44440 183 44772 184 45104 185 45435 187 45767 188 46098 190 46429 192 46759 195 47088 199 47416 204 47747 206 48077 209 48409 210 48740 212 49072 213 49404 214 49735 216 50066 218 50396 221 50725 225 51051 232 51381 235 51712 237 52042 240 52339 14 52373 242 52656 292 52987 294 53319 295 53651 296 53984 296 54317 296 54650 296 54983 296 55316 296 55649 296 55982 296 56315 296 56649 295 56982 294 57315 294 57649 293 57982 293 58316 292 58649 292 58983 291 59317 290 59651 289 59984 289 60318 288 60652 287 60985 287 61319 286 61653 285 61986 285 62320 284 62653 284 62987 284 63320 284 63653 284 63987 283 64320 283 64654 282 64987 282 65321 281 65654 281 65988 280 66321 280 66655 279 66989 278 67323 277 67658 275 67993 273 68328 271 68663 269 68997 268 69331 267 69665 266 69999 265 70333 264 70666 264 71000 263 71333 263 71666 263 72000 262 72333 262 72666 261 72999 261 73332 261 73666 260 73999 260 74332 260 74665 260 74998 260 75331 260 75664 260 75997 260 76330 260 76663 260 76996 260 77329 260 77662 259 77995 259 78328 259 78661 259 78994 259 79326 260 79659 260 79992 260 80325 261 80658 261 80991 261 81324 261 81657 262 81989 263 82322 263 82655 263 82988 263 83320 263 83653 263 83985 240 84232 16 84318 237 84568 13 84650 237 84903 10 84982 237 85238 6 85314 237 85574 1 85646 237 85978 237 86310 237 86641 239 86972 240 87304 240 87636 240 87967 241 88299 242 88631 242 88963 242 89296 241 89628 241 89960 241 90292 242 90625 241 90957 241 91289 241 91622 240 91954 240 92286 240 92618 240 92950 240 93283 240 93615 239 93947 240 94279 240 94611 240 94943 240 95275 240 95607 240 95940 238 96272 238 96604 237 96937 235 97269 235 97601 234 97934 232 98266 232 98599 230 98932 228 99265 227 99598 225 99931 223 100264 221 100597 218 100930 215 101264 213 101598 209 101932 206 102268 201 102614 7 102640 159 102977 151 103312 61 103394 65 103647 53 103732 52 103982 43 104069 44 104317 38 104407 35 104651 35 104754 15 104986 31 105320 28 105655 25 105989 23 106324 19 106659 16 106994 13 107328 10 107665 3
Persian_74,34083 3 34581 13 35080 20 35334 5 35579 28 35832 10 36079 34 36154 11 36330 13 36579 54 36641 28 36827 17 37079 93 37325 20 37578 97 37823 23 38078 100 38321 26 38578 105 38820 27 39078 111 39318 30 39578 118 39817 32 40078 126 40315 34 40578 132 40813 37 41078 137 41311 39 41578 144 41809 42 42078 159 42307 44 42578 167 42805 47 43078 173 43302 51 43578 177 43800 53 44078 181 44298 56 44578 185 44794 61 45078 191 45289 67 45578 279 46077 282 46577 283 47077 284 47577 285 48076 287 48576 288 49075 290 49575 291 50074 293 50574 293 51073 295 51572 297 52071 299 52571 299 53070 301 53570 302 54069 304 54568 305 55068 306 55567 308 56067 309 56566 311 57065 313 57564 315 58063 317 58563 318 59062 320 59561 321 60060 323 60559 325 61058 326 61558 327 62057 329 62557 330 63056 332 63555 335 64055 336 64554 338 65054 341 65553 345 66053 348 66553 353 67052 359 67552 362 68052 367 68551 102 68654 269 69051 102 69155 271 69551 102 69655 273 70050 103 70154 275 70550 103 70654 276 71050 102 71156 1 71160 271 71550 102 71661 271 72050 103 72154 5 72160 273 72550 103 72654 280 73050 384 73549 386 74049 104 74154 6 74161 274 74549 387 75049 388 75549 388 76049 389 76548 390 77048 391 77548 391 78048 392 78548 392 79047 393 79547 393 80047 394 80547 394 81046 395 81546 395 82046 395 82546 395 83045 396 83545 396 84045 395 84545 395 85045 395 85544 396 86044 396 86544 396 87044 395 87544 395 88044 395 88544 394 89044 394 89544 393 90044 392 90544 391 91044 390 91544 389 92044 388 92544 386 93044 382 93544 374 94044 370 94544 368 95044 366 95544 365 96045 363 96545 362 97045 361 97545 360 98046 359 98546 358 99046 358 99547 356 100047 356 100548 355 101048 355 101549 353 102049 353 102549 353 103050 352 103550 351 104050 351 104551 350 105051 350 105552 349 106052 349 106552 349 107052 349 107553 348 108053 347 108553 347 109053 347 109553 347 110053 347 110553 347 111053 346 111553 346 112053 346 112553 346 113052 347 113552 347 114052 346 114552 346 115051 347 115551 347 116051 347 116550 348 117050 348 117549 349 118049 349 118548 349 119048 349 119548 349 120048 349 120547 350 121047 350 121547 350 122047 350 122547 350 123047 350 123547 350 124048 349 124548 349 125048 349 125550 346 126052 344 126559 337 127067 329 127570 326 128074 322 128578 318 129081 315 129584 311 130087 308 130590 305 131093 302 131595 300 132099 296 132602 292 133105 289 133608 285 134110 283 134613 280 135115 277 135617 274 136119 272 136621 269 137122 267 137624 265 138126 262 138627 260 139129 32 139178 208 139630 26 139682 204 140132 20 140184 201 140634 15 140686 199 141137 8 141188 196 141690 194 142191 192 142692 191 143193 189 143694 188 144195 186 144696 185 145197 183 145698 182 146199 180 146700 179 147201 177 147701 177 148202 176 148703 174 149204 173 149705 172 150206 171 150707 169 151208 168 151709 167 152210 166 152711 164 153212 163 153713 161 154215 159 154716 158 155217 156 155718 155 156219 153 156720 152 157222 149 157723 148 158225 145 158726 143 159228 140 159730 138 160231 136 160733 133 161235 130 161737 127 162238 125 162740 122 163242 118 163744 115 164246 112 164748 109 165251 105 165753 101 166255 98 166757 94 167258 92 167760 87 168263 82 168765 78 169266 74 169769 66 170271 60 170774 53 171277 46 171780 40 172284 31 172792 17
japanese_chin_35,40739 10 41070 14 41402 18 41734 22 42066 37 42398 40 42731 42 43063 45 43395 47 43727 49 44059 51 44392 52 44724 56 45056 59 45388 66 45721 72 46053 76 46386 79 46718 82 47051 85 47383 89 47716 91 48048 95 48380 99 48713 101 49046 104 49378 107 49711 109 50043 111 50376 113 50709 114 51042 115 51374 117 51707 117 52040 118 52373 119 52706 120 53039 121 53372 122 53705 123 54039 123 54372 125 54705 126 55038 128 55371 130 55704 132 56037 134 56370 137 56703 141 57037 142 57370 145 57703 147 58036 148 58369 150 58702 152 59035 154 59206 3 59368 157 59531 13 59701 176 60034 176 60367 175 60699 176 61032 175 61365 173 61698 170 62031 168 62364 166 62697 165 63030 164 63363 163 63696 162 64029 161 64361 162 64694 162 65027 162 65360 162 65692 163 66025 163 66357 164 66690 164 67022 165 67355 165 67687 166 68019 167 68351 168 68684 168 69016 169 69348 170 69681 170 70014 170 70346 171 70679 170 71011 171 71344 170 71677 170 72010 169 72342 170 72675 169 73007 169 73339 168 73671 168 74003 168 74336 166 74668 166 75000 166 75332 166 75664 165 75996 163 76328 162 76660 161 76992 161 77325 159 77657 159 77990 158 78322 158 78655 157 78988 156 79320 156 79653 156 79986 155 80318 156 80651 155 80984 155 81316 155 81649 155 81982 155 82315 155 82648 155 82980 158 83313 160 83646 161 83979 162 84312 164 84497 4 84645 166 84828 6 84978 168 85158 9 85311 188 85644 186 85977 185 86310 183 86643 181 86977 178 87310 175 87643 173 87977 169 88310 166 88644 162 88978 159 89311 157 89645 154 89979 152 90313 149 90648 146 90982 143 91317 140 91653 135 91988 132 92323 128 92659 123 92994 119 93329 114 93664 109 93999 105 94334 101 94668 98 95003 95 95337 92 95672 89 96006 86 96340 83 96674 80 97008 77 97342 74 97676 72 98011 69 98345 67 98680 64 99015 61 99350 59 99685 56 100022 51 100365 40 100703 35 101040 30 101388 14 101726 8 102064 1
basset_hound_65,102568 1 102968 6 103370 7 103772 8 104173 10 104575 11 104976 13 105378 14 105777 18 106177 21 106576 25 106977 27 107377 30 107777 33 108179 34 108578 38 108978 41 109380 42 109779 46 110180 49 110581 51 110981 55 111382 57 111784 59 112184 62 112586 64 112987 67 113388 69 113790 71 114191 73 114592 76 114699 15 114993 80 115082 12 115097 22 115395 130 115796 134 115939 4 116198 137 116340 8 116600 140 116742 12 117003 156 117405 160 117807 144 117952 18 118210 143 118356 20 118612 143 118761 21 119014 143 119165 22 119417 143 119570 23 119819 143 119975 23 120221 144 120380 22 120623 144 120784 23 121025 145 121188 23 121427 146 121591 24 121829 147 121995 24 122231 149 122399 24 122633 150 122803 24 123036 151 123207 24 123438 152 123611 23 123840 154 124015 23 124242 156 124419 22 124645 157 124824 21 125047 159 125229 19 125450 160 125635 16 125852 162 126041 13 126255 163 126446 11 126657 165 126851 9 127060 165 127256 8 127463 165 127660 7 127865 167 128065 6 128268 167 128469 6 128671 167 128873 6 129074 167 129278 3 129476 168 129879 168 130282 168 130685 168 131088 168 131491 168 131894 168 132297 167 132700 167 133103 167 133506 167 133909 167 134312 167 134716 166 135119 166 135306 7 135522 166 135708 20 135925 166 136110 23 136328 166 136512 25 136732 166 136913 27 137135 167 137314 29 137538 169 137715 31 137942 206 138345 206 138749 205 139152 204 139556 202 139960 199 140363 198 140767 196 141171 194 141575 190 141979 185 142383 177 142787 173 143192 166 143596 162 144001 158 144406 153 144810 151 145215 147 145621 142 146027 138 146432 134 146838 129 147244 125 147650 120 148056 115 148461 111 148867 107 149271 104 149676 100 150080 97 150484 94 150889 90 151294 86 151698 82 152104 77 152511 71 152916 66 153323 58 153731 48 154137 40 154546 29 154960 14
wheaten_terrier_161,107 214 482 215 857 215 1232 215 1607 215 1983 215 2358 215 2733 215 3109 214 3484 215 3860 214 4235 214 4611 213 4987 212 5362 213 5738 212 6113 212 6489 211 6865 210 7240 210 7616 209 7991 210 8366 210 8742 209 9117 209 9493 208 9868 208 10243 208 10618 208 10994 207 11369 207 11744 208 12120 207 12495 207 12870 208 13245 208 13621 207 13996 207 14371 208 14746 208 15122 207 15497 207 15872 208 16247 208 16623 208 16998 208 17373 208 17748 209 18124 208 18499 209 18874 209 19249 210 19625 209 20000 210 20375 211 20750 212 21125 213 21501 213 21876 215 22251 219 22627 232 23002 241 23377 247 23753 248 24128 248 24504 247 24879 247 25254 247 25630 246 26005 246 26380 246 26755 246 27131 245 27506 245 27882 244 28257 244 28632 244 29008 243 29383 243 29759 242 30134 242 30510 241 30885 241 31260 241 31636 240 32011 240 32387 239 32762 239 33137 239 33513 238 33888 238 34263 238 34638 238 35014 237 35389 237 35764 237 36140 236 36515 236 36890 236 37265 236 37640 236 38015 236 38390 236 38765 236 39140 236 39515 236 39890 236 40265 236 40640 236 41014 237 41389 237 41764 237 42139 237 42514 237 42888 238 43263 238 43638 238 44013 238 44387 239 44762 239 45136 240 45511 240 45886 240 46260 241 46635 241 47009 242 47384 242 47758 243 48133 243 48507 244 48881 245 49256 245 49630 246 50004 247 50378 248 50752 249 51126 250 51500 251 51874 252 52247 254 52621 255 52995 256 53368 258 53741 260 54114 262 54488 263 54861 265 55235 266 55609 267 55983 268 56356 270 56730 270 57105 267 57479 262 57853 258 58227 256 58601 254 58975 253 59349 252 59723 250 60097 249 60470 249 60844 248 61218 247 61592 246 61966 246 62340 246 62714 245 63088 245 63462 244 63836 243 64211 241 64585 240 64959 239 65334 237 65708 236 66082 235 66457 233 66831 233 67206 231 67580 231 67955 230 68329 229 68704 228 69079 227 69453 227 69828 226 70203 225 70577 224 70952 223 71327 221 71702 220 72077 218 72452 216 72827 212 73202 210 73577 206 73952 203 74327 200 74702 197 75077 189 75452 174 75827 173 76202 171 76577 170 76952 169 77327 169 77702 168 78077 168 78452 167 78827 167 79202 166 79577 166 79952 166 80327 165 80702 165 81077 165 81453 163 81828 163 82203 162 82578 162 82953 162 83329 161 83704 161 84079 160 84454 160 84830 159 85205 158 85580 158 85956 156 86331 156 86706 155 87081 155 87457 153 87832 153 88207 152 88582 152 88958 150 89333 150 89708 149 90083 149 90459 148 90834 147 91209 147 91585 145 91960 145 92336 144 92711 144 93086 143 93462 142 93837 142 94213 141 94588 141 94964 140 95339 140 95715 139 96090 139 96466 138 96841 138 97217 137 97592 137 97968 136 98343 136 98719 134 99094 134 99470 133 99845 133 100221 131 100596 131 100972 129 101348 127 101723 127 102099 124 102474 123 102850 121 103226 118 103601 117 103977 115 104353 113 104728 112 105104 110 105479 110 105855 108 106231 106 106607 105 106983 103 107359 102 107735 100 108111 98 108488 96 108864 95 109242 91 109619 89 109996 86 110373 84 110749 83 111127 80 111504 77 111883 73 112263 68 112641 65 113018 62 113395 60 113771 59 114147 57 114523 56 114900 53 115276 52 115654 48 116032 44 116410 40 116787 37 117165 32 117542 28 117919 24 118296 19 118674 13
yorkshire_terrier_156,18403 8 18526 14 18619 17 18749 20 18837 25 18973 25 19058 29 19197 29 19279 33 19421 33 19500 36 19645 38 19720 41 19870 42 19942 44 20094 45 20166 45 20318 49 20388 48 20543 50 20611 50 20767 53 20834 52 20992 56 21054 57 21216 121 21440 121 21665 121 21889 122 22113 123 22338 123 22562 123 22786 124 23010 125 23235 125 23459 126 23683 126 23907 127 24131 128 24354 130 24577 131 24801 132 25024 134 25248 135 25472 136 25697 136 25921 137 26146 137 26370 138 26595 138 26819 139 27044 139 27269 139 27493 140 27718 140 27943 141 28168 141 28393 141 28618 141 28843 142 29068 142 29293 143 29518 143 29743 144 29968 144 30193 145 30418 146 30643 146 30867 148 31092 149 31317 150 31542 151 31767 151 31992 152 32217 153 32441 154 32666 155 32891 156 33116 156 33341 157 33565 158 33790 159 34015 159 34240 160 34465 160 34690 161 34915 161 35140 161 35365 161 35590 161 35816 159 36041 158 36266 157 36491 156 36716 156 36942 154 37167 153 37392 153 37617 153 37843 152 38068 151 38293 151 38519 149 38744 148 38970 145 39195 144 39420 144 39646 142 39871 142 40096 141 40322 140 40547 140 40772 140 40998 139 41223 139 41448 139 41674 138 41899 139 42124 139 42350 138 42575 138 42800 138 43026 138 43251 138 43476 138 43702 137 43927 137 44153 136 44379 136 44604 136 44830 136 45055 136 45281 136 45507 136 45732 70 45804 65 45958 66 46032 63 46183 64 46258 63 46409 62 46484 64 46634 60 46710 64 46860 58 46935 64 47085 57 47161 63 47311 54 47386 62 47536 52 47611 62 47762 49 47836 61 47988 46 48062 59 48213 41 48287 58 48439 37 48512 58 48665 34 48737 58 48891 31 48962 57 49117 28 49187 56 49344 24 49412 55 49570 18 49637 55 49797 10 49862 54 50087 53 50312 53 50537 53 50762 53 50988 52 51213 52 51438 52 51663 52 51888 52 52113 52 52338 52 52563 52 52788 52 53014 51 53239 51 53464 51 53689 51 53915 50 54140 50 54365 50 54590 50 54816 49 55041 49 55267 48 55492 48 55717 48 55943 47 56168 47 56394 46 56619 46 56845 45 57071 44 57297 43 57522 43 57748 42 57974 41 58200 40 58426 39 58652 38 58878 37 59104 36 59329 36 59555 35 59780 35 60006 34 60231 34 60457 6 60466 24 60682 4 60693 22 60920 20 61146 19 61372 18 61598 16 61825 14 62051 13 62276 13 62502 12 62728 11 62954 10 63179 11 63405 9 63630 9 63856 8 64081 8 64307 7 64532 7 64758 5 64985 1
leonberger_159,18858 50 19276 59 19694 66 20111 75 20530 81 20947 90 21362 102 21782 109 22203 114 22369 7 22624 119 22778 28 23046 124 23188 45 23468 130 23603 57 23889 196 24310 200 24732 202 25153 206 25575 208 25998 210 26420 212 26841 215 27263 218 27684 221 28106 223 28528 226 28949 229 29370 232 29792 235 30215 236 30636 240 31059 241 31481 244 31903 246 32325 249 32747 252 33169 254 33591 257 34013 259 34435 262 34858 263 35281 265 35704 266 36127 268 36549 270 36972 272 37395 273 37818 275 38241 276 38664 277 39086 279 39509 281 39931 283 40354 284 40777 285 41199 288 41622 289 42045 290 42467 292 42890 293 43312 295 43735 296 44158 298 44580 300 45003 301 45426 302 45849 303 46273 304 46696 305 47119 306 47542 307 47966 308 48389 309 48813 309 49237 309 49660 311 50084 311 50507 313 50931 313 51354 315 51778 315 52202 316 52625 318 53049 318 53472 320 53896 321 54319 323 54743 324 55166 327 55590 330 56013 334 56437 336 56860 340 57284 343 57707 346 58131 350 58554 353 58978 355 59401 358 59825 360 60248 363 60671 366 61095 367 61518 369 61942 371 62365 373 62789 375 63212 379 63636 381 64059 386 64483 388 64906 390 65330 391 65754 391 66177 392 66601 392 67024 393 67448 393 67872 393 68295 394 68719 394 69143 394 69566 395 69990 395 70414 395 70838 395 71262 395 71685 396 72109 396 72533 396 72957 396 73381 396 73804 397 74228 397 74652 397 75076 397 75500 397 75924 397 76348 397 76772 397 77196 397 77620 397 78044 397 78467 398 78891 398 79315 398 79739 398 80163 398 80587 398 81011 398 81435 398 81859 398 82283 398 82707 398 83131 398 83555 398 83979 398 84403 398 84827 398 85251 398 85675 398 86099 398 86523 398 86946 399 87370 399 87794 399 88218 399 88642 399 89066 399 89490 399 89914 399 90337 400 90761 400 91185 400 91609 400 92033 400 92457 400 92881 400 93304 401 93728 401 94152 401 94576 401 95000 401 95424 401 95848 401 96272 401 96696 401 97120 401 97544 401 97968 401 98392 401 98816 401 99240 401 99664 401 100089 400 100513 400 100937 400 101361 400 101785 400 102209 400 102633 400 103057 400 103482 399 103906 399 104330 399 104754 399 105178 399 105602 399 106026 399 106450 399 106874 399 107298 399 107722 399 108146 399 108570 399 108994 399 109418 399 109842 399 110266 399 110691 398 111115 398 111539 398 111963 398 112387 398 112811 398 113235 398 113659 398 114083 398 114507 398 114931 398 115355 398 115779 398 116203 398 116627 398 117051 398 117475 398 117900 397 118324 397 118748 397 119172 397 119595 398 120019 398 120443 398 120867 398 121291 398 121715 398 122139 398 122563 398 122987 398 123411 398 123835 398 124259 398 124683 398 125107 398 125531 398 125956 397 126380 397 126804 397 127228 397 127652 397 128076 397 128500 397 128924 397 129349 396 129773 396 130197 396 130621 396 131046 395 131470 395 131894 395 132319 394 132743 394 133167 394 133592 393 134016 393 134441 392 134865 392 135290 391 135714 391 136138 391 136563 390 136987 390 137412 389 137836 389 138261 388 138685 388 139110 387 139534 387 139959 386 140383 386 140808 385 141232 385 141657 384 142081 384 142506 383 142930 383 143354 383 143779 382 144204 381 144628 381 145053 380 145477 380 145902 379 146327 378 146751 378 147176 377 147600 377 148025 376 148450 375 148874 375 149299 374 149724 373 150149 372 150573 372 150998 371 151423 370 151847 370 152272 369 152697 368 153122 367 153546 367 153971 366 154396 365 154820 365 155245 364 155670 363 156095 362 156520 361 156944 361 157369 360 157794 359 158219 358 158644 357 159069 356 159494 355 159919 354 160344 353 160770 351 161195 350 161620 349 162046 347 162471 346 162897 344 163322 343 163748 341 164173 340 164598 339 165024 337 165450 335 165875 334 166300 333 166725 332 167150 331 167576 329 168001 328 168427 326 168853 324 169279 322 169705 320 170131 318 170557 316 170983 314 171408 313 171834 311 172261 308 172687 306 173114 303 173540 301 173968 297 174394 295 174822 291 175247 290 175673 288 176099 286 176524 285 176950 283 177376 281 177801 280 178228 277 178653 276 179078 275 179504 273 179929 272 180354 271 180779 270 181204 269 181629 268 182054 267 182479 266 182903 266 183328 265 183753 264 184177 264 184602 263 185027 262 185452 261 185876 261 186301 260 186725 260 187150 259 187574 259 187998 259 188423 258 188847 258 189272 257 189696 257 190120 257 190545 256 190969 256 191394 255 191818 255 192242 255 192667 254 193091 254 193516 253 193940 253 194365 252 194789 252 195214 251 195638 251 196063 250 196488 249 196912 249 197337 248 197762 247 198187 246 198612 245 199037 244 199462 243 199887 242 200312 241 200738 239 201163 238 201589 236 202014 235 202440 233 202866 231 203291 230 203716 229 204141 228 204566 227 204991 226 205416 225 205841 224 206266 223 206690 223 207115 222 207540 221 207965 220 208389 220 208814 219 209239 218 209663 218 210088 217 210513 216 210937 215 211361 214 211785 213
leonberger_53,29863 3 30238 4 30612 6 30987 7 31362 8 31736 10 32111 11 32486 11 32860 13 33235 13 33610 14 33985 14 34360 14 34735 14 35110 14 35485 14 35860 14 36234 15 36609 15 36984 15 37359 15 37734 15 38109 15 38484 15 38859 15 39234 15 39609 15 39984 15 40359 14 40734 14 41109 14 41484 14 41859 14 42234 14 42609 14 42984 14 43359 14 43734 14 44109 14 44484 14 44859 14 45234 14 45609 14 45984 15 46359 15 46734 15 47109 15 47484 15 47859 15 48234 15 48609 16 48983 17 49358 17 49733 17 50108 18 50483 18 50857 19 51078 7 51232 19 51451 12 51607 20 51825 16 51982 20 52199 20 52357 20 52572 27 52732 20 52946 32 53107 20 53320 36 53482 20 53695 38 53857 20 54069 42 54232 20 54443 45 54607 20 54817 48 54982 20 55192 51 55357 20 55566 56 55732 20 55940 62 56009 9 56019 2 56107 21 56315 85 56482 21 56689 87 56857 21 57063 91 57232 21 57438 96 57607 21 57737 2 57812 100 57982 22 58109 7 58186 103 58357 22 58483 10 58561 104 58731 23 58857 12 58935 107 59106 23 59232 12 59309 110 59481 23 59606 14 59683 113 59855 24 59981 15 60058 116 60229 26 60356 15 60432 121 60604 26 60731 16 60806 125 60977 29 61105 17 61181 129 61351 32 61480 18 61555 133 61725 35 61855 18 61929 137 62098 40 62230 18 62304 140 62471 45 62605 19 62678 146 62841 52 62979 20 63052 219 63354 20 63426 221 63729 20 63801 223 64104 20 64175 227 64479 20 64550 245 64854 19 64924 248 65229 19 65298 251 65604 18 65673 252 65978 19 66047 254 66353 19 66422 254 66728 18 66796 256 67103 18 67170 258 67478 17 67545 259 67852 18 67919 261 68227 17 68293 262 68602 17 68668 263 68977 16 69042 265 69351 17 69416 267 69726 16 69791 268 70101 16 70165 270 70476 15 70539 271 70851 15 70914 272 71225 15 71288 274 71600 15 71662 276 71975 15 72037 276 72350 14 72411 278 72725 14 72785 280 73100 14 73160 280 73474 14 73534 282 73849 14 73909 282 74224 14 74283 284 74599 14 74658 284 74974 14 75032 286 75349 14 75407 286 75724 14 75781 287 76098 15 76156 288 76473 15 76530 289 76848 15 76905 290 77223 15 77280 290 77598 15 77654 291 77973 15 78029 292 78347 16 78404 292 78722 16 78778 293 79097 16 79153 294 79472 15 79528 294 79847 15 79903 295 80222 15 80278 295 80596 16 80653 296 80971 16 81028 296 81346 15 81403 297 81721 15 81779 296 82095 16 82154 297 82470 16 82529 297 82845 15 82904 298 83219 16 83279 299 83594 16 83655 298 83968 17 84030 299 84343 17 84405 300 84717 17 84781 300 85091 18 85156 302 85464 20 85531 305 85838 21 85906 328 86282 327 86657 327 87032 327 87407 328 87783 327 88158 327 88533 327 88908 327 89283 327 89659 326 90034 326 90409 326 90784 326 91159 326 91535 325 91910 325 92285 325 92660 325 93036 323 93411 323 93786 323 94161 323 94537 322 94912 322 95287 321 95662 321 96037 321 96412 321 96788 320 97163 319 97538 319 97913 319 98288 319 98663 319 99038 319 99413 319 99789 317 100164 317 100539 317 100914 317 101289 317 101664 317 102039 318 102414 318 102789 318 103164 318 103539 318 103914 318 104289 318 104664 318 105039 319 105414 319 105789 319 106164 319 106539 319 106914 319 107289 319 107664 319 108038 320 108413 320 108788 320 109163 320 109538 320 109913 319 110288 319 110663 319 111038 319 111413 318 111788 318 112163 318 112539 316 112914 315 113289 315 113664 315 114039 314 114414 314 114789 313 115164 313 115539 313 115915 311 116290 311 116665 311 117040 311 117415 311 117790 310 118165 310 118540 310 118915 310 119291 309 119666 309 120041 309 120416 309 120791 309 121167 308 121542 308 121917 308 122292 308 122668 307 123043 307 123419 306 123794 306 124170 305 124546 303 124922 302 125297 302 125673 301 126049 300 126426 298 126802 296 127178 295 127554 294 127931 292 128307 291 128683 290 129060 288 129436 287 129813 285 130190 283 130567 281 130944 279 131321 277 131698 275 132075 273 132452 272 132829 270 133206 268 133583 266 133960 265 134337 263 134714 261 135091 260 135469 257 135846 255 136223 254 136601 251 136978 250 137355 249 137732 248 138108 248 138484 247 138860 247 139236 247 139612 247 139988 247 140364 247 140739 247 141115 247 141491 247 141866 247 142242 247 142617 249 142992 250 143368 250 143743 251 144118 251 144494 251 144869 252 145245 252 145620 252 145995 253 146371 252 146746 252 147121 253 147497 252 147872 253 148248 252 148623 253 148998 253 149373 253 149749 252 150124 252 150499 252 150875 251 151250 251 151625 250 152000 250 152375 250 152751 249 153126 249 153501 249 153876 249 154251 248 154626 248 155001 248 155376 248 155751 248 156127 247 156502 247 156877 247 157252 247 157627 247 158002 247 158377 246 158752 247 159127 247 159502 246 159877 246 160253 245 160628 245 161003 245 161378 245 161754 244 162129 244 162504 244 162880 243 163255 243 163631 242 164006 242 164381 242 164757 241 165132 241 165507 241 165883 241 166258 241 166633 241 167009 240 167384 240 167760 239 168135 239 168510 239 168886 237 169261 237 169636 237 170012 236 170387 236 170762 235 171138 234 171513 234 171888 234 172263 234 172639 233 173014 203 173222 25 173389 201 173598 24 173765 199 173974 23 174140 197 174349 24 174515 196 174725 23 174890 195 175100 23 175266 193 175476 10 175487 10 175641 192 175852 7 175863 9 176016 191 176227 6 176239 5 176391 189 176604 3 176767 187 177142 185 177517 183 177892 182 178268 179 178643 178 179018 176 179393 175 179768 174 180143 172 180519 169 180894 167 181269 166 181644 164 182019 162 182394 160 182770 157 183145 156 183520 153 183895 151 184270 150 184645 148 185021 145 185396 144 185771 143 186146 142 186521 142 186896 142 187271 143
shiba_inu_95,91682 34 92175 48 92646 82 93133 108 93608 137 94101 146 94595 156 95091 162 95290 14 95588 168 95787 19 96084 175 96284 27 96582 181 96780 33 97080 234 97578 238 98076 242 98574 245 99073 247 99572 250 100071 253 100570 256 101069 258 101569 259 102068 261 102568 261 103068 261 103333 2 103568 261 103832 6 104068 262 104332 9 104342 1 104569 261 104832 14 105069 261 105332 16 105570 260 105832 19 106070 283 106571 284 107072 285 107573 286 108074 287 108575 288 109076 288 109578 288 110079 289 110580 290 111082 289 111584 288 112086 288 112587 288 113089 287 113591 286 114093 285 114595 284 115097 283 115599 282 116101 281 116603 280 117105 279 117606 278 118108 277 118609 276 119111 275 119613 273 120114 273 120615 272 121117 270 121618 269 122119 268 122621 266 123122 265 123624 263 124125 262 124626 261 125128 259 125628 259 126129 258 126630 257 127131 256 127632 254 128132 254 128633 253 129134 252 129634 252 130135 251 130635 250 131135 250 131635 250 132136 248 132636 248 132959 4 133136 248 133456 9 133636 248 133954 13 134136 248 134453 15 134636 247 134952 17 135136 247 135451 19 135636 247 135951 20 136136 246 136450 21 136637 245 136949 23 137137 245 137449 24 137637 244 137948 25 138137 244 138448 26 138637 243 138948 26 139137 242 139448 26 139637 242 139947 27 140137 241 140447 27 140637 241 140947 28 141137 240 141446 29 141637 240 141946 29 142137 239 142446 29 142638 238 142945 30 143138 237 143445 30 143637 238 143944 32 144137 237 144444 32 144637 237 144944 32 145137 236 145443 33 145637 236 145943 33 146137 235 146442 34 146637 235 146941 36 147136 235 147440 37 147636 234 147940 37 148135 235 148439 38 148635 234 148937 40 149135 234 149436 41 149634 234 149935 42 150133 234 150433 44 150633 233 150932 45 151132 234 151431 46 151632 233 151930 47 152131 233 152429 48 152630 233 152927 50 153129 234 153426 51 153629 233 153925 52 154128 233 154423 54 154627 234 154922 55 155126 234 155421 56 155625 234 155920 57 156123 236 156420 57 156622 237 156919 58 157120 238 157418 59 157619 238 157918 59 158117 240 158417 60 158616 240 158916 61 159114 242 159416 61 159612 243 159915 62 160111 243 160415 62 160609 244 160914 63 161108 243 161414 62 161606 243 161913 63 162105 243 162413 63 162603 242 162912 63 163101 242 163412 63 163600 242 163912 62 164098 243 164412 62 164597 243 164911 62 165095 244 165411 61 165594 244 165910 62 166093 244 166410 61 166591 246 166910 61 167090 246 167409 61 167589 246 167909 60 168087 248 168409 60 168586 249 168909 59 169085 249 169408 59 169584 250 169908 58 170083 251 170408 57 170583 251 170907 57 171082 252 171407 56 171581 253 171906 56 172081 253 172406 54 172581 252 172905 54 173081 252 173404 54 173580 253 173904 53 174081 251 174403 53 174581 251 174901 53 175081 251 175400 53 175582 249 175898 53 176082 249 176395 55 176583 248 176894 54 177084 246 177390 57 177586 244 177881 64 178087 242 178377 67 178589 240 178875 67 179091 238 179373 68 179594 234 179871 69 180097 231 180370 69 180602 225 180869 69 181117 210 181368 69 181626 200 181867 69 182139 6 182174 151 182366 69 182678 146 182865 69 183185 138 183364 69 183706 116 183864 68 184209 112 184365 8 184377 54 184715 105 184886 44 185221 98 185389 39 185724 93 185891 36 186236 80 186394 31 186745 70 186897 26 187256 4 187286 27 187400 21 187791 20 187905 9 188295 13
american_bulldog_100,59761 12 60086 26 60411 41 60740 50 61065 63 61395 70 61726 74 62055 80 62385 86 62716 90 63048 94 63379 99 63711 106 64043 111 64375 114 64708 116 65040 117 65372 119 65704 120 66037 120 66369 121 66701 121 67034 119 67366 115 67699 113 68031 113 68364 112 68696 112 69028 113 69361 112 69693 113 70026 112 70358 113 70691 113 71024 112 71356 113 71689 113 72022 112 72354 113 72687 112 73020 111 73353 110 73685 111 74018 110 74351 108 74684 107 75016 107 75349 106 75682 106 76015 105 76348 105 76680 105 77013 105 77346 105 77679 105 78012 105 78345 105 78678 106 79011 106 79344 106 79677 106 80010 106 80343 107 80676 107 81009 107 81342 108 81675 108 82009 108 82342 108 82675 109 83009 108 83342 109 83676 110 84010 110 84130 6 84344 126 84678 125 85012 125 85346 123 85680 122 86014 120 86348 117 86682 115 87017 110 87352 106 87685 103 88019 100 88353 97 88687 94 89021 91 89355 88 89689 84 90022 79 90356 74 90689 64 91022 53 91355 45 91689 33 92022 30 92356 26 92689 22 93023 19 93357 14 93693 6
havanese_29,34493 18 34824 23 35154 30 35486 35 35818 39 36150 44 36482 52 36814 57 37146 63 37479 66 37812 68 38145 71 38478 73 38811 75 39145 76 39478 78 39812 79 40145 81 40479 82 40813 83 41147 84 41481 85 41815 87 42148 89 42482 90 42816 92 43150 93 43484 95 43818 99 43921 18 44152 124 44486 127 44820 129 45154 130 45488 132 45822 134 46156 136 46490 137 46824 139 47158 140 47492 142 47826 143 48161 144 48495 146 48829 148 49163 149 49497 151 49831 153 50165 155 50499 156 50833 158 51167 160 51501 161 51835 163 52169 164 52503 166 52837 167 53171 168 53505 169 53839 170 54172 173 54506 174 54840 175 55174 177 55508 179 55842 181 56176 183 56510 184 56844 186 57178 188 57512 190 57846 191 58180 192 58514 194 58848 195 59182 197 59516 198 59850 200 60184 201 60518 203 60852 204 61186 206 61520 208 61854 210 62188 213 62522 216 62856 220 63190 224 63525 225 63859 227 64193 231 64527 242 64861 244 65195 244 65529 245 65864 244 66198 245 66532 245 66867 244 67201 244 67536 243 67871 242 68205 242 68540 241 68875 240 69210 239 69544 240 69878 240 70213 239 70547 238 70881 238 71215 238 71549 238 71883 238 72217 237 72551 237 72885 237 73219 236 73552 237 73886 236 74220 235 74553 235 74887 234 75220 231 75554 229 75887 227 76221 223 76554 222 76887 216 77221 212 77554 211 77887 210 78221 208 78554 208 78887 208 79220 208 79552 209 79885 209 80218 210 80550 211 80883 212 81216 212 81549 213 81882 213 82215 214 82549 213 82882 214 83215 215 83548 215 83881 216 84215 215 84548 215 84881 215 85215 215 85548 215 85881 215 86215 214 86549 213 86882 213 87216 212 87549 211 87883 209 88217 206 88551 203 88884 200 89218 197 89552 195 89886 191 90220 187 90554 177 90888 172 91222 169 91556 167 91891 166 92225 165 92559 165 92894 164 93228 164 93562 164 93897 163 94231 163 94566 162 94900 162 95234 162 95569 161 95903 161 96238 160 96572 160 96906 161 97240 161 97575 161 97909 162 98243 164 98578 165 98912 180 99247 184 99581 188 99916 195 100251 201 100585 203 100920 203 101256 201 101590 202 101925 201 102261 200 102596 199 102931 198 103266 197 103602 195 103936 195 104271 194 104607 192 104942 191 105277 189 105613 187 105950 184 106288 179 106626 175 106961 173 107225 3 107297 171 107558 5 107633 168 107891 6 107940 4 107969 165 108225 7 108272 7 108304 163 108558 8 108605 9 108640 159 108892 9 108939 9 108976 152 109226 9 109273 9 109311 144 109559 10 109607 9 109647 27 109680 104 109893 11 109943 7 109985 10 110035 79 110228 10 110279 4 110374 38 110425 20 110562 10 110713 5 110764 10 110896 10 111231 9 111565 8 111900 7 112236 2
Bombay_140,693 610 2293 610 3893 610 5492 613 7091 616 8690 619 10290 621 11889 623 13488 625 15088 626 16688 626 18287 628 19887 628 21487 628 23086 630 24686 630 26286 631 27885 632 29485 633 31084 635 32684 635 34283 636 35883 636 37483 637 39082 638 40682 638 42282 638 43882 638 45482 638 47082 638 48682 638 50282 638 51882 638 53482 638 55082 638 56682 639 58282 639 59882 639 61482 639 63082 639 64682 639 66283 638 67883 638 69483 638 71083 638 72683 638 74283 638 75884 637 77484 637 79084 637 80684 637 82284 637 83884 637 85485 636 87085 636 88685 636 90285 636 91885 637 93485 637 95085 637 96686 636 98286 636 99886 636 101486 636 103086 636 104686 636 106286 637 107886 637 109486 637 111086 637 112686 637 114287 636 115887 636 117487 636 119087 637 120687 637 122287 637 123887 637 125488 636 127088 636 128688 636 130288 636 131889 635 133489 635 135089 635 136689 635 138289 636 139890 635 141490 635 143090 635 144690 635 146290 635 147890 635 149490 635 151091 634 152691 634 154291 634 155891 635 157491 635 159091 635 160691 635 162291 635 163891 635 165491 635 167091 635 168692 634 170292 634 171892 634 173492 634 175092 634 176692 634 178293 634 179893 634 181493 634 183093 634 184694 633 186294 633 187894 633 189494 633 191094 633 192695 632 194295 633 195895 633 197495 633 199095 633 200695 633 202296 632 203896 632 205496 632 207096 632 208696 632 210296 632 211896 632 213496 632 215097 631 216697 632 218297 632 219897 632 221497 632 223097 632 224697 632 226298 631 227898 631 229498 631 231098 632 232699 631 234299 631 235899 631 237499 631 239100 630 240700 630 242300 630 243900 630 245500 630 247100 630 248701 629 250301 629 251901 629 253501 629 255101 629 256701 630 258301 630 259901 630 261501 630 263102 629 264702 629 266302 629 267902 629 269502 629 271103 628 272703 628 274303 628 275904 627 277504 627 279104 627 280705 626 282305 627 283905 627 285505 627 287105 627 288706 626 290306 626 291906 626 293506 626 295106 626 296706 626 298306 626 299907 625 301507 625 303107 625 304708 624 306308 624 307908 624 309509 623 311109 623 312709 623 314310 622 315910 622 317510 622 319110 622 320710 623 322311 622 323911 622 325511 622 327111 622 328711 622 330311 622 331912 621 333512 621 335112 621 336712 621 338312 621 339913 620 341513 620 343113 620 344713 621 346314 620 347914 620 349514 620 351114 620 352715 619 354315 619 355915 619 357515 619 359115 619 360715 619 362315 619 363916 618 365516 618 367116 618 368716 618 370316 618 371916 619 373516 619 375117 618 376717 618 378317 618 379917 618 381517 618 383117 618 384717 618 386318 617 387918 617 389518 617 391118 617 392718 617 394318 617 395919 616 397519 616 399119 616 400719 616 402319 616 403919 616 405519 616 407120 615 408720 615 410320 615 411920 615 413520 615 415120 615 416720 615 418320 615 419920 615 421520 615 423120 615 424720 615 426320 615 427920 615 429520 615 431120 615 432720 615 434321 614 435921 614 437521 614 439121 614 440721 614 442321 614 443921 614 445521 614 447121 614 448721 614 450321 614 451921 614 453521 614 455121 614 456721 614 458321 614 459921 614 461521 614 463121 614 464721 615 466321 615 467921 615 469521 615 471121 615 472721 615 474321 615 475921 615 477521 615 479121 615 480721 615 482320 616 483920 616 485520 616 487120 616 488720 616 490320 616 491920 616 493520 616 495120 616 496720 616 498320 616 499920 616 501520 616 503120 616 504720 616 506320 616 507920 616 509520 616 511120 615 512720 615 514320 615 515920 615 517520 615 519120 615 520720 615 522320 616 523920 615 525520 615 527120 615 528720 615 530320 615 531919 616 533519 616 535119 616 536719 616 538319 616 539919 616 541519 616 543119 616 544719 616 546319 616 547919 617 549519 617 551119 617 552719 617 554319 617 555919 617 557519 617 559119 617 560719 617 562319 617 563919 617 565519 617 567119 617 568719 617 570318 618 571918 618 573518 618 575118 618 576718 618 578318 619 579918 619 581518 619 583118 619 584718 619 586318 619 587918 619 589518 619 591118 620 592718 620 594318 620 595918 620 597519 619 599119 620 600719 620 602319 620 603919 620 605519 620 607119 620 608719 621 610319 621 611919 621 613519 621 615119 621 616719 621 618319 622 619919 622 621519 622 623119 622 624719 622 626319 623 627920 622 629520 622 631120 622 632720 623 634320 623 635920 623 637520 623 639120 624 640720 624 642320 624 643920 624 645520 625 647120 625 648720 625 650320 625 651920 626 653520 626 655120 626 656720 626 658320 627 659920 627 661520 627 663120 627 664720 628 666320 628 667920 628 669520 629 671120 629 672720 629 674320 629 675920 630 677520 630 679120 630 680720 630 682320 630 683920 631 685520 631 687120 631 688720 631 690320 632 691920 632 693520 632 695121 631 696721 632 698321 632 699921 633 701521 633 703121 634 704721 634 706321 634 707921 634 709521 635 711121 635 712721 635 714321 636 715921 636 717521 636 719121 637 720721 637 722321 638 723921 638 725521 639 727121 639 728721 639 730321 640 731921 640 733521 640 735121 641 736721 641 738321 642 739921 642 741521 643 743121 643 744721 644 746321 644 747921 644 749521 645 751121 645 752721 646 754321 646 755922 646 757522 646 759122 647 760722 648 762322 648 763922 649 765522 649 767122 649 768722 650 770322 650 771922 651 773522 652 775123 651 776723 652 778323 652 779923 653 781523 653 783123 654 784723 654 786324 654 787924 655 789524 655 791124 656 792724 656 794324 656 795924 657 797524 657 799124 658 800724 658 802324 658 803925 658 805525 659 807125 659 808725 660 810325 660 811925 660 813525 661 815125 661 816725 661 818325 662 819925 662 821525 663 823125 663 824725 664 826325 664 827925 665 829525 665 831126 664 832726 665 834326 665 835926 665 837526 666 839126 666 840726 666 842326 666 843926 667 845526 667 847126 667 848726 667 850326 668 851926 668 853526 669 855127 668 856727 668 858327 669 859927 669 861527 669 863127 669 864727 670 866327 670 867927 670 869527 670 871127 671 872727 671 874327 671 875927 671 877527 672 879127 672 880728 671 882328 672 883928 672 885528 672 887128 672 888728 672 890328 672 891928 673 893528 673 895128 673 896728 673 898328 673 899928 673 901528 673 903128 673 904728 673 906328 673 907928 674 909528 674 911128 674 912728 674 914328 674 915929 673 917529 673 919129 673 920729 673 922329 674 923929 674 925529 674 927129 674 928729 674 930329 674 931929 674 933529 674 935129 674 936729 675 938329 675 939929 675 941529 675 943129 675 944729 675 946329 675 947929 675 949529 675 951129 675 952730 675 954330 675 955929 676 957529 676 959129 676 960729 676 962329 676 963929 676 965529 676 967129 676 968729 676 970329 676 971928 677 973528 677 975128 677 976728 677 978328 678 979927 679 981527 679 983127 679 984727 679 986327 679 987927 679 989527 679 991126 680 992726 680 994326 680 995926 680 997526 680 999126 680 1000725 681 1002325 681 1003925 681 1005525 681 1007124 682 1008724 682 1010324 682 1011923 683 1013523 683 1015122 684 1016722 684 1018322 684 1019921 685 1021521 685 1023121 685 1024721 685 1026320 685 1027326 14 1027920 685 1028923 21 1029520 685 1030522 24 1031119 686 1032121 28 1032719 686 1033720 33 1034318 687 1035319 41 1035918 687 1036919 45 1037517 688 1038518 48 1039116 689 1040118 50 1040716 688 1041717 54 1042316 688 1043317 59 1043915 689 1044917 63 1045515 689 1046517 65 1047114 690 1048117 67 1048713 690 1049717 69 1050313 690 1051317 72 1051912 691 1052917 77 1053511 692 1054517 79 1055111 692 1056117 81 1056710 693 1057717 83 1058310 692 1059317 86 1059909 693 1060918 89 1061508 694 1062518 92 1063107 695 1064118 94 1064706 696 1065719 95 1066306 696 1067319 97 1067905 697 1068919 101 1069504 698 1070520 105 1071103 699 1072120 108 1072702 700 1073720 110 1074301 701 1075321 112 1075900 702 1076921 116 1077499 703 1078521 121 1079098 704 1080122 123 1080697 705 1081722 125 1082296 705 1083322 127 1083895 706 1084923 130 1085494 707 1086524 135 1087092 709 1088125 140 1088691 710 1089725 142 1090289 712 1091326 144 1091888 713 1092926 148 1093487 714 1094527 152 1095085 716 1096127 157 1096684 717 1097728 161 1098282 719 1099328 165 1099881 720 1100929 168 1101479 722 1102530 173 1103077 724 1104130 180 1104529 21 1104674 727 1105731 188 1106115 46 1106272 729 1107331 194 1107709 59 1107870 731 1108932 199 1109306 67 1109469 732 1110533 207 1110902 76 1111067 734 1112134 219 1112496 88 1112663 738 1113735 226 1114090 101 1114259 742 1115335 230 1115687 110 1115856 745 1116936 231 1117285 115 1117454 747 1118536 233 1118883 122 1119051 750 1120137 236 1120479 134 1120645 755 1121738 239 1122075 925 1123339 241 1123672 928 1124940 242 1125270 930 1126541 244 1126869 931 1128141 246 1128466 934 1129742 249 1130063 937 1131343 251 1131660 940 1132944 252 1133258 942 1134545 253 1134855 944 1136146 255 1136452 947 1137746 259 1138047 952 1139347 265 1139639 960 1140948 1251 1142549 1249 1144150 1248 1145751 1247 1147352 1246 1148953 1244 1150554 1243 1152155 1242 1153755 1242 1155356 1241 1156957 1240 1158559 1237 1160159 1237 1161760 1236 1163361 1235 1164962 1234 1166563 1233 1168164 1232 1169765 1230 1171366 1229 1172967 1228 1174568 1227 1176169 1226 1177770 1225 1179371 1223 1180972 1222 1182573 1221 1184174 1220 1185775 1218 1187376 1217 1188977 1216 1190578 1215 1192179 1213 1193780 1212 1195381 1211 1196982 1210 1198583 1209 1200185 1206 1201785 1206 1203386 1205 1204987 1204 1206588 1203 1208190 1200 1209791 1199 1211392 1198 1212992 1198 1214594 1196 1216195 1195 1217796 1193 1219397 1192 1220998 1191 1222599 1190 1224200 1189 1225802 1187 1227403 1186 1229004 1184 1230605 1183 1232206 1182 1233807 1181 1235408 1180 1237009 1178 1238610 1177 1240212 1175 1241813 1174 1243415 1172 1245016 1170 1246616 1170 1248217 1169 1249819 1167 1251420 1166 1253021 1165 1254622 1164 1256223 1162 1257824 1161 1259425 1160 1261026 1159 1262627 1158 1264228 1157 1265830 1154 1267431 1153 1269032 1152 1270633 1151 1272234 1150 1273835 1148 1275436 1147 1277038 1145 1278639 1144 1280240 1143 1281841 1141 1283441 1141 1285043 1139 1286644 1138 1288245 1136 1289845 1136 1291446 1135 1293047 1134 1294648 1133 1296249 1131 1297850 1130 1299450 1130 1301051 1129 1302651 1129 1304252 1127 1305853 1126 1307453 1126 1309054 1125 1310655 1123 1312256 1122 1313856 1122 1315457 1121 1317057 1120 1318658 1119 1320259 1118 1321859 1117 1323460 1116 1325060 1116 1326661 1115 1328261 1114 1329861 1114 1331461 1114 1333062 1113 1334662 1112 1336262 1112 1337863 1111 1339463 1110 1341064 1109 1342664 1108 1344264 1108 1345865 1107 1347465 1106 1349065 1106 1350666 1105 1352266 1105 1353866 1104 1355466 1104 1357066 1104 1358666 1104 1360267 1102 1361867 1102 1363467 1101 1365067 1101 1366667 1101 1368268 1099 1369868 1099 1371468 1098 1373069 1097 1374669 1097 1376269 1096 1377869 1096 1379469 1096 1381070 1095 1382670 1094 1384270 1094 1385870 1094 1387470 1093 1389070 1093 1390670 1093 1392270 1092 1393870 1092 1395470 1092 1397070 1092 1398670 1091 1400270 1091 1401870 1091 1403470 1091 1405070 1090 1406670 1090 1408270 1090 1409870 1090 1411470 1090 1413069 1090 1414669 1090 1416269 1090 1417869 1090 1419469 1089 1421069 1089 1422669 1089 1424269 1089 1425868 1090 1427468 1089 1429068 1089 1430668 1089 1432268 1089 1433868 1089 1435467 1090 1437067 1089 1438667 1089 1440267 1089 1441867 1089 1443467 1089 1445067 1088 1446667 1088 1448267 1088 1449867 1088 1451467 1088 1453067 1088 1454666 1088 1456266 1088 1457866 1088 1459466 1088 1461066 1088 1462666 1087 1464266 1087 1465866 1087 1467466 1087 1469066 1087 1470666 1087 1472266 1086 1473866 1086 1475466 1086 1477066 1086 1478666 1086 1480266 1085 1481866 1085 1483466 1085 1485066 1085 1486666 1084 1488266 1084 1489866 1084 1491466 1084 1493066 1083 1494665 1084 1496265 1084 1497865 1083 1499465 1083 1501065 1082 1502665 1082 1504265 1082 1505865 1081 1507465 1081 1509065 1080 1510665 1080 1512265 1079 1513866 1078 1515466 1077 1517066 1077 1518666 1076 1520266 1076 1521866 1075 1523466 1075 1525066 1074 1526666 1074 1528266 1073 1529866 1072 1531466 1072 1533066 1071 1534666 1070 1536266 1070 1537866 1069 1539466 1069 1541066 1068 1542666 1067 1544266 1066 1545866 1066 1547466 1065 1549066 1065 1550666 1064 1552266 1063 1553867 1061 1555467 1061 1557067 1060 1558667 1059 1560267 1059 1561867 1058 1563467 1057 1565067 1057 1566667 1056 1568267 1056 1569868 1054 1571468 1054 1573068 1053 1574668 1053 1576268 1052 1577869 1050 1579469 1050 1581069 1049 1582669 1048 1584269 1048 1585870 1047 1587470 1046 1589070 1046 1590670 1045 1592270 1045 1593870 1044 1595470 1044 1597070 1043 1598670 1043 1600271 1042 1601871 1041 1603471 1041 1605071 1041 1606671 1041 1608271 1040 1609871 1040 1611471 1040 1613071 1040 1614671 1039 1616271 1039 1617871 1039 1619472 1038 1621072 1038 1622672 1037 1624272 1037 1625872 1037 1627472 1037 1629072 1037 1630672 1036 1632272 1036 1633873 1035 1635473 1035 1637073 1035 1638673 1035 1640273 1035 1641874 1034 1643474 1033 1645074 1033 1646674 1033 1648274 1033 1649874 1033 1651475 1032 1653075 1032 1654675 1032 1656275 1032 1657875 1032 1659475 1031 1661075 1031 1662675 1031 1664275 1031 1665875 1031 1667475 1031 1669075 1031 1670675 1031 1672275 1031 1673875 1031 1675475 1031 1677075 1031 1678675 1031 1680275 1031 1681876 1030 1683476 1030 1685076 1030 1686676 1030 1688276 1030 1689876 1030 1691476 1030 1693076 1030 1694676 1030 1696276 1030 1697876 1030 1699476 1030 1701076 1030 1702676 1030 1704276 1030 1705876 1030 1707476 1030 1709076 1030 1710676 1031 1712276 1031 1713876 1031 1715476 1031 1717077 1030 1718677 1029 1720277 1029 1721877 1029 1723477 1029 1725077 1029 1726677 1029 1728277 1029 1729877 1029 1731477 1029 1733077 1029 1734677 1029 1736277 1029 1737877 1029 1739477 1029 1741077 1030 1742677 1030 1744278 1029 1745878 1029 1747478 1029 1749078 1029 1750678 1029 1752278 1029 1753878 1029 1755478 1029 1757078 1029 1758678 1029 1760278 1029 1761878 1029 1763478 1029 1765078 1029 1766678 1029 1768278 1029 1769878 1029 1771478 1029 1773078 1029 1774678 1029 1776278 1029 1777878 1029 1779478 1029 1781078 1029 1782678 1029 1784278 1029 1785878 1028 1787478 1028 1789078 1028 1790678 1028 1792278 1028 1793878 1027 1795478 1027 1797078 1027 1798677 1027 1800277 1027 1801877 1027 1803477 1026 1805077 1026 1806677 1026 1808276 1026 1809876 1026 1811476 1026 1813076 1025 1814676 1025 1816276 1024 1817875 1025 1819475 1024 1821075 1023 1822675 1022 1824275 1022 1825874 1022 1827474 1021 1829074 1020 1830673 1020 1832273 1019 1833873 1017 1835472 1017 1837072 1015 1838672 1013 1840271 1012 1841871 1011 1843471 1009 1845071 1007 1846670 1004 1848270 999 1849869 997 1851469 993 1853068 989 1854667 979 1856267 972 1857866 970 1859466 967 1861065 963 1862665 958 1864264 955 1865863 953 1867462 952 1869062 951 1870661 949 1872261 947 1873860 946 1875459 945 1877059 944 1878658 943 1880257 943 1881856 942 1883455 941 1885054 941 1886653 941 1888252 940 1889851 940 1891450 940 1893049 940 1894648 939 1896246 940 1897845 939 1899444 938 1901042 939 1902642 938 1904240 939 1905839 939 1907437 940 1909036 940 1910635 940 1912234 940 1913832 940 1915430 941 1917028 942 1918627 941 1920226 941 1921825 941 1923423 942 1925021 942 1926620 942 1928220 941 1929818 942 1931417 941 1933015 941 1934614 941 1936213 941 1937812 941 1939410 941 1941009 940 1942607 941 1944207 939 1945806 939 1947405 938 1949003 938 1950602 937 1952201 936 1953800 935 1955399 935 1956997 934 1958596 932 1960195 931 1961794 930 1963393 929 1964991 928 1966590 925 1968188 923 1969787 921 1971386 920 1972985 918 1974584 915 1976183 911 1977782 908 1979381 906 1980980 904 1982579 662 1983263 214 1984177 652 1984878 191 1985776 647 1986487 177 1987375 645 1988092 168 1988974 643 1989697 159 1990573 638 1991303 146 1992172 635 1992914 117 1993771 633 1994521 89 1995370 632 1996126 71 1996969 631 1997731 60 1998568 629 1999338 42 2000167 628 2001766 625 2003365 623 2004964 622 2006563 622 2008162 621 2009761 620 2011360 618 2012959 618 2014558 617 2016157 617 2017757 615 2019356 613 2020955 612 2022554 612 2024153 611 2025752 610 2027352 609 2028951 608 2030550 607 2032150 606 2033749 605 2035348 604 2036947 602 2038546 601 2040146 600 2041745 600 2043345 598 2044944 597 2046543 596 2048142 596 2049742 595 2051341 594 2052941 591 2054540 590 2056140 589 2057739 588 2059339 587 2060938 586 2062537 585 2064137 583 2065737 582 2067336 582 2068936 579 2070536 577 2072135 576 2073735 574 2075335 573 2076934 572 2078534 570 2080134 568 2081733 568 2083333 567 2084933 565 2086532 564 2088132 561 2089732 559 2091332 558 2092932 556 2094532 554 2096132 552 2097731 551 2099331 549 2100931 548 2102531 546 2104131 543 2105731 540 2107331 537 2108931 536 2110531 534 2112131 531 2113731 528 2115331 525 2116931 524 2118532 521 2120132 517 2121732 513 2123332 509 2124932 507 2126532 506 2128133 502 2129733 499 2131334 494 2132934 492 2134535 310 2134864 160 2136135 303 2136473 149 2137736 295 2138081 137 2139336 288 2139689 123 2140936 285 2141294 114 2142537 281 2142897 109 2144137 280 2144499 105 2145738 276 2146102 98 2147340 270 2147709 85 2148941 266 2149319 66 2150541 264 2150924 55 2152142 261 2152530 44 2153743 258 2154144 18 2155345 252 2156946 247 2158547 243 2160148 239 2161750 234 2163352 223 2164954 202 2166555 193 2168157 185 2169758 179 2171361 170 2172964 162 2174567 154 2176170 147 2177772 140 2179375 132 2180980 122 2182586 111 2184192 100 2185798 89 2187403 79 2189014 59 2190628 26
beagle_193,3291 11 3662 19 4036 23 4409 27 4783 30 5157 31 5531 33 5906 34 6280 35 6655 36 7029 37 7404 37 7778 39 8153 39 8527 40 8902 40 9276 41 9651 42 10026 42 10400 43 10775 43 11149 44 11524 45 11899 45 12273 46 12648 46 13023 47 13397 48 13772 48 14147 48 14521 49 14896 50 15271 50 15646 50 16020 51 16395 51 16770 51 17144 52 17519 52 17894 51 18269 51 18644 51 19018 52 19393 51 19768 51 20143 50 20518 49 20893 48 21268 43 21643 41 22018 39 22393 38 22768 38 23143 37 23518 37 23892 38 24267 38 24642 38 25017 38 25392 38 25767 38 26142 39 26517 39 26892 40 27267 40 27642 41 28017 41 28392 42 28767 43 29142 43 29517 43 29892 43 30267 44 30642 44 31017 44 31392 44 31767 44 32142 44 32517 44 32892 44 33267 44 33641 45 34016 45 34391 45 34766 46 35141 46 35516 46 35891 46 36266 46 36641 46 37016 46 37391 47 37766 47 38141 47 38516 47 38890 49 39265 49 39640 49 40015 50 40390 50 40765 50 41139 51 41514 52 41889 52 42264 53 42639 53 43014 54 43388 55 43763 56 44138 57 44513 57 44888 58 45263 58 45638 59 46013 59 46388 59 46763 60 47139 59 47514 59 47889 59 48264 60 48639 60 49014 60 49389 60 49764 60 50139 60 50514 59 50889 59 51264 58 51639 57 52014 57 52389 56 52764 55 53139 55 53514 54 53889 53 54264 53 54639 52 55014 52 55389 51 55764 51 56139 51 56514 50 56889 50 57263 50 57638 50 58013 50 58388 49 58763 49 59138 48 59513 48 59888 48 60263 48 60638 47 61013 47 61387 48 61762 48 62137 48 62512 48 62887 48 63262 48 63637 48 64012 48 64386 49 64761 49 65136 49 65511 49 65886 49 66260 50 66635 50 67010 50 67385 50 67760 50 68135 50 68509 51 68884 51 69259 51 69634 51 70009 51 70383 52 70758 52 71133 52 71508 52 71883 52 72258 52 72632 53 73007 52 73382 52 73757 52 74132 52 74507 52 74881 53 75256 53 75631 52 76006 52 76381 52 76755 53 77130 53 77505 53 77880 53 78255 53 78630 52 79005 52 79380 51 79755 51 80129 51 80505 50 80880 49 81255 49 81630 48 82005 48 82380 47 82755 47 83130 47 83455 13 83505 48 83827 22 83880 49 84199 28 84255 49 84572 32 84630 49 84945 35 85005 51 85319 38 85380 53 85693 41 85755 54 86067 43 86130 56 86441 45 86505 57 86815 46 86880 58 87189 47 87255 59 87563 48 87630 60 87937 48 88005 61 88311 49 88379 63 88684 50 88754 65 89058 51 89129 66 89431 52 89504 67 89805 52 89878 69 90178 53 90253 70 90552 53 90628 70 90924 56 91002 72 91298 56 91377 73 91671 58 91752 73 92044 61 92127 74 92418 62 92502 74 92792 64 92878 74 93166 65 93253 74 93541 66 93629 73 93915 68 94005 72 94290 69 94381 71 94664 71 94756 70 95039 73 95131 68 95414 74 95506 67 95788 76 95880 65 96163 76 96255 62 96537 76 96630 60 96912 76 97005 59 97287 75 97380 60 97662 75 97755 61 98037 75 98130 62 98411 76 98505 62 98786 75 98880 63 99161 75 99255 63 99536 75 99630 64 99911 76 100006 64 100286 76 100381 65 100661 76 100757 65 101036 76 101132 66 101411 77 101508 66 101786 77 101883 67 102161 77 102259 66 102535 78 102634 66 102910 79 103010 65 103284 80 103385 64 103659 80 103761 63 104034 79 104136 62 104408 80 104512 61 104783 80 104887 61 105158 80 105262 59 105532 82 105638 58 105907 82 106013 57 106282 82 106388 56 106657 83 106764 53 107033 82 107139 48 107408 83 107514 44 107784 82 107890 40 108159 83 108265 39 108534 83 108640 38 108909 83 109015 37 109285 83 109390 37 109660 83 109766 36 110035 83 110141 35 110409 85 110516 35 110784 85 110891 36 111159 85 111267 36 111535 84 111642 37 111910 84 112018 38 112285 84 112394 39 112660 84 112770 39 113035 84 113146 38 113410 83 113522 36 113785 83 113900 32 114160 82 114292 12 114535 81 114910 80 115285 79 115661 77 116036 76 116411 75 116785 75 117160 75 117536 74 117912 73 118289 71 118666 69 119042 67 119420 64 119797 62 120174 60 120551 58 120928 56 121304 55 121680 54 122056 53 122432 52 122809 50 123185 48 123560 48 123936 47 124313 45 124689 43 125065 41 125442 38 125820 15 125847 5 126200 3
Egyptian_Mau_119,5622 1 5790 3 5959 3 6129 2 6297 3 6466 3 6635 3 6804 3 6973 3 7142 3 7310 4 7479 3 7648 3 7816 3 7985 2 8153 3 8321 3 8490 2 8658 3 8826 3 8995 2 9163 3 9198 8 9331 3 9361 16 9499 3 9527 8 9544 1 9667 3 9694 7 9835 4 9861 7 10003 4 10029 6 10171 4 10196 7 10339 5 10364 7 10507 5 10531 7 10675 6 10698 8 10843 7 10866 8 11011 8 11033 9 11179 10 11199 11 11347 31 11514 32 11682 32 11850 33 12018 33 12186 33 12353 35 12521 35 12689 36 12856 38 13024 42 13192 44 13360 46 13527 49 13695 50 13863 52 14030 54 14198 55 14366 43 14416 6 14534 41 14585 5 14701 41 14754 5 14869 40 14923 4 15037 39 15092 3 15204 39 15260 3 15372 38 15429 3 15540 37 15597 3 15708 36 15766 1 15875 36 16043 35 16211 35 16378 35 16546 35 16714 34 16882 34 17050 33 17217 34 17385 33 17553 33 17721 33 17889 33 18057 32 18225 32 18393 32 18561 32 18728 32 18896 32 19064 32 19232 32 19400 32 19568 31 19736 31 19904 31 20071 33 20239 33 20407 34 20575 34 20743 35 20911 37 21078 40 21246 43 21414 46 21582 49 21750 52 21917 58 22085 62 22253 63 22420 65 22558 8 22588 66 22726 12 22755 55 22816 6 22894 16 22921 52 22986 3 23063 18 23087 45 23232 65 23401 62 23570 59 23738 58 23907 56 24075 55 24243 54 24412 52 24580 51 24748 49 24916 48 25084 46 25252 45 25420 43 25588 41 25756 35 25923 27 26091 23 26259 21 26426 20 26594 18 26761 17 26929 15 27096 13 27263 11 27431 6
great_pyrenees_92,126 207 460 207 793 207 1126 207 1459 207 1792 207 2125 207 2458 207 2791 207 3125 206 3458 206 3791 206 4125 205 4458 205 4791 205 5125 204 5458 204 5792 203 6125 203 6458 203 6791 203 7125 202 7458 202 7791 202 8125 201 8458 201 8791 201 9124 201 9457 201 9790 201 10123 201 10457 200 10790 200 11123 200 11456 200 11789 200 12122 200 12455 200 12788 200 13121 200 13454 200 13787 200 14120 200 14453 200 14786 200 15119 200 15452 200 15785 200 16118 200 16451 200 16784 200 17117 200 17450 200 17783 200 18116 200 18449 200 18782 200 19115 200 19448 200 19782 199 20115 199 20448 199 20781 199 21114 199 21447 199 21780 199 22113 199 22446 199 22779 199 23112 199 23444 200 23777 200 24110 200 24443 200 24776 200 25109 200 25442 200 25775 200 26107 201 26440 201 26773 201 27106 201 27439 201 27772 201 28104 202 28437 202 28770 202 29103 202 29435 203 29768 203 30101 203 30433 204 30766 204 31098 205 31431 205 31763 206 32095 207 32428 207 32760 208 33091 210 33422 212 33753 214 34078 222 34409 224 34740 226 35072 227 35403 229 35735 230 36066 232 36398 233 36730 234 37061 236 37393 237 37725 238 38057 239 38389 240 38721 241 39053 242 39385 243 39717 244 40049 245 40381 246 40712 248 41044 249 41375 251 41706 253 42037 255 42368 257 42699 259 43030 261 43362 262 43693 264 44025 265 44356 267 44688 268 45020 269 45351 271 45683 272 46014 274 46346 275 46678 276 47010 277 47342 278 47675 278 48007 279 48339 280 48671 281 49004 281 49336 282 49668 283 50001 283 50333 284 50666 284 50998 285 51331 285 51663 286 51996 286 52328 287 52661 287 52993 288 53326 288 53658 289 53991 289 54323 290 54656 290 54989 290 55321 291 55654 291 55987 291 56319 292 56652 292 56985 292 57318 292 57650 293 57983 293 58316 293 58649 293 58982 293 59314 294 59647 294 59980 294 60313 294 60646 294 60979 294 61312 294 61644 295 61977 295 62310 295 62643 295 62976 295 63309 295 63642 295 63975 295 64308 295 64641 295 64974 295 65307 295 65640 295 65973 295 66306 295 66639 295 66973 294 67306 294 67639 294 67972 294 68305 294 68638 294 68971 294 69304 294 69637 294 69970 294 70303 294 70636 294 70969 294 71302 294 71635 294 71968 294 72301 294 72633 295 72966 295 73299 295 73632 295 73965 295 74298 295 74631 295 74963 296 75296 296 75629 296 75962 296 76295 296 76627 297 76960 297 77293 297 77626 297 77958 298 78291 298 78624 298 78957 298 79289 299 79622 299 79955 299 80288 299 80620 300 80953 300 81286 300 81618 301 81951 301 82284 301 82617 301 82949 302 83282 302 83615 302 83948 302 84281 302 84614 302 84946 303 85279 303 85612 303 85945 303 86278 303 86611 303 86944 303 87277 303 87610 303 87943 303 88276 303 88609 303 88942 303 89275 303 89608 303 89941 303 90274 303 90607 303 90940 303 91273 303 91606 303 91939 303 92272 303 92605 303 92938 303 93271 303 93603 304 93936 304 94269 304 94602 304 94935 304 95268 304 95601 304 95934 304 96267 304 96600 304 96933 304 97266 304 97599 304 97932 304 98265 304 98598 304 98931 304 99264 304 99597 304 99930 304 100263 304 100597 303 100930 303 101263 303 101596 303 101929 303 102262 303 102595 303 102928 303 103261 303 103594 303 103927 303 104260 303 104593 303 104926 303 105259 303 105592 303 105925 303 106257 304 106590 304 106923 304 107256 304 107589 304 107922 304 108255 304 108587 305 108920 305 109253 305 109586 305 109918 306 110251 306 110583 307 110916 307 111248 308 111581 308 111914 308 112246 309 112579 309 112911 310 113244 310 113576 311 113909 311 114242 311 114574 312 114907 312 115240 312 115573 312 115906 312 116239 312 116573 311 116906 311 117239 311 117573 310 117906 310 118240 309 118574 308 118907 308 119241 307 119576 305 119910 304 120244 303 120579 301 120913 300 121248 298 121583 296 121918 294 122253 292 122588 290 122924 287 123259 285 123594 283 123930 280 124265 278 124601 275 124938 271 125274 35 125311 231 125611 20 125652 223 125948 11 125988 220 126323 218 126659 215 126994 213 127328 212 127663 210 127997 209 128331 208 128665 207 129000 205 129334 204 129668 203 130002 202 130336 201 130669 201 131003 200 131337 199 131672 197 132006 196 132340 195 132674 194 133008 193 133342 192 133677 190 134011 189 134346 187 134681 185 135016 183 135351 181 135686 179 136021 177 136355 176 136690 174 137024 173 137360 170 137697 166 138035 161 138371 158 138707 155 139043 152 139379 149 139717 142 140054 50 140116 70 140390 43 140452 59 140727 36 140788 50 141064 29 141123 44 141401 22 141457 39 141793 30 142128 24 142465 16
english_cocker_spaniel_66,6833 3 7330 10 7829 11 8329 12 8828 14 9328 14 9828 14 10328 15 10828 14 11328 14 11828 14 12328 13 12828 13 13328 13 13828 13 14328 13 14828 13 15327 14 15827 16 16327 16 16826 18 17326 21 17825 24 18325 25 18487 1 18825 28 18854 1 18986 3 19324 31 19485 4 19824 32 19985 3 20324 32 20485 3 20824 32 21324 33 21823 33 22323 33 22822 33 23321 33 23475 1 23821 32 23973 3 24320 33 24473 2 24820 32 25319 32 25819 32 26319 33 26818 34 27318 33 27819 32 28319 32 28819 32 29320 30 29822 28 30326 24 30826 25 31327 23 31829 21 32330 20 32831 19 33332 18 33833 16 34333 16 34833 17 35333 18 35833 20 36333 22 36831 28 37327 54 37822 63 38315 71 38808 80 39300 89 39796 95 40294 98 40792 101 41290 105 41788 109 42287 113 42767 9 42785 118 42915 5 43264 15 43282 140 43761 162 44258 167 44756 170 45253 175 45751 179 46248 183 46746 185 47244 187 47743 188 48242 189 48740 190 49239 190 49737 192 50236 192 50735 193 51234 194 51732 196 52231 196 52730 197 53228 198 53727 199 54225 200 54473 3 54724 200 54970 9 55222 201 55468 14 55721 201 55967 23 56219 203 56466 27 56717 204 56965 29 57215 205 57464 30 57713 207 57964 31 58211 208 58463 32 58710 209 58963 32 59208 210 59463 31 59706 212 59964 30 60204 213 60465 29 60702 215 60966 27 61201 216 61468 25 61699 217 61970 23 62197 219 62471 21 62695 220 62972 20 63192 223 63473 19 63690 225 63974 17 64188 226 64474 17 64686 227 64974 16 65184 229 65474 16 65682 231 65974 16 66180 232 66474 16 66679 233 66974 16 67177 235 67474 17 67675 237 67974 18 68174 238 68473 22 68673 239 68973 25 69171 241 69472 28 69670 242 69972 29 70169 243 70471 30 70668 244 70970 31 71167 245 71470 31 71666 247 71968 33 72165 249 72467 34 72664 250 72966 35 73163 252 73465 36 73662 254 73963 38 74160 258 74461 40 74659 261 74959 42 75158 266 75455 46 75657 273 75947 54 76156 345 76655 346 77154 347 77653 348 78152 349 78651 350 79150 351 79649 352 80149 352 80648 353 81147 354 81647 351 82146 350 82645 349 83145 347 83644 346 84144 344 84643 344 85143 342 85643 341 86142 341 86642 340 87142 339 87641 339 88141 338 88641 337 89141 336 89640 336 90140 336 90640 334 91140 333 91640 331 92140 329 92640 322 93139 312 93639 307 94139 304 94639 301 95139 299 95638 298 96138 296 96638 293 97138 259 97403 26 97638 255 97906 20 98138 252 98409 12 98638 249 99138 247 99638 245 100138 243 100638 240 101137 239 101637 237 102137 236 102637 235 103137 233 103637 232 104137 230 104637 230 105137 229 105637 228 106137 228 106637 228 107136 229 107636 230 108136 232 108636 234 109136 236 109636 238 110136 240 110636 241 111136 243 111636 245 112137 246 112637 248 113137 249 113637 251 114137 252 114637 253 115138 253 115638 254 116139 254 116639 255 117139 255 117640 254 118140 255 118641 254 119142 253 119642 254 120143 252 120643 252 121144 252 121645 251 122146 250 122646 250 123147 249 123648 248 124149 247 124650 246 125151 246 125651 246 126152 245 126653 244 127153 244 127654 243 128154 243 128655 242 129156 240 129657 239 130158 238 130659 237 131159 236 131660 235 132161 234 132662 232 133163 231 133664 229 134165 148 134318 75 134667 139 134827 65 135168 134 135332 59 135670 131 135837 53 136171 128 136346 8 136365 23 136673 125 137175 122 137677 119 138180 115 138682 112 139184 109 139685 108 140187 106 140688 104 141189 103 141690 102 142190 102 142691 100 143192 99 143692 99 144193 97 144693 97 145194 96 145694 96 146195 95 146695 95 147195 95 147695 94 148196 93 148696 93 149196 93 149697 91 150197 91 150698 90 151198 90 151698 89 152199 88 152699 88 153199 87 153700 86 154200 85 154701 84 155201 84 155701 83 156201 83 156702 81 157202 81 157702 80 158203 79 158703 78 159203 77 159704 76 160204 75 160705 74 161205 73 161706 71 162206 70 162707 68 163207 67 163707 66 164208 64 164708 62 165209 60 165709 58 166209 56 166709 54 167210 50 167710 47 168211 43 168711 39 169212 35 169713 31 170213 28 170714 24 171216 20 171717 15 172220 7
pug_78,185 51 518 51 850 53 1181 55 1512 57 1844 58 2175 61 2507 62 2840 62 3172 63 3505 64 3837 65 4169 66 4501 68 4834 68 5166 69 5498 70 5830 72 6163 72 6495 73 6827 74 7159 75 7492 75 7824 76 8156 77 8488 78 8820 79 9152 80 9484 81 9816 82 10148 83 10480 84 10812 86 11144 87 11476 88 11807 91 12139 92 12471 94 12802 97 13134 98 13466 100 13797 103 14128 105 14410 1 14460 107 14733 20 14791 109 15062 27 15122 111 15393 32 15453 114 15722 39 15784 116 16049 48 16115 118 16377 57 16445 121 16707 192 17039 193 17370 194 17702 195 18034 196 18366 196 18698 197 19030 197 19362 198 19694 198 20027 198 20359 198 20692 198 21024 198 21357 198 21690 198 22023 198 22355 199 22688 198 23021 198 23354 198 23687 198 24020 198 24353 198 24685 199 25018 199 25351 199 25684 198 26017 198 26350 198 26682 199 27015 199 27348 199 27681 199 28014 199 28347 199 28680 199 29013 199 29346 199 29679 199 30012 199 30345 199 30678 199 31011 199 31344 200 31677 200 32010 201 32343 201 32677 201 33010 201 33343 202 33676 203 34010 202 34343 202 34677 202 35010 203 35344 202 35678 202 36011 203 36345 203 36679 203 37013 203 37347 203 37681 204 38015 204 38350 204 38684 205 39019 205 39354 206 39688 209 40023 209 40358 209 40693 210 41027 211 41362 210 41696 212 42030 213 42364 215 42697 218 43030 220 43363 222 43697 225 44030 228 44363 230 44697 232 45030 235 45363 241 45696 248 46028 252 46361 257 46694 260 47027 260 47359 261 47692 261 48025 261 48357 262 48690 262 49022 263 49355 263 49688 263 50020 264 50353 264 50685 265 51018 265 51350 266 51683 266 52015 267 52348 267 52680 268 53013 268 53346 268 53678 269 54011 269 54343 270 54676 270 55008 271 55341 271 55673 272 56006 272 56338 273 56670 274 57003 274 57335 275 57668 275 58000 276 58333 276 58665 277 58997 278 59330 278 59662 279 59995 279 60327 280 60660 280 60993 280 61325 281 61658 281 61990 282 62323 282 62656 282 62988 283 63321 283 63654 283 63986 284 64319 284 64652 284 64985 284 65318 284 65651 284 65983 285 66316 285 66649 285 66982 285 67315 285 67648 285 67981 285 68314 285 68647 285 68980 285 69313 285 69646 285 69979 285 70312 285 70645 285 70978 285 71311 285 71644 285 71977 285 72310 285 72643 285 72977 284 73310 284 73643 284 73976 284 74310 283 74643 283 74976 283 75309 283 75642 283 75976 282 76309 282 76642 282 76976 281 77309 281 77642 281 77976 280 78309 280 78642 280 78975 280 79309 279 79642 279 79975 279 80309 278 80642 278 80975 278 81309 277 81642 277 81975 277 82308 277 82642 276 82975 276 83308 276 83641 276 83975 275 84308 275 84641 275 84974 275 85307 275 85640 275 85973 275 86306 275 86639 275 86973 274 87306 274 87639 274 87972 274 88305 274 88638 274 88971 274 89304 274 89637 274 89970 274 90303 274 90636 274 90969 274 91302 274 91635 274 91968 274 92301 274 92634 274 92967 274 93300 274 93633 274 93966 274 94299 274 94632 274 94965 274 95298 274 95631 274 95964 274 96297 274 96629 275 96962 275 97295 275 97628 275 97961 275 98293 276 98626 276 98959 276 99291 277 99624 277 99957 277 100289 278 100622 278 100955 278 101287 279 101620 279 101953 279 102286 279 102619 279 102952 279 103285 279 103618 279 103952 278 104285 278 104618 278 104951 278 105284 278 105617 278 105951 277 106284 277 106617 277 106951 276 107284 276 107617 276 107951 275 108284 275 108617 275 108951 274 109284 274 109617 274 109951 273 110284 273 110618 272 110951 272 111284 272 111618 271 111951 271 112284 271 112618 270 112951 270 113285 269 113618 269 113952 268 114285 268 114619 267 114952 267 115286 266 115619 266 115953 265 116286 265 116620 264 116953 264 117286 264 117620 263 117953 263 118287 262 118620 262 118953 262 119287 261 119620 261 119954 260 120287 260 120621 259 120954 259 121288 258 121621 258 121955 49 122010 202 122289 47 122344 201 122622 46 122679 199 122956 44 123013 198 123289 39 123347 100 123469 75 123623 36 123681 96 123809 68 123956 35 124015 92 124147 63 124290 34 124349 42 124399 38 124484 59 124624 33 124682 40 124749 6 124820 56 124957 33 125016 38 125158 51 125291 31 125349 36 125493 49 125625 29 125683 34 125830 45 125959 27 126016 33 126167 41 126293 23 126349 32 126503 38 126627 19 126682 31 126840 34 126962 15 127016 30 127177 30 127297 10 127349 29 127514 26 127682 28 127856 17 128015 27 128199 1 128348 26 128681 26 129015 24 129348 23 129682 20 130016 16 130351 10
Bengal_59,15345 2 15637 24 15704 20 15979 121 16347 128 16717 133 17090 135 17464 136 17838 137 18212 138 18586 138 18959 140 19333 141 19707 142 20080 144 20453 145 20826 147 21199 149 21573 150 21776 3 21946 151 22148 11 22319 153 22521 17 22692 154 22896 25 23066 155 23271 30 23439 156 23647 33 23812 158 24022 37 24185 159 24398 40 24556 162 24773 58 24925 168 25149 67 25295 172 25525 70 25667 174 25901 73 26038 178 26277 75 26409 181 26652 79 26750 18 26780 184 27029 310 27405 308 27781 306 28157 304 28533 302 28909 301 29285 299 29661 297 30038 295 30414 293 30790 291 31167 288 31543 287 31919 285 32295 284 32672 282 33048 282 33424 281 33800 280 34176 279 34553 277 34929 276 35305 275 35681 274 36057 273 36433 272 36809 271 37185 270 37561 269 37937 268 38313 267 38688 267 39064 265 39440 264 39815 264 40191 263 40567 262 40942 262 41318 261 41693 260 42069 259 42444 259 42820 258 43195 258 43570 257 43946 256 44321 256 44696 256 45071 256 45446 256 45821 255 46197 254 46572 254 46947 254 47322 254 47697 254 48072 254 48447 254 48822 253 49198 252 49573 252 49948 252 50323 252 50698 252 51073 253 51448 253 51823 253 52198 254 52573 254 52949 254 53324 254 53699 255 54074 255 54449 256 54824 257 55199 257 55575 257 55950 257 56325 257 56700 258 57075 258 57450 259 57825 259 58200 259 58575 260 58950 260 59326 260 59599 6 59701 260 59973 7 60076 261 60346 10 60451 263 60720 11 60826 281 61201 281 61577 280 61952 280 62327 280 62702 281 63077 281 63452 282 63828 281 64203 281 64578 281 64953 282 65328 282 65703 282 66078 283 66453 283 66828 284 67203 284 67578 284 67953 285 68328 285 68703 285 69078 285 69453 285 69827 286 70202 286 70577 285 70952 284 71327 283 71701 282 72076 279 72451 276 72826 272 73200 267 73575 265 73949 263 74324 261 74699 259 75073 258 75448 257 75822 257 76196 257 76571 256 76945 255 77319 255 77694 254 78068 253 78442 252 78816 252 79190 251 79565 250 79939 133 80078 112 80313 130 80455 109 80687 128 80832 106 81061 125 81209 103 81435 124 81586 100 81809 123 81965 95 82183 120 82343 92 82557 119 82724 85 82932 117 83101 82 83306 113 83477 80 83680 110 83854 77 84054 108 84230 75 84428 102 84607 72 84802 99 84984 69 85176 96 85373 54 85551 86 85751 49 85925 72 86129 45 86299 69 86505 43 86673 68 86886 35 87047 67 87268 26 87422 65 87650 16 87796 64 88034 4 88170 62 88545 58 88919 54 89294 46 89668 41 90043 38 90418 33 90793 29 91168 26 91543 22 91918 19 92294 14 92670 9
shiba_inu_11,50288 7 50621 13 50953 18 51287 20 51620 23 51953 26 52287 28 52620 31 52953 33 53287 35 53620 37 53953 39 54286 41 54620 42 54953 44 55286 46 55620 47 55953 49 56286 51 56620 51 56953 53 57286 55 57620 55 57953 57 58286 59 58619 60 58952 62 59285 64 59618 66 59951 69 60283 72 60613 83 60928 107 61257 133 61587 142 61917 149 62243 160 62573 166 62904 171 63235 176 63567 179 63899 182 64232 184 64565 185 64897 187 65230 188 65563 190 65895 192 66228 193 66561 195 66893 197 67225 200 67557 202 67888 206 68219 212 68548 225 68875 234 69206 239 69537 243 69865 250 70191 259 70520 265 70851 269 71183 271 71515 273 71848 274 72180 277 72513 277 72845 279 73176 282 73507 282 73836 285 74165 290 74497 292 74829 295 75162 297 75495 300 75829 302 76163 305 76498 307 76833 308 77168 310 77503 312 77839 311 78175 310 78510 310 78847 308 79182 308 79518 306 79854 304 80190 302 80526 301 80863 298 81200 295 81536 293 81873 290 82209 289 82546 286 82883 283 83219 281 83556 278 83892 276 84229 273 84567 269 84903 267 85239 266 85575 264 85911 262 86246 261 86581 260 86915 260 87250 259 87585 258 87919 258 88254 257 88588 257 88922 257 89257 256 89591 256 89925 256 90259 256 90594 255 90928 255 91262 255 91596 255 91931 254 92265 254 92599 254 92934 253 93268 253 93602 253 93937 252 94271 252 94606 251 94940 251 95275 250 95609 250 95944 249 96279 247 96613 247 96948 246 97283 245 97618 244 97952 244 98287 243 98622 242 98957 241 99291 241 99626 240 99960 240 100295 239 100629 239 100963 239 101298 238 101632 238 101966 238 102301 237 102635 237 102969 237 103303 237 103638 236 103972 236 104306 236 104640 235 104975 234 105309 234 105643 234 105977 233 106311 233 106645 233 106979 233 107313 232 107647 232 107981 231 108315 230 108649 230 108983 229 109317 228 109650 229 109984 228 110318 226 110652 225 110985 225 111319 225 111653 224 111986 224 112320 223 112654 223 112987 223 113321 223 113654 223 113988 223 114321 223 114655 219 114875 2 114989 217 115219 6 115322 217 115550 11 115656 217 115882 14 115989 217 116215 16 116323 217 116548 17 116656 217 116880 19 116990 217 117214 19 117324 217 117547 20 117657 218 117881 19 117991 218 118214 20 118325 218 118548 20 118658 219 118881 20 118992 221 119214 20 119326 241 119660 240 119994 239 120327 239 120661 238 120995 237 121329 236 121663 235 121997 234 122331 233 122665 232 122999 45 123057 173 123333 28 123393 170 123668 22 123729 167 124002 17 124064 165 124337 12 124400 162 124672 8 124735 160 125008 3 125070 158 125405 156 125739 156 126074 154 126409 153 126744 151 127079 150 127414 148 127748 148 128083 147 128418 145 128752 145 129087 144 129421 144 129756 143 130090 144 130424 144 130759 144 131093 145 131427 146 131762 145 132096 147 132430 147 132764 148 133098 149 133432 150 133766 151 134100 151 134434 152 134767 153 135101 153 135435 154 135769 154 136102 155 136436 155 136769 156 137103 156 137437 156 137770 157 138104 157 138437 158 138771 158 139104 159 139438 159 139771 160 140105 160 140439 160 140772 161 141106 161 141439 161 141773 161 142107 161 142441 161 142774 162 143108 162 143442 162 143776 162 144110 162 144444 162 144778 162 145112 162 145446 162 145780 162 146114 162 146447 163 146781 163 147115 163 147449 163 147783 163 148118 162 148452 162 148786 162 149120 162 149454 162 149788 162 150122 162 150456 162 150791 162 151125 162 151459 162 151793 162 152128 161 152462 161 152797 160 153131 160 153466 159 153800 159 154135 158 154469 157 154804 156 155139 155 155473 155 155808 154 156143 153 156478 152 156813 151 157148 150 157482 150 157817 149 158152 148 158487 147 158822 146 159157 145 159492 144 159827 142 160162 141 160497 140 160832 139 161167 138 161502 137 161837 136 162172 135 162508 132 162844 130 163180 128 163516 125 163852 123 164188 120 164523 118 164860 113 165201 104 165539 98 165876 94 166213 52 166268 35 166552 41 166616 19 166889 34 166952 16
Siamese_66,82815 4 83309 18 83804 28 84301 35 84799 41 85298 45 85796 50 86295 54 86793 59 87292 63 87792 65 88291 69 88790 73 89289 78 89788 83 90287 88 90786 93 91284 98 91781 106 92257 12 92276 114 92749 144 93244 152 93645 14 93738 161 94143 23 94232 169 94642 30 94726 177 95141 44 95218 188 95641 267 96141 270 96641 272 97141 148 97296 119 97641 147 97799 119 98142 144 98301 119 98642 143 98802 121 99143 141 99304 122 99644 140 99805 125 100145 138 100306 128 100646 137 100806 134 101147 135 101307 139 101648 134 101807 143 102149 132 102308 146 102650 131 102808 149 103151 130 103308 151 103652 128 103808 154 104154 126 104308 156 104655 125 104809 158 105156 124 105309 160 105658 122 105809 162 106159 121 106309 165 106661 119 106809 168 107162 118 107310 172 107663 118 107810 175 108165 116 108310 177 108666 115 108811 178 109168 113 109311 179 109669 112 109812 179 110170 111 110312 180 110671 110 110813 180 111173 108 111314 180 111674 108 111815 179 112175 107 112316 178 112676 106 112819 175 113176 106 113321 173 113677 106 113822 172 114178 105 114324 170 114678 106 114825 169 115179 105 115326 167 115679 106 115827 166 116179 106 116328 164 116679 107 116829 162 117179 108 117329 160 117679 109 117829 159 118179 110 118329 157 118679 111 118830 153 119179 112 119330 149 119679 113 119830 142 120179 115 120330 133 120679 116 120830 123 121179 117 121329 121 121679 119 121829 119 122179 121 122328 118 122679 123 122828 117 123179 124 123327 116 123679 126 123826 117 124179 128 124325 117 124679 131 124823 118 125179 134 125319 122 125679 261 126179 261 126680 260 127180 259 127680 259 128180 259 128680 259 129180 259 129680 258 130181 257 130681 257 131181 257 131681 257 132181 257 132682 256 133182 256 133682 256 134182 257 134682 257 135181 258 135681 258 136181 258 136681 258 137181 258 137680 259 138179 260 138679 260 139178 261 139678 261 140177 262 140676 263 141175 264 141674 265 142174 265 142673 266 143172 267 143671 268 144170 269 144669 270 145168 271 145667 272 146166 273 146665 274 147165 274 147664 106 147780 160 148163 104 148283 157 148662 101 148784 156 149161 94 149285 155 149660 77 149786 154 150159 62 150288 153 150659 52 150788 153 151158 47 151289 153 151657 44 151791 151 152157 40 152293 150 152656 38 152795 149 153156 35 153297 148 153655 32 153800 145 154154 30 154302 144 154654 28 154804 144 155154 26 155306 143 155653 24 155808 143 156153 22 156309 145 156653 20 156809 147 157153 18 157310 150 157653 16 157810 153 158153 13 158311 156 158654 10 158811 160 159155 6 159312 163 159812 168 160313 171 160814 176 161315 186 161817 184 162320 181 162824 177 163328 173 163830 171 164334 167 164837 164 165342 159 165850 151 166361 140 166866 135 167368 133 167870 131 168372 129 168875 126 169376 125 169877 124 170377 124 170878 123 171380 121 171882 119 172383 118 172885 116 173387 114 173889 112 174391 110 174893 108 175395 106 175897 104 176398 103 176900 101 177401 100 177903 95 178407 89 178910 67 179413 57 179915 51 180418 45 180921 38 181424 33 181929 26 182432 21 182933 19 183435 15 183936 13 184437 11 184938 8
keeshond_5,55185 47 55679 82 56176 94 56673 106 57171 118 57669 134 58166 145 58664 155 59162 163 59659 174 60156 183 60654 192 61152 200 61651 205 62149 210 62648 214 63147 219 63646 223 64145 229 64645 235 65145 241 65644 248 66144 254 66434 3 66644 258 66933 5 67144 261 67433 4 67643 264 67933 4 68143 267 68432 6 68643 269 68930 9 69143 271 69428 11 69643 274 69924 14 70143 293 70643 291 71143 291 71643 291 72143 292 72643 294 73143 295 73643 297 74144 297 74644 299 75144 302 75644 304 76144 305 76644 306 77144 306 77643 307 78143 307 78643 307 79143 307 79643 307 80143 306 80643 306 81142 306 81642 306 82142 305 82642 304 83141 304 83641 304 84140 304 84640 303 85140 303 85639 303 86138 304 86637 305 87137 305 87636 306 88135 307 88635 308 89134 309 89634 310 90133 311 90633 312 91133 312 91632 314 92132 314 92632 314 93132 315 93632 315 94132 315 94632 315 95133 314 95633 314 96133 314 96634 313 97134 313 97635 312 98136 311 98637 310 99138 309 99638 309 100139 308 100640 307 101141 306 101641 306 102142 304 102643 303 103143 303 103644 302 104144 302 104645 301 105146 300 105646 300 106147 299 106648 298 107150 296 107651 295 108152 294 108654 293 109155 292 109656 292 110157 291 110659 290 111160 289 111661 289 112162 288 112663 288 113164 287 113665 287 114166 286 114667 286 115168 285 115669 285 116170 284 116670 285 117171 284 117672 283 118173 283 118674 282 119174 282 119675 281 120176 279 120676 279 121177 277 121678 275 122178 273 122679 270 123179 267 123680 263 124180 262 124681 259 125181 258 125681 257 126182 255 126682 254 127183 251 127684 249 128184 248 128686 244 129187 240 129689 235 130190 231 130693 222 131195 214 131699 204 132204 190 132709 178 133215 166 133722 154 134228 143 134734 129 135238 110 135742 87 136246 67 136752 44 137261 23
basset_hound_114,64903 13 65232 18 65560 27 65889 33 66219 37 66547 46 66874 54 67194 70 67522 78 67853 83 68182 88 68512 92 68842 96 69171 100 69501 103 69831 107 70161 115 70492 121 70823 125 71154 140 71307 11 71485 166 71817 166 72148 168 72479 169 72810 170 73141 171 73473 172 73804 173 74135 174 74466 175 74798 176 75129 177 75460 178 75792 179 76124 179 76455 180 76787 180 77119 181 77450 182 77782 182 78114 183 78445 184 78777 185 79109 185 79440 187 79772 188 80104 188 80435 190 80767 191 81099 192 81430 194 81762 195 82093 197 82425 198 82756 200 83087 202 83419 203 83749 206 84080 208 84411 210 84741 213 85071 217 85401 222 85730 239 86060 244 86390 247 86720 250 87050 253 87380 258 87709 235 87948 23 88039 232 88283 21 88369 231 88616 20 88700 222 88949 20 89031 221 89283 18 89361 222 89616 16 89692 222 89949 15 90023 223 90283 12 90354 223 90617 10 90685 224 91016 225 91347 25 91379 194 91678 23 91724 181 92010 20 92057 181 92341 18 92391 187 92672 18 92724 187 93003 16 93057 187 93335 14 93390 187 93666 14 93722 188 93997 13 94055 188 94329 12 94387 188 94660 12 94720 188 94991 12 95052 188 95323 11 95385 188 95654 11 95717 189 95985 11 96049 189 96316 11 96382 189 96647 11 96714 189 96979 10 97046 190 97310 10 97378 190 97641 10 97711 189 97972 11 98043 190 98303 11 98375 190 98634 11 98708 189 98965 11 99040 189 99296 11 99372 189 99626 12 99705 138 99844 50 99957 12 100037 134 100181 45 100287 13 100369 132 100516 42 100617 13 100702 129 100849 41 100946 15 101034 128 101182 40 101274 18 101367 126 101515 39 101604 17 101699 124 101848 38 101935 17 102032 122 102181 36 102268 14 102364 121 102514 25 102696 120 102846 20 103029 118 103178 16 103362 117 103511 12 103694 116 103843 10 104027 115 104175 7 104359 114 104509 2 104692 113 105025 112 105358 111 105690 111 106024 109 106357 108 106689 108 107022 107 107355 107 107688 107 108022 106 108355 106 108688 108 109022 119 109355 119 109689 117 110023 114 110356 113 110690 111 111024 111 111358 110 111691 111 112025 110 112358 110 112691 110 113024 110 113358 109 113691 109 114025 107 114358 107 114692 106 115026 105 115360 104 115693 104 116027 103 116361 102 116694 101 117028 100 117362 11 117380 81 117696 4 117716 77 118053 73 118392 66 118728 62 119064 58 119400 55 119734 53 120070 49 120404 47 120738 45 121072 43 121406 40 121739 39 122072 38 122405 36 122739 34 123072 32 123405 31 123741 26 124077 21 124413 16 124750 8
staffordshire_bull_terrier_56,39634 17 39967 24 40299 33 40634 39 40970 42 41304 48 41636 56 41970 61 42300 72 42636 75 42973 78 43311 80 43649 81 43987 84 44326 85 44664 86 45003 87 45342 88 45681 90 46020 96 46358 99 46697 101 47036 102 47375 103 47713 105 48052 104 48390 105 48729 104 49067 103 49405 103 49744 100 50082 98 50420 96 50759 93 51097 91 51435 90 51773 88 52111 87 52449 86 52787 85 53125 84 53463 83 53801 82 54139 81 54477 81 54815 80 55153 79 55490 80 55828 80 56166 79 56503 80 56841 79 57178 79 57515 79 57852 79 58190 79 58527 79 58864 80 59201 81 59538 82 59875 84 60212 85 60549 86 60887 87 61225 88 61325 5 61562 93 61660 11 61900 112 62022 7 62238 140 62576 143 62915 144 63253 145 63592 145 63931 18 63955 121 64271 8 64297 118 64637 117 64977 116 65317 115 65656 115 65995 115 66335 114 66674 114 67013 114 67351 115 67689 116 68028 116 68366 116 68705 116 69043 117 69382 117 69721 117 70059 118 70398 118 70737 118 71075 119 71414 119 71753 118 72091 119 72430 119 72768 120 73107 120 73445 121 73784 122 74122 124 74460 125 74799 125 75137 127 75475 128 75813 129 76151 131 76489 132 76827 133 77165 134 77503 135 77841 138 78179 139 78517 141 78855 144 79193 153 79531 159 79869 162 80207 165 80545 166 80883 168 81221 170 81559 171 81897 171 82235 170 82573 170 82911 169 83250 128 83380 38 83588 124 83727 28 83926 123 84073 20 84264 122 84425 4 84602 122 84940 121 85278 121 85616 121 85954 120 86292 120 86630 120 86968 119 87307 118 87645 118 87983 117 88321 117 88659 117 88997 116 89335 115 89673 115 90011 114 90349 114 90687 114 91025 113 91363 78 91453 23 91701 72 91792 21 92039 68 92130 20 92377 63 92468 20 92715 61 92806 19 93053 60 93144 19 93391 60 93481 19 93729 60 93818 20 94066 61 94154 22 94404 62 94489 24 94742 109 95080 108 95418 108 95756 108 96094 107 96432 107 96769 108 97107 107 97445 107 97783 107 98121 107 98459 107 98796 108 99134 107 99472 107 99810 107 100148 107 100486 107 100823 108 101161 107 101499 107 101837 107 102175 107 102513 107 102850 108 103188 107 103526 107 103864 107 104202 107 104540 106 104878 106 105216 106 105553 107 105891 107 106229 107 106567 106 106905 106 107243 106 107581 106 107919 106 108257 106 108595 105 108933 105 109271 105 109608 106 109946 106 110284 106 110622 106 110960 106 111298 106 111636 106 111974 105 112312 105 112650 105 112988 105 113326 105 113664 105 114002 105 114340 105 114678 105 115016 105 115354 104 115692 104 116030 104 116368 104 116706 104 117044 103 117382 103 117720 103 118058 102 118396 102 118734 101 119072 101 119410 100 119748 100 120086 99 120424 99 120762 98 121100 98 121438 97 121776 97 122114 96 122453 95 122791 94 123129 94 123467 93 123805 93 124143 93 124481 92 124819 92 125157 92 125495 92 125833 92 126171 93 126510 92 126848 92 127186 92 127524 93 127862 93 128200 94 128538 95 128876 96 129214 97 129553 97 129891 98 130229 100 130567 102 130905 103 131244 104 131582 106 131920 108 132259 109 132597 111 132935 112 133273 114 133612 115 133950 116 134288 118 134627 117 134965 117 135303 117 135642 116 135980 116 136318 115 136657 115 136995 115 137334 115 137672 116 138010 118 138349 119 138687 122 139025 125 139363 127 139494 2 139498 1 139702 137 140040 137 140378 138 140717 138 140856 5 141055 146 141393 148 141732 147 142070 148 142408 149 142747 149 143085 151 143423 153 143762 155 144100 157 144439 85 144535 62 144777 79 144883 54 145116 77 145224 53 145454 75 145566 50 145793 14 145819 45 145908 49 146131 13 146161 39 146248 48 146470 12 146508 26 146588 49 146809 11 146849 18 146928 48 147147 11 147189 12 147267 48 147486 11 147531 3 147607 47 147825 11 147946 46 148164 11 148285 45 148503 11 148624 44 148842 11 148963 42 149180 13 149303 38 149519 13 149642 20 149858 14 149981 14 150197 16 150324 4 150536 17 150875 17 151215 17 151555 16 151895 14 152235 12 152575 10 152916 6
basset_hound_45,228 143 727 151 880 6 1226 169 1725 172 2223 176 2721 179 3220 180 3718 182 4215 185 4713 187 5210 189 5709 189 6207 189 6705 187 7203 180 7701 175 8199 173 8696 174 9194 174 9692 174 10190 175 10689 175 11187 176 11686 176 12184 178 12682 179 13181 180 13679 181 14176 184 14672 188 15168 191 15662 197 16156 203 16651 208 17148 211 17646 212 18143 215 18642 216 19140 218 19638 221 20137 222 20636 223 21134 226 21633 227 22132 229 22631 230 23130 232 23629 234 24128 236 24627 237 25126 238 25625 239 26124 240 26623 240 27122 241 27620 242 28119 242 28618 242 29117 242 29615 243 30114 243 30415 6 30612 244 30911 13 31110 245 31409 16 31608 246 31907 19 32106 247 32405 22 32604 247 32903 25 33102 248 33401 27 33600 249 33900 29 34098 250 34398 31 34596 251 34897 32 35092 254 35395 34 35589 255 35893 36 36086 257 36391 38 36583 259 36890 38 37082 259 37388 40 37580 260 37886 41 38079 259 38384 42 38577 260 38882 44 39076 260 39380 45 39575 260 39879 45 40074 260 40377 46 40573 260 40876 46 41072 260 41374 47 41571 260 41873 47 42070 260 42371 48 42569 260 42870 48 43068 260 43369 48 43567 260 43867 49 44066 261 44366 49 44565 261 44864 50 45063 262 45363 49 45562 262 45861 51 46060 264 46360 51 46559 264 46859 52 47058 264 47357 54 47556 265 47856 55 48055 265 48355 57 48554 265 48853 59 49053 265 49352 62 49552 265 49851 66 50051 265 50350 69 50550 266 50849 70 51049 266 51348 72 51548 266 51846 74 52047 266 52345 75 52546 266 52845 74 53046 265 53344 75 53545 265 53843 75 54044 265 54342 75 54543 265 54841 74 55042 266 55340 75 55542 265 55839 74 56041 265 56338 75 56540 265 56837 75 57040 264 57336 75 57539 264 57835 76 58038 264 58335 74 58537 264 58834 74 59037 264 59333 72 59536 264 59832 70 60036 263 60331 69 60535 263 60830 69 61034 263 61329 68 61534 262 61828 68 62033 262 62327 69 62532 263 62826 69 63032 262 63325 69 63531 262 63824 70 64030 262 64323 70 64530 262 64822 71 65029 262 65321 72 65529 261 65820 72 66028 262 66320 72 66528 261 66819 73 67027 262 67318 74 67527 261 67817 75 68027 261 68317 75 68527 260 68816 76 69026 260 69315 77 69526 259 69814 78 70026 258 70314 78 70526 257 70813 79 71026 257 71312 80 71526 256 71811 81 72026 256 72311 82 72526 255 72810 83 73026 255 73309 84 73526 254 73808 85 74026 254 74307 87 74526 254 74806 88 75026 253 75305 90 75526 253 75804 91 76026 253 76303 93 76526 253 76802 94 77026 253 77301 96 77526 252 77801 96 78026 252 78300 98 78526 252 78800 98 79026 251 79299 100 79527 250 79799 100 80027 250 80299 101 80527 249 80799 101 81027 249 81299 102 81527 249 81799 103 82027 249 82299 103 82527 248 82799 104 83028 247 83298 105 83528 247 83798 105 84028 246 84298 105 84528 246 84798 106 85028 245 85298 106 85529 244 85798 106 86029 243 86298 106 86529 242 86798 106 87030 241 87297 107 87530 240 87797 106 88030 239 88296 107 88531 237 88796 107 89031 237 89296 106 89532 235 89796 106 90032 235 90296 106 90532 234 90795 106 91033 233 91295 106 91533 232 91795 104 92034 231 92295 91 92534 231 92794 89 93035 229 93294 87 93535 229 93794 86 94036 227 94293 85 94537 225 94793 84 95037 224 95293 83 95538 223 95792 83 96038 222 96291 83 96539 219 96789 84 97039 218 97288 84 97540 216 97787 84 97899 3 98040 214 98285 86 98398 5 98541 212 98784 86 98897 6 99042 209 99282 87 99397 7 99542 208 99781 88 99897 7 100043 206 100280 88 100397 7 100544 203 100780 88 100896 9 101045 201 101279 88 101395 10 101545 200 101778 89 101895 10 102046 199 102277 90 102394 12 102547 197 102777 90 102893 13 103048 195 103276 91 103393 13 103549 194 103776 91 103892 15 104050 192 104275 92 104391 16 104551 191 104774 93 104891 16 105052 189 105274 93 105390 18 105553 188 105773 95 105890 18 106054 187 106272 96 106390 18 106555 185 106772 96 106890 18 107056 184 107271 97 107390 19 107557 183 107771 97 107890 19 108059 181 108270 98 108390 21 108560 180 108770 98 108890 23 109062 178 109269 99 109390 25 109563 176 109769 99 109890 28 110065 174 110269 99 110390 29 110566 173 110768 100 110890 29 111069 170 111268 100 111390 30 111571 168 111768 101 111890 30 112073 166 112268 101 112390 29 112575 164 112768 101 112890 29 113077 161 113267 103 113390 29 113579 159 113768 102 113890 29 114081 157 114268 102 114390 28 114583 155 114768 103 114890 28 115085 153 115268 103 115390 28 115587 151 115769 102 115890 27 116089 149 116269 103 116390 27 116591 146 116769 103 116890 28 117092 145 117269 103 117391 27 117594 143 117769 104 117891 27 118096 141 118269 104 118391 28 118598 139 118769 105 118891 28 119101 136 119269 105 119391 28 119602 135 119769 105 119891 28 120105 131 120269 105 120391 28 120607 129 120769 105 120891 28 121109 127 121269 105 121391 28 121610 126 121769 105 121892 28 122113 123 122269 106 122392 27 122614 122 122769 106 122892 27 123116 120 123270 105 123392 27 123618 117 123770 106 123893 26 124119 116 124270 106 124393 26 124621 114 124770 106 124894 25 125123 112 125270 107 125394 25 125624 110 125770 107 125894 25 126126 108 126270 108 126395 24 126627 107 126770 108 126895 24 127128 105 127270 108 127395 24 127630 103 127769 110 127896 24 128131 102 128269 110 128396 24 128633 99 128770 110 128896 24 129134 98 129270 110 129396 24 129636 96 129770 111 129896 24 130138 93 130270 111 130396 24 130640 91 130771 111 130895 25 131142 89 131271 112 131394 26 131644 86 131771 113 131894 27 132146 84 132271 114 132393 28 132649 81 132772 114 132893 27 133151 78 133272 115 133392 28 133653 76 133772 117 133891 29 134155 74 134272 148 134657 72 134772 148 135158 71 135272 148 135660 69 135772 148 136162 67 136272 148 136664 65 136772 119 136901 18 137166 63 137273 116 137405 14 137668 61 137773 115 137908 10 138170 59 138273 113 138410 7 138672 57 138773 110 138913 2 139174 55 139273 108 139677 52 139773 106 140179 51 140273 103 140681 49 140774 99 141183 47 141273 97 141686 44 141773 96 142188 43 142272 95 142691 40 142772 81 142855 2 142861 3 143195 36 143271 80 143697 34 143771 80 144200 31 144270 81 144702 29 144770 80 145204 27 145270 78 145707 25 145770 76 146209 23 146271 74 146711 21 146771 72 147212 20 147271 68 147713 19 147772 66 148215 17 148273 65 148715 17 148774 64 149216 16 149275 64 149717 15 149776 63 150218 15 150277 63 150719 13 150779 61 151220 12 151282 56 151721 11 151784 37 152221 11 152288 13 152722 10 153224 7 153725 5
Bombay_92,6916 11 7216 14 7516 17 7816 20 8116 24 8417 26 8717 29 9018 33 9319 44 9620 74 9921 79 10222 84 10522 87 10823 89 11125 89 11426 90 11727 91 12028 92 12329 93 12630 95 12931 96 13233 96 13534 97 13835 98 14136 100 14438 101 14572 16 14739 104 14868 25 15041 105 15165 33 15342 106 15463 38 15643 107 15761 45 15944 166 16245 171 16546 174 16846 178 17147 180 17447 184 17747 187 18048 192 18348 202 18648 216 18949 229 19249 238 19549 246 19849 251 20149 252 20449 252 20749 252 21049 252 21349 252 21649 252 21949 252 22249 252 22549 252 22849 252 23149 252 23449 252 23749 252 24049 252 24349 252 24649 252 24949 252 25249 252 25549 252 25849 252 26149 252 26449 252 26749 252 27049 252 27349 252 27649 252 27949 252 28249 252 28549 252 28849 252 29149 252 29449 252 29748 253 30048 253 30348 253 30647 254 30947 254 31247 254 31546 255 31846 255 32145 256 32444 257 32744 257 33043 258 33342 259 33641 260 33940 261 34239 262 34538 263 34838 263 35137 264 35436 265 35735 266 36034 267 36333 268 36632 269 36931 270 37230 271 37528 273 37827 274 38125 72 38212 189 38424 66 38515 186 38722 40 38817 184 39021 34 39118 183 39320 29 39420 181 39619 26 39722 179 39919 23 40024 177 40218 21 40326 175 40518 18 40628 173 40818 15 40929 172 41119 11 41231 170 41421 4 41533 168 41834 167 42136 165 42438 163 42740 161 43042 159 43344 156 43646 154 43947 153 44249 151 44550 149 44851 148 45152 147 45453 146 45753 145 46054 144 46355 143 46656 142 46957 141 47257 140 47558 139 47859 138 48160 137 48461 135 48762 134 49062 134 49363 132 49663 132 49964 131 50265 129 50566 128 50866 128 51167 127 51468 126 51768 126 52069 125 52370 123 52671 122 52972 121 53273 120 53574 119 53875 118 54175 118 54476 117 54777 117 55078 116 55379 115 55681 113 55982 112 56283 111 56585 109 56886 108 57187 107 57489 104 57790 103 58091 101 58393 99 58694 97 58995 95 59297 92 59599 87 59901 83
beagle_203,15864 2 16195 5 16527 7 16859 8 17192 8 17524 10 17856 11 18189 11 18521 12 18854 12 19187 12 19519 13 19852 13 20185 13 20517 14 20850 14 21182 15 21514 16 21847 16 22179 17 22511 18 22842 20 23174 21 23504 24 23834 27 24163 31 24491 36 24820 40 25150 43 25481 45 25811 48 26141 51 26473 52 26804 54 27135 56 27467 57 27798 59 28130 60 28462 61 28794 62 29126 63 29458 64 29791 64 30123 65 30455 66 30788 66 31120 67 31452 68 31784 68 32117 68 32449 69 32781 70 33113 71 33445 72 33777 73 34110 73 34442 74 34774 75 35106 76 35438 77 35771 77 36103 78 36435 79 36768 79 37100 80 37433 80 37766 80 38098 81 38431 82 38764 82 38884 2 39096 83 39213 10 39429 83 39545 13 39762 83 39876 16 40094 84 40208 20 40427 84 40540 23 40760 85 40872 26 41093 85 41204 28 41425 86 41536 29 41758 87 41867 31 42091 87 42199 33 42424 87 42531 34 42757 88 42863 35 43090 88 43195 36 43422 89 43527 37 43755 90 43858 39 44088 90 44191 39 44421 91 44522 41 44754 92 44854 42 45087 93 45186 43 45420 142 45753 141 46085 142 46418 142 46751 142 47084 141 47417 141 47750 141 48083 140 48415 141 48748 140 49081 140 49414 138 49746 138 50079 138 50412 137 50744 137 51077 136 51409 136 51742 136 52074 135 52407 134 52739 133 53072 130 53404 129 53736 128 54068 127 54400 126 54732 126 55064 125 55396 125 55728 124 56061 123 56393 122 56725 121 57057 120 57390 119 57722 118 58054 118 58387 117 58719 117 59052 115 59384 115 59717 115 60049 115 60382 115 60714 116 61047 116 61380 116 61712 116 62045 116 62179 3 62378 116 62511 5 62710 117 62843 6 63043 116 63175 7 63375 117 63508 7 63708 117 63840 8 64041 117 64172 10 64373 118 64504 11 64706 119 64836 12 65039 121 65167 13 65372 124 65499 14 65704 142 66037 142 66370 142 66703 141 67035 142 67368 142 67701 141 68033 142 68366 141 68699 141 69032 140 69364 140 69697 139 70030 139 70362 139 70695 138 71028 137 71360 137 71693 136 72026 135 72359 134 72691 134 73024 133 73357 131 73689 131 74022 130 74355 129 74687 129 75020 127 75353 126 75686 125 76018 125 76351 124 76684 123 77016 124 77349 123 77682 123 78015 122 78347 123 78680 123 79013 123 79346 123 79678 124 80011 124 80344 124 80677 125 81009 126 81342 126 81675 127 82008 127 82341 128 82674 128 83007 128 83339 130 83672 130 84005 131 84338 131 84671 132 85004 132 85337 133 85670 134 86003 134 86336 135 86669 135 87002 136 87335 137 87668 139 88001 141 88334 143 88667 145 88999 150 89332 153 89665 159 89998 164 90331 168 90664 174 90997 176 91330 178 91663 180 91996 181 92329 182 92662 182 92995 183 93328 184 93661 184 93994 184 94327 185 94660 185 94994 184 95327 184 95660 184 95993 184 96326 184 96660 183 96993 183 97326 183 97660 182 97993 182 98326 182 98660 181 98993 181 99327 180 99660 180 99994 178 100327 178 100661 177 100995 176 101328 176 101662 175 101996 174 102330 173 102664 173 102997 173 103331 172 103665 171 103998 171 104332 170 104665 170 104999 169 105332 169 105666 168 105999 168 106332 168 106666 167 106999 167 107333 165 107666 165 108000 164 108333 164 108667 163 109001 161 109334 161 109668 160 110001 160 110335 158 110669 157 111003 155 111336 154 111670 153 112004 151 112338 150 112672 148 113006 146 113339 145 113673 144 114007 142 114341 140 114675 138 115008 137 115342 135 115676 132 116010 130 116344 127 116678 124 117011 123 117345 120 117679 116 118012 115 118346 111 118679 107 119013 104 119346 103 119680 101 120013 101 120346 100 120680 98 121013 98 121346 97 121680 96 122013 96 122347 95 122680 95 123014 95 123348 94 123681 94 124015 93 124349 92 124683 91 125016 90 125350 89 125684 89 126018 88 126351 88 126685 86 127019 85 127353 84 127686 84 128020 83 128354 82 128688 81 129022 80 129355 80 129689 80 130023 79 130358 77 130692 76 131026 75 131361 73 131695 72 132029 71 132365 68 132699 68 133035 65 133384 49 133721 45 134058 41 134395 37 134730 35 135064 34 135400 31 135740 24 136074 23 136407 23 136741 22 137075 21 137408 21 137742 20 138075 20 138409 19 138742 19 139075 19 139408 19 139742 18 140075 19 140408 19 140742 18 141075 18 141408 18 141742 17 142075 17 142409 16 142742 16 143076 14 143409 14 143743 12 144077 10 144410 9 144744 7 145080 2
Bombay_62,122 180 497 181 871 183 1246 183 1621 183 1996 184 2371 184 2746 184 3121 184 3497 184 3872 184 4247 184 4622 184 4998 183 5373 183 5748 183 6124 182 6499 182 6874 182 7250 181 7625 181 8001 180 8376 180 8752 179 9127 179 9503 178 9878 178 10253 178 10628 178 11004 176 11379 176 11754 176 12129 176 12504 176 12880 175 13255 175 13630 175 14005 175 14380 175 14755 175 15130 175 15504 175 15879 175 16254 175 16629 175 17004 175 17379 175 17753 176 18128 175 18503 175 18878 175 19253 175 19627 176 20002 176 20377 175 20752 175 21126 176 21501 176 21876 176 22251 176 22626 176 23000 176 23375 176 23750 176 24125 176 24500 176 24875 176 25249 177 25624 176 25999 176 26374 176 26749 176 27124 176 27499 176 27874 175 28249 175 28624 175 28998 176 29373 176 29748 176 30123 175 30498 175 30873 175 31248 175 31623 175 31998 175 32373 174 32748 174 33122 175 33497 175 33872 174 34247 174 34622 174 34997 173 35372 173 35747 173 36122 172 36497 172 36872 172 37247 171 37623 170 37998 170 38373 169 38748 169 39123 169 39498 168 39873 168 40249 166 40624 166 40999 165 41374 165 41749 164 42124 164 42500 162 42875 162 43250 162 43625 161 44000 160 44375 160 44750 159 45126 158 45501 157 45876 157 46251 156 46626 156 47001 155 47376 155 47752 153 48127 153 48502 153 48877 152 49253 151 49628 150 50003 150 50378 150 50753 149 51128 149 51504 148 51879 148 52254 147 52629 147 53004 147 53379 147 53755 146 54130 146 54505 146 54880 146 55255 146 55630 146 56005 146 56380 146 56755 146 57130 146 57505 146 57880 147 58255 147 58630 147 59005 147 59380 147 59755 148 60130 148 60505 148 60880 148 61255 149 61630 149 62005 149 62380 149 62755 150 63130 150 63505 150 63880 151 64255 151 64629 152 65004 153 65379 153 65754 153 66129 154 66503 155 66878 155 67253 156 67628 156 68002 158 68377 158 68752 159 69126 160 69501 160 69876 161 70251 161 70625 163 71000 163 71375 164 71749 165 72124 166 72498 167 72873 168 73248 169 73622 170 73997 171 74372 172 74746 173 75121 174 75496 175 75870 176 76245 177 76620 178 76994 179 77369 180 77744 181 78119 181 78494 182 78868 183 79243 184 79618 184 79993 185 80368 185 80742 187 81117 187 81492 188 81867 188 82242 189 82617 189 82991 191 83366 191 83741 191 84116 192 84491 192 84866 192 85241 193 85616 193 85991 194 86366 194 86741 195 87116 195 87490 196 87865 197 88240 197 88615 198 88990 198 89365 198 89740 199 90115 199 90490 199 90865 200 91240 200 91615 201 91990 201 92365 201 92739 203 93114 203 93489 204 93864 204 94239 205 94613 207 94988 207 95363 208 95738 208 96112 210 96487 210 96862 210 97236 211 97611 212 97986 212 98360 213 98735 214 99109 215 99484 215 99859 215 100233 217 100608 217 100982 218 101357 218 101731 220 102106 220 102480 221 102855 221 103229 222 103603 223 103978 224 104352 225 104727 225 105101 226 105475 227 105850 227 106224 228 106598 229 106973 228 107347 229 107721 230 108096 230 108470 231 108845 231 109219 232 109594 232 109968 233 110343 233 110717 234 111092 233 111467 233 111841 234 112216 234 112590 234 112965 234 113340 234 113714 48 113775 173 114089 45 114153 169 114464 42 114533 119 114666 31 114839 40 114914 109 115046 25 115214 38 115291 105 115426 4 115435 9 115588 36 115669 99 115963 34 116046 93 116338 33 116423 88 116713 31 116800 83 117089 28 117176 79 117464 26 117553 75 117839 24 117929 72 118215 21 118306 69 118590 18 118683 65 118967 12 119059 63 119345 5 119436 60 119813 57 120189 56 120565 54 120941 52 121317 51 121693 49 122069 47 122445 46 122821 44 123197 43 123572 43 123948 41 124323 41 124699 39 125075 38 125450 38 125826 36 126201 36 126577 35 126953 33 127328 33 127704 32 128079 32 128455 30 128830 30 129205 30 129581 29 129956 29 130331 28 130707 27 131082 27 131457 27 131833 26 132208 26 132583 25 132959 24 133334 24 133709 24 134085 23 134460 22 134835 22 135211 21 135586 20 135962 19 136337 19 136712 18 137088 17 137463 17 137839 15 138214 15 138590 13 138965 13 139341 11 139716 11 140092 9 140468 8 140844 6 141220 4
British_Shorthair_139,39140 3 39582 9 40025 15 40468 20 40912 24 41356 27 41729 8 41800 31 42164 17 42244 34 42570 55 42688 36 43008 61 43133 38 43446 67 43577 41 43885 72 44021 45 44323 78 44466 51 44760 85 44910 57 45199 90 45354 64 45640 93 45799 65 46080 97 46243 67 46521 100 46687 70 46962 103 47132 70 47404 105 47576 72 47846 107 48021 71 48164 28 48288 109 48465 73 48601 46 48730 111 48910 74 49041 56 49172 113 49354 76 49484 64 49614 115 49799 78 49925 75 50056 117 50243 80 50366 84 50498 119 50688 81 50806 94 50939 122 51132 83 51246 102 51381 124 51577 85 51685 111 51823 126 52021 90 52127 118 52263 130 52466 228 52703 134 52910 371 53355 370 53799 370 54244 369 54688 369 55132 369 55577 368 56021 368 56465 368 56910 367 57354 367 57798 367 58243 366 58687 366 59131 366 59575 366 60020 365 60464 365 60908 365 61352 365 61797 364 62241 364 62685 364 63129 364 63574 363 64018 363 64462 363 64906 363 65351 362 65795 362 66239 362 66683 362 67127 362 67572 361 68016 361 68460 361 68904 361 69348 361 69792 361 70237 360 70681 360 71125 360 71569 360 72013 360 72457 360 72901 360 73345 360 73789 360 74233 360 74677 360 75121 360 75565 360 76009 360 76453 360 76897 360 77341 360 77785 360 78229 360 78673 360 79117 360 79561 360 80005 360 80448 361 80892 361 81336 361 81780 361 82224 361 82668 361 83112 361 83556 361 84000 361 84444 361 84888 361 85332 361 85776 361 86220 361 86664 361 87108 361 87552 361 87996 361 88439 362 88883 362 89327 362 89771 362 90215 362 90659 362 91103 362 91547 362 91991 362 92435 362 92879 362 93323 362 93767 362 94211 362 94655 362 95099 362 95543 362 95987 362 96430 363 96874 363 97318 363 97762 363 98206 363 98650 363 99094 363 99538 363 99982 363 100426 363 100870 363 101314 363 101758 363 102202 363 102645 364 103089 364 103533 364 103977 364 104421 364 104865 364 105309 364 105753 364 106196 365 106640 365 107084 365 107528 365 107972 365 108416 365 108860 365 109304 365 109748 365 110192 365 110636 365 111080 365 111524 365 111968 365 112412 365 112856 365 113300 365 113743 366 114187 366 114631 366 115075 366 115519 366 115963 366 116407 366 116851 366 117295 366 117739 366 118183 366 118627 366 119071 366 119515 366 119959 366 120403 366 120847 366 121291 366 121735 366 122178 367 122622 367 123066 367 123510 367 123954 367 124398 367 124842 367 125286 367 125730 367 126174 367 126618 367 127062 367 127506 367 127950 367 128394 367 128838 367 129282 367 129726 367 130170 367 130614 367 131058 367 131502 367 131946 367 132389 368 132833 368 133277 368 133721 368 134165 368 134610 367 135054 367 135498 367 135942 367 136386 367 136830 367 137274 367 137718 367 138162 367 138606 367 139050 367 139494 367 139937 368 140381 368 140825 368 141269 368 141713 368 142157 368 142601 368 143045 368 143489 368 143933 368 144377 368 144821 368 145264 369 145708 369 146152 369 146596 369 147040 369 147484 369 147928 369 148372 369 148815 370 149259 370 149703 370 150147 370 150591 370 151034 371 151478 371 151922 371 152366 371 152810 371 153253 372 153697 372 154141 372 154585 372 155029 372 155473 372 155917 372 156361 372 156805 372 157249 372 157693 372 158137 372 158581 372 159025 372 159469 372 159913 372 160357 372 160801 372 161245 372 161689 372 162133 372 162577 372 163021 372 163465 372 163909 372 164353 372 164797 372 165241 372 165685 372 166129 372 166572 373 167016 373 167460 373 167904 373 168348 373 168792 373 169235 374 169679 374 170123 374 170567 374 171011 374 171454 375 171898 375 172342 375 172785 376 173229 376 173673 376 174117 376 174560 377 175004 377 175447 378 175891 378 176335 378 176778 379 177222 379 177665 380 178109 380 178552 381 178995 382 179439 382 179882 383 180326 383 180769 384 181213 384 181656 385 182100 385 182543 386 182986 387 183429 388 183873 388 184316 389 184759 86 184865 284 185203 77 185312 281 185646 61 185759 278 186089 57 186205 276 186533 54 186651 274 186976 52 187097 272 187420 49 187542 271 187863 48 187988 269 188307 46 188434 267 188750 45 188879 266 189194 43 189325 264 189637 41 189771 262 190081 38 190217 260 190525 35 190662 132 190803 118 190969 32 191108 125 191252 113 191412 29 191554 119 191701 108 191856 26 192000 114 192149 104 192300 22 192447 108 192596 101 192745 16 192893 104 193043 98 193189 12 193339 99 193489 96 193786 94 193935 94 194232 89 194382 91 194678 84 194828 89 195124 78 195276 85 195572 71 195727 78 196018 66 196175 74 196466 59 196623 70 196914 52 197069 68 197362 44 197516 65 197810 36 197961 64 198259 27 198406 63 198709 15 198851 62 199296 61 199741 60 200185 60 200630 59 201075 58 201520 57 201965 56 202409 56 202854 55 203299 54 203745 52 204189 52 204634 51 205079 50 205523 50 205968 49 206413 48 206858 47 207303 46 207748 45 208192 45 208637 44 209082 43 209527 42 209972 41 210417 40 210863 38 211309 36 211755 34 212200 33 212645 32 213090 31 213535 30 213981 28 214427 26 214874 23 215320 21 215765 20 216210 19 216656 17 217101 16 217546 15 217991 14 218436 13 218881 12 219326 11 219771 10 220216 9 220661 8 221106 7 221550 6 221995 4
american_pit_bull_terrier_59,59796 29 60290 40 60785 48 61203 11 61280 55 61694 23 61776 61 62188 31 62272 67 62683 37 62769 71 63179 43 63266 76 63674 49 63763 80 64171 54 64259 86 64667 60 64755 91 65163 66 65251 96 65658 76 65745 103 66065 17 66152 197 66561 27 66643 207 67057 34 67127 224 67555 40 67620 232 68054 47 68114 239 68553 302 69052 304 69552 306 70051 309 70551 311 71051 312 71551 314 72051 317 72551 319 73051 321 73551 323 74051 325 74551 327 75051 328 75551 329 76052 330 76552 331 77052 332 77552 334 78052 335 78553 336 79053 337 79553 338 80054 339 80554 340 81055 341 81556 341 82057 342 82558 342 83058 344 83559 345 84059 346 84560 347 85060 310 85375 34 85560 309 85877 33 86060 308 86380 31 86560 307 86889 6 86896 14 87060 306 87560 306 88060 306 88560 306 89060 306 89560 307 90060 307 90560 307 91060 308 91560 308 92060 308 92560 309 93060 309 93560 310 94061 309 94561 309 95061 309 95561 310 96062 309 96562 310 97062 310 97562 310 98062 310 98563 310 99063 310 99563 310 100063 310 100563 310 101064 309 101564 309 102064 308 102564 308 103064 308 103565 307 104065 307 104565 307 105065 307 105565 307 106065 307 106566 305 107066 305 107566 305 108067 304 108567 304 109067 304 109568 303 110068 303 110568 303 111069 302 111569 302 112070 301 112570 301 113071 300 113571 300 114071 301 114572 300 115072 300 115572 300 115967 11 116072 301 116463 19 116572 301 116960 25 117072 301 117456 30 117573 300 117953 34 118073 300 118450 38 118573 300 118947 42 119073 300 119445 44 119573 300 119942 46 120073 300 120440 48 120573 300 120938 50 121074 300 121436 52 121574 300 121933 55 122074 300 122430 57 122575 299 122928 58 123075 300 123425 60 123575 300 123923 60 124075 300 124421 61 124576 300 124918 62 125076 301 125415 63 125576 302 125911 65 126077 303 126406 68 126577 305 126900 69 127077 382 127578 368 128078 362 128578 357 129079 352 129579 347 130080 341 130580 336 131080 331 131581 327 132081 325 132582 320 133082 316 133582 314 134083 311 134583 310 135084 307 135584 121 135711 178 136084 117 136218 169 136585 113 136721 165 137085 111 137225 159 137585 108 137728 154 138085 106 138231 148 138586 103 138733 144 139086 101 139236 138 139586 98 139738 134 140086 95 140240 129 140585 93 140743 122 141085 91 141245 117 141585 88 141747 111 142085 85 142249 105 142584 84 142752 99 143084 81 143254 95 143583 79 143756 91 144083 77 144259 86 144582 77 144762 82 145082 75 145264 78 145581 75 145768 73 146081 73 146271 68 146580 73 146774 64 147079 72 147278 58 147579 71 147781 53 148078 71 148284 48 148577 71 148788 42 149077 69 149298 30 149576 69 149806 18 150075 69 150574 68 151073 68 151572 68 152071 68 152570 68 153069 68 153568 68 154067 68 154566 69 155066 68 155565 68 156064 68 156563 69 157063 68 157562 68 158062 67 158561 67 159060 67 159560 66 160059 66 160559 65 161058 65 161558 63 162057 63 162557 61 163057 60 163557 58 164057 57 164556 56 165056 54 165556 52 166056 50 166557 46 167057 44 167557 42 168057 40 168557 38 169057 36 169557 34 170057 33 170558 30 171058 29 171559 26 172059 25 172559 23 173060 21 173561 18 174062 15 174563 13 175064 10 175566 6
samoyed_148,16293 8 16665 14 17038 17 17411 19 17784 22 18158 23 18532 24 18905 26 19279 27 19653 27 20027 28 20401 28 20775 29 21148 30 21523 30 21897 30 22271 30 22645 31 23019 31 23393 31 23767 31 24141 32 24516 31 24889 32 25263 33 25638 32 26012 33 26386 33 26760 34 27135 33 27509 34 27883 34 28258 34 28632 35 29007 35 29381 36 29756 36 30130 37 30505 37 30879 39 31254 40 31628 42 32003 44 32377 46 32751 50 33126 54 33500 60 33874 66 34248 71 34622 75 34996 78 35370 79 35744 81 36118 82 36492 83 36866 84 37240 85 37614 85 37988 86 38362 86 38736 86 39111 85 39485 85 39859 85 40233 85 40607 85 40982 84 41356 84 41730 84 42104 84 42478 84 42852 83 43226 84 43600 84 43974 84 44348 84 44722 84 45096 84 45470 85 45844 85 46217 86 46591 87 46965 87 47339 88 47713 88 48087 88 48461 89 48835 90 49208 91 49582 92 49956 92 50331 92 50705 93 51079 93 51453 94 51827 95 52202 95 52576 96 52951 96 53325 96 53699 97 54074 97 54448 98 54822 99 55197 99 55571 100 55946 100 56320 100 56695 100 57069 101 57444 101 57819 101 58193 102 58568 102 58942 102 59317 102 59691 103 60066 103 60440 104 60815 103 61190 103 61564 104 61939 104 62313 105 62688 105 63063 104 63437 105 63812 105 64187 105 64562 105 64936 106 65311 106 65686 105 66061 105 66436 105 66810 106 67185 106 67560 106 67935 105 68310 105 68685 105 69060 105 69435 105 69810 105 70185 105 70560 105 70935 105 71310 105 71685 106 72060 106 72435 107 72810 108 73186 107 73561 108 73936 109 74311 110 74686 112 75061 113 75436 114 75811 115 76186 116 76561 117 76936 117 77311 118 77686 118 78061 119 78436 119 78811 120 79186 120 79562 120 79937 120 80312 121 80687 121 81062 121 81437 122 81812 122 82187 123 82562 123 82937 124 83313 123 83688 124 84063 125 84438 126 84813 126 85188 127 85563 129 85939 129 86314 131 86689 133 87064 136 87439 139 87815 141 88190 143 88565 146 88940 148 89315 151 89690 155 90065 158 90441 161 90816 165 91191 167 91566 169 91941 171 92316 172 92691 174 93066 176 93442 176 93817 178 94192 179 94567 180 94942 182 95317 184 95692 185 96067 188 96441 190 96816 192 97191 194 97566 196 97941 197 98316 199 98690 201 99065 203 99440 204 99814 207 100189 209 100563 212 100938 215 101312 219 101687 221 102061 225 102436 227 102810 229 103185 233 103559 236 103933 241 104308 245 104682 249 105057 251 105432 254 105806 256 106181 258 106556 259 106930 261 107305 263 107680 264 108055 265 108430 266 108805 266 109180 267 109555 268 109930 269 110305 269 110680 270 111055 270 111430 271 111805 271 112180 271 112555 271 112930 272 113305 272 113680 187 113883 68 114055 184 114263 63 114430 182 114644 57 114805 181 115024 52 115180 180 115402 48 115555 179 115781 44 115930 179 116159 40 116305 178 116536 37 116680 178 116914 33 117055 177 117292 29 117430 177 117669 25 117805 177 118050 16 118180 177 118429 9 118555 177 118930 177 119304 178 119679 178 120054 178 120429 178 120804 178 121179 178 121554 178 121929 178 122304 178 122679 177 123054 177 123429 177 123804 177 124179 177 124554 176 124929 176 125304 176 125679 176 126054 176 126430 175 126805 174 127180 174 127555 174 127930 174 128305 174 128681 173 129056 173 129431 173 129806 173 130182 172 130557 172 130933 171 131308 171 131684 171 132059 171 132435 171 132811 170 133186 171 133562 171 133938 170 134313 171 134689 171 135065 171 135440 172 135816 172 136192 173 136568 173 136943 175 137319 176 137695 177 138071 178 138447 179 138823 180 139198 181 139574 181 139950 182 140326 182 140701 183 141077 184 141453 184 141829 185 142205 186 142580 187 142956 188 143332 188 143708 188 144084 188 144461 187 144837 188 145213 188 145590 187 145966 187 146343 186 146719 186 147096 185 147473 185 147850 185 148227 184 148604 183 148983 181 149361 180 149738 179 150116 178 150494 176 150871 176 151249 174 151628 172 152008 168 152388 165 152766 164 153143 163 153520 38 153577 105 153897 25 153959 99 154274 19 154338 97 154652 11 154717 94 155095 92 155473 91 155851 89 156230 87 156609 86 156987 84 157366 82 157746 79 158124 77 158504 74 158882 72 159260 70 159642 64 160022 60 160402 55 160782 51 161159 50 161537 48 161915 46 162291 45 162669 43 163046 41 163422 41 163799 40 164175 39 164551 38 164928 37 165304 36 165681 34 166057 33 166434 31 166811 29 167187 27 167564 25 167941 22 168318 19 168695 16 169074 9
Ragdoll_63,137 95 464 104 793 109 1124 112 1455 115 1787 116 2120 117 2452 119 2784 121 3116 122 3449 123 3781 125 4114 125 4446 127 4779 128 5112 128 5444 130 5777 131 6110 131 6443 132 6775 134 7108 134 7441 135 7774 136 8107 136 8440 137 8773 138 9106 138 9439 139 9772 140 10105 141 10438 141 10771 142 11104 143 11437 143 11770 144 12103 144 12436 145 12769 145 13102 146 13435 146 13768 146 14101 147 14434 147 14768 147 15101 147 15434 148 15767 148 16100 149 16433 149 16766 149 17099 150 17432 151 17765 151 18098 151 18431 152 18764 152 19096 154 19429 154 19762 154 20095 155 20428 155 20761 156 21093 157 21426 157 21759 157 22091 159 22424 159 22757 159 23089 161 23422 161 23754 163 24087 163 24420 164 24752 165 25084 166 25416 168 25748 169 26080 170 26413 170 26745 171 27077 172 27410 172 27742 173 28075 173 28407 174 28740 174 29073 174 29405 175 29738 174 30071 174 30404 174 30737 174 31069 174 31402 174 31735 174 32068 174 32400 174 32733 174 33065 175 33397 176 33730 176 34062 176 34394 177 34726 178 35058 179 35390 179 35722 180 36054 180 36386 181 36718 181 37050 182 37381 184 37713 184 38045 185 38377 186 38709 186 39041 187 39374 187 39706 187 40038 188 40371 188 40703 189 41036 189 41368 190 41701 189 42033 190 42366 190 42698 191 43031 191 43363 192 43695 193 44028 193 44360 193 44693 193 45025 194 45357 195 45690 195 46022 196 46354 197 46687 196 47019 197 47352 197 47684 198 48017 198 48350 198 48682 198 49015 198 49348 198 49680 199 50013 199 50345 200 50678 200 51011 199 51343 200 51676 200 52008 201 52340 202 52673 202 53005 203 53337 204 53669 204 54001 205 54333 206 54665 207 54998 207 55330 208 55663 207 55995 208 56326 210 56658 211 56990 212 57322 213 57654 213 57985 215 58317 216 58649 217 58981 218 59313 219 59645 220 59976 222 60307 224 60638 226 60969 227 61301 228 61633 229 61965 230 62296 232 62627 234 62949 245 63273 254 63604 256 63937 256 64270 256 64603 256 64936 256 65269 256 65602 256 65935 256 66268 256 66601 255 66934 255 67267 255 67600 255 67933 255 68266 255 68599 255 68932 255 69265 255 69598 255 69931 255 70265 254 70599 253 70933 252 71268 250 71602 249 71935 249 72269 248 72602 248 72935 248 73268 248 73601 248 73931 251 74263 252 74596 252 74929 252 75259 1 75261 253 75592 1 75594 253 75925 1 75927 253 76258 255 76591 255 76924 255 77257 255 77590 255 77923 255 78256 255 78589 255 78922 255 79255 255 79588 255 79921 255 80254 256 80587 256 80920 256 81253 256 81586 256 81919 256 82252 256 82585 256 82918 256 83251 256 83584 256 83917 256 84250 257 84583 257 84916 257 85249 256 85582 256 85915 256 86248 256 86581 256 86914 256 87247 256 87580 256 87913 256 88246 256 88579 256 88912 256 89245 256 89578 256 89911 256 90244 256 90577 256 90910 256 91243 256 91576 255 91909 255 92242 255 92575 255 92908 255 93241 255 93574 255 93907 254 94240 254 94573 254 94906 254 95239 253 95572 252 95905 252 96238 250 96571 249 96904 247 97237 240 97570 231 97903 228 98236 227 98569 226 98902 224 99235 223 99568 1 99570 221 99903 220 100237 218 100570 217 100903 217 101236 216 101569 215 101902 215 102235 214 102568 214 102901 213 103235 212 103567 212 103901 210 104234 210 104566 210 104899 210 105232 209 105565 208 105898 207 106231 206 106564 205 106897 204 107230 203 107563 202 107896 201 108229 200 108562 198 108895 197 109228 196 109561 195 109894 193 110227 192 110560 191 110893 191 111226 190 111559 189 111892 189 112224 189 112555 1 112557 189 112888 190 113221 190 113554 189 113887 189 114220 188 114553 188 114886 188 115219 187 115552 187 115885 187 116218 187 116551 186 116884 186 117217 186 117550 186 117883 186 118216 185 118549 185 118882 185 119215 184 119548 184 119881 184 120214 183 120547 182 120880 181 121213 180 121546 179 121879 178 122212 177 122545 176 122878 174 123211 173 123544 172 123877 170 124210 165 124543 163 124876 161 125209 159 125542 158 125875 157 126208 157 126541 155 126874 155 127207 154 127540 154 127873 154 128206 153 128539 153 128872 153 129205 153 129538 153 129871 153 130204 153 130537 153 130870 153 131203 153 131378 1 131536 153 131710 3 131869 153 132043 4 132202 153 132375 6 132535 153 132708 7 132868 153 133041 7 133201 153 133374 7 133534 153 133707 7 133867 153 134040 7 134200 153 134373 6 134533 153 134706 5 134866 153 135039 5 135199 153 135372 4 135532 153 135706 2 135865 154 136198 154 136531 154 136864 154 137197 154 137530 154 137863 154 138196 154 138529 154 138862 155 139087 5 139093 5 139195 155 139418 15 139528 155 139750 17 139861 156 140082 19 140194 156 140415 20 140527 157 140748 21 140860 157 141080 24 141193 158 141412 27 141526 159 141744 32 141859 159 142077 33 142192 160 142409 35 142525 161 142742 35 142858 162 143074 36 143191 162 143407 37 143524 163 143739 38 143857 164 144072 38 144190 165 144404 40 144523 166 144737 40 144856 167 145070 41 145189 169 145404 40 145522 170 145738 40 145855 170 146072 40 146188 171 146406 39 146521 171 146741 37 146854 172 147077 34 147187 172 147412 32 147520 172 147747 30 147853 173 148082 28 148186 173 148416 27 148519 173 148750 26 148852 173 149083 25 149185 174 149416 25 149518 174 149750 24 149851 175 150083 23 150184 175 150416 22 150517 176 150749 22 150850 176 151083 21 151183 176 151416 20 151516 177 151749 19 151849 177 152083 16 152182 178 152416 14 152515 179 152749 12 152848 179 153083 10 153181 180 153366 2 153416 8 153514 189 153749 7 153847 190 154083 5 154180 191 154416 4 154513 192 154750 3 154846 193 155084 1 155179 194 155512 194 155845 195 156178 196 156511 197 156844 198 157177 199 157510 200 157843 201 158176 201 158509 201 158842 202 159175 202 159508 202 159841 1 159843 200 160174 1 160176 200 160507 1 160509 200 160840 1 160842 200 161176 199 161509 199 161842 199 162176 198 162509 198 162842 197 163175 196 163509 194 163843 192 164176 191 164511 188 164844 187 165178 185 165511 184 165844 184 166176 184
Maine_Coon_180,23468 14 23791 29 24120 38 24451 43 24783 47 25114 55 25445 82 25776 89 26106 94 26428 106 26755 113 27084 118 27415 121 27745 125 28076 127 28407 130 28737 134 29068 137 29399 139 29730 142 30061 145 30391 148 30719 154 31043 164 31374 166 31706 168 32039 168 32372 169 32705 169 33038 169 33372 168 33705 169 34039 168 34373 167 34707 166 35041 165 35374 165 35708 164 36042 163 36376 163 36709 163 37043 162 37376 162 37710 161 38043 161 38377 160 38710 160 39043 160 39377 159 39710 159 40043 159 40376 159 40709 159 41042 159 41376 158 41709 158 42042 158 42375 159 42708 159 43041 159 43374 159 43707 159 44040 159 44373 159 44706 159 45039 159 45372 159 45705 159 46038 159 46371 159 46704 159 47037 159 47370 159 47703 159 48036 159 48369 159 48702 159 49035 159 49368 159 49701 159 50034 159 50367 159 50700 159 51034 158 51367 158 51700 158 52033 158 52366 158 52699 158 53032 158 53365 158 53698 158 54031 157 54364 157 54697 157 55030 157 55363 157 55696 157 56028 158 56361 158 56694 158 57027 158 57360 158 57693 158 58026 158 58358 159 58691 159 59023 160 59356 160 59689 160 60021 161 60354 161 60686 162 61019 162 61351 163 61683 164 62016 164 62348 165 62680 166 63013 166 63345 167 63677 168 64010 168 64342 169 64675 169 65008 169 65341 12 65359 151 65677 1 65697 146 66032 144 66367 142 66702 140 67036 139 67370 138 67705 136 68039 135 68372 135 68706 134 69040 133 69373 133 69707 132 70040 132 70374 131 70707 131 71041 130 71374 130 71707 130 72041 129 72374 129 72707 129 73041 128 73374 128 73708 127 74041 126 74374 126 74707 126 75041 125 75374 125 75707 125 76041 124 76374 124 76707 124 77041 123 77374 123 77707 123 78040 123 78374 122 78707 122 79040 122 79373 122 79707 121 80040 121 80373 121 80706 121 81039 120 81372 120 81706 119 82039 119 82372 119 82705 119 83038 119 83371 119 83705 118 84038 118 84371 118 84704 118 85037 118 85370 118 85703 118 86036 118 86369 118 86703 117 87036 117 87369 117 87702 117 88035 117 88368 117 88701 117 89034 117 89367 117 89700 117 90034 116 90367 116 90700 116 91033 116 91366 116 91699 116 92032 116 92365 116 92698 116 93031 116 93365 115 93698 115 94031 115 94364 115 94698 114 95031 114 95364 114 95697 114 96030 114 96364 113 96697 113 97030 113 97364 112 97697 112 98030 112 98364 111 98697 111 99031 110 99364 110 99698 109 100031 109 100365 108 100698 108 101032 107 101365 107 101699 106 102032 106 102366 105 102699 105 103033 104 103366 104 103700 103 104033 103 104367 102 104700 102 105034 101 105367 101 105701 100 106034 100 106368 99 106701 99 107035 98 107368 98 107702 97 108036 96 108370 94 108703 94 109037 93 109371 92 109705 91 110038 91 110373 89 110706 88 111040 87 111374 86 111708 85 112042 84 112375 83 112709 82 113043 81 113377 79 113710 79 114044 78 114378 76 114711 76 115045 75 115379 73 115712 73 116046 72 116380 70 116713 70 117047 68 117381 67 117714 66 118048 65 118382 63 118715 63 119049 62 119382 61 119715 61 120049 60 120382 60 120716 59 121049 58 121383 57 121716 57 122050 56 122383 56 122717 55 123050 55 123384 55 123717 55 124051 53 124384 54 124718 52 125051 52 125384 52 125718 51 126051 51 126384 51 126718 50 127051 50 127384 50 127718 49 128051 49 128384 49 128717 49 129051 48 129384 48 129717 48 130051 47 130384 47 130717 47 131051 46 131384 46 131717 46 132051 45 132384 45 132718 44 133051 44 133384 44 133718 43 134051 43 134384 43 134718 42 135051 42 135384 42 135717 42 136051 41 136384 42 136717 42 137050 42 137384 41 137717 41 138050 41 138383 41 138716 41 139049 41 139382 41 139716 40 140049 40 140382 40 140715 40 141048 40 141381 39 141714 39 142047 39 142380 39 142713 39 143046 39 143379 39 143713 38 144046 38 144379 38 144712 37 145045 37 145378 37 145711 36 146045 35 146378 34 146711 34 147044 32 147377 31 147710 23 148044 19 148377 17 148710 16 149044 15 149377 14 149710 13 150044 12 150377 11 150711 9 151044 9 151378 7 151712 5 152047 1
Sphynx_184,87313 4 87811 9 88310 11 88810 12 89309 14 89809 14 90309 14 90809 14 91309 14 91809 14 92309 14 92340 3 92809 14 92838 6 93309 14 93337 8 93465 9 93809 14 93836 10 93962 14 94309 14 94335 12 94458 18 94809 14 94834 13 94955 21 95310 13 95334 14 95452 25 95810 13 95833 16 95949 28 96311 12 96333 17 96445 32 96811 11 96832 18 96941 36 97312 11 97331 20 97437 40 97813 10 97830 22 97933 44 98314 11 98329 24 98429 48 98816 39 98924 54 99317 39 99419 59 99818 40 99914 64 100318 42 100408 70 100819 43 100902 76 101319 46 101396 82 101819 50 101892 86 102319 56 102387 91 102819 159 103319 159 103819 159 104319 159 104819 159 105319 159 105819 158 106319 158 106819 158 107319 158 107819 158 108318 159 108818 159 109318 159 109817 160 110317 159 110817 159 111316 160 111816 160 112316 160 112815 161 113315 161 113815 161 114315 161 114814 162 115314 162 115814 162 116314 162 116814 162 117314 162 117732 5 117813 163 118230 13 118313 163 118729 18 118813 163 119229 22 119313 163 119728 26 119813 163 120228 29 120313 163 120729 30 120813 163 121229 33 121312 164 121729 36 121812 164 122229 38 122312 164 122730 39 122812 164 123231 40 123311 165 123731 41 123811 165 124232 42 124311 165 124732 43 124810 166 125233 44 125310 166 125734 44 125809 167 126235 45 126308 168 126735 47 126808 168 127236 48 127307 170 127737 49 127805 172 128238 51 128303 174 128739 52 128801 175 129239 237 129740 236 130241 235 130742 234 131243 232 131745 230 132246 228 132747 227 133248 225 133749 224 134250 223 134751 221 135252 220 135754 217 136255 216 136756 214 137258 211 137759 210 138260 209 138761 208 139262 207 139763 206 140264 205 140764 204 141265 203 141765 193 142265 191 142765 189 143265 188 143765 186 144265 185 144765 183 145264 183 145764 182 146264 181 146763 181 147263 180 147763 178 148263 177 148763 176 149263 175 149763 173 150262 173 150762 171 151262 170 151761 169 152261 167 152761 165 153261 159 153761 152 154262 143 154762 132 155262 127 155762 123 156263 118 156763 114 157263 111 157763 108 158263 107 158763 105 159263 103 159762 103 160262 103 160761 102 161260 101 161759 99 162258 94 162757 87 163256 83 163754 81 164253 79 164751 76 165250 75 165749 75 166248 74 166747 73 167246 72 167745 71 168244 70 168743 69 169243 66 169742 65 170241 63 170741 60 171240 59 171740 56 172239 54 172739 48 173239 45 173739 44 174239 41 174740 37 175241 31 175749 10
american_pit_bull_terrier_88,30283 4 30778 10 31275 12 31771 14 32268 15 32764 18 33260 20 33757 22 34254 24 34752 24 35249 26 35747 26 36245 27 36742 29 37240 29 37738 30 38237 30 38736 30 39235 30 39734 30 40233 30 40732 31 41232 30 41732 29 42231 30 42731 30 43230 30 43730 30 44229 31 44729 31 45229 32 45728 33 46228 33 46727 34 47227 34 47727 34 48226 35 48726 35 49226 35 49726 36 50226 37 50726 38 51225 41 51725 44 52225 48 52724 53 53224 56 53724 60 54224 63 54724 67 55224 70 55724 73 56224 76 56724 79 57224 82 57724 85 58224 88 58724 89 59224 90 59724 91 60225 90 60725 90 61225 90 61725 60 61798 16 62224 57 62303 10 62724 54 62809 1 63224 49 63724 46 64224 44 64670 4 64723 42 65168 9 65223 40 65667 11 65723 39 66166 13 66223 38 66666 13 66722 38 67166 14 67222 38 67665 15 67721 37 67775 3 68165 16 68220 24 68266 14 68665 17 68719 22 68766 15 69165 18 69218 22 69266 15 69665 21 69717 22 69766 15 70165 25 70215 24 70266 15 70665 29 70713 25 70767 15 71165 36 71209 29 71267 14 71664 74 71767 14 72164 74 72266 15 72664 76 72766 15 73164 78 73265 15 73663 81 73762 18 74163 87 74258 21 74663 116 75163 116 75662 117 76162 117 76662 117 77162 117 77661 118 78161 118 78661 119 79161 119 79662 117 80162 117 80313 14 80662 118 80808 21 81162 118 81300 30 81662 118 81795 36 82163 118 82291 39 82663 119 82786 44 83163 166 83663 166 84163 101 84269 59 84663 100 84771 53 85164 98 85273 41 85664 97 85774 34 86164 97 86274 26 86664 98 86773 22 87164 98 87273 19 87664 100 87771 18 88164 123 88664 121 89164 118 89664 114 90164 109 90664 97 91165 66 91240 11 91665 62 92165 59 92665 57 93165 54 93665 50 94165 47 94665 44 95166 41 95666 39 96167 35 96667 32 97167 29 97668 23 98169 18 98669 12 99170 8 99672 4
chihuahua_155,18627 5 18927 8 19227 11 19527 12 19828 13 19956 4 20128 15 20253 9 20428 17 20515 7 20524 8 20550 12 20729 17 20816 16 20847 16 21029 19 21117 15 21145 18 21329 21 21418 9 21444 20 21630 23 21743 21 21930 30 21963 6 22043 22 22230 41 22343 23 22531 42 22643 25 22722 3 22831 43 22943 27 23021 4 23131 45 23243 31 23320 5 23432 46 23543 35 23621 4 23732 48 23843 39 23921 3 24033 48 24143 41 24333 49 24444 42 24633 49 24744 42 24934 49 25043 44 25234 49 25343 44 25535 48 25643 44 25835 49 25943 44 26136 49 26243 44 26436 49 26542 45 26736 50 26842 45 27037 50 27141 46 27337 51 27440 47 27638 51 27739 48 27938 52 28038 49 28238 54 28337 50 28539 55 28635 51 28839 56 28920 66 29139 58 29219 67 29440 58 29519 67 29740 60 29820 65 30040 61 30120 65 30340 61 30420 65 30640 61 30720 65 30940 62 31020 65 31240 62 31320 65 31540 62 31621 64 31839 63 31921 64 32139 64 32221 64 32439 65 32521 64 32739 65 32821 64 33039 66 33121 64 33338 68 33421 64 33638 69 33721 64 33938 71 34020 65 34238 75 34319 66 34537 148 34837 148 35137 148 35437 148 35737 147 36037 147 36337 147 36637 147 36937 147 37237 147 37537 147 37837 147 38137 147 38437 147 38737 147 39037 147 39338 145 39638 145 39938 70 40013 70 40238 64 40328 54 40538 57 40636 46 40839 53 40947 35 41139 50 41251 30 41439 48 41555 23 41740 45 42040 44 42341 42 42641 40 42942 39 43243 37 43544 35 43845 33 44146 31 44447 30 44748 28 45049 26 45350 25 45650 24 45951 22 46251 22 46552 21 46852 20 47152 20 47452 20 47752 20 48052 20 48352 19 48652 19 48952 19 49252 19 49552 18 49852 18 50152 18 50452 17 50752 17 51052 17 51352 16 51652 16 51952 16 52252 15 52551 16 52851 16 53151 15 53451 15 53751 14 54051 14 54350 14 54650 14 54950 13 55250 13 55550 12 55850 11 56150 10 56450 9 56751 7 57051 6 57351 5 57651 4
pomeranian_26,58265 9 58762 17 59260 25 59758 31 60256 37 60755 42 61253 48 61752 54 62250 60 62748 65 63247 69 63745 75 64244 79 64742 85 65240 91 65739 95 66237 100 66736 104 67234 109 67733 112 68231 116 68730 119 69228 123 69727 125 70226 129 70724 133 71222 137 71721 140 72219 145 72717 150 73215 154 73713 160 74211 164 74709 169 75206 175 75704 180 76203 185 76701 191 77199 201 77697 207 78195 211 78694 212 79192 215 79690 217 80189 218 80687 220 81186 221 81685 222 82184 223 82683 224 83182 225 83681 226 84180 227 84680 227 85179 228 85678 229 86178 230 86678 230 87178 230 87678 230 88177 231 88677 231 89177 231 89677 231 90176 232 90676 233 91176 233 91675 234 92175 234 92675 234 93174 236 93674 236 94174 236 94674 236 95173 238 95673 238 96173 238 96672 240 97172 240 97672 241 98172 241 98672 242 99172 242 99672 242 100172 243 100672 243 101172 244 101671 245 102171 245 102671 246 103171 246 103671 247 104171 247 104672 247 105172 247 105672 248 106173 248 106673 248 107173 249 107673 249 108173 249 108673 250 109173 250 109673 250 110173 251 110673 251 111173 251 111673 252 112173 252 112674 252 113174 252 113675 252 114175 252 114676 252 115177 251 115677 252 116178 252 116678 253 117179 253 117679 255 118180 256 118681 258 119182 260 119682 262 120183 262 120684 262 121185 261 121685 260 122185 260 122686 258 123187 255 123687 254 124187 253 124688 251 125190 248 125692 245 126194 242 126697 238 127200 234 127702 231 128204 228 128705 227 129207 224 129709 221 130211 219 130714 215 131216 213 131719 209 132221 207 132723 205 133226 201 133728 199 134230 197 134733 193 135235 191 135737 189 136240 185 136742 183 137244 181 137746 178 138248 176 138751 172 139253 170 139755 167 140257 165 140759 162 141262 159 141764 156 142266 154 142768 151 143270 149 143772 146 144274 144 144776 141 145277 140 145779 138 146280 136 146782 134 147283 133 147785 130 148286 129 148787 128 149289 126 149790 125 150291 124 150793 122 151294 121 151795 120 152296 119 152798 117 153299 116 153800 115 154302 113 154804 111 155305 110 155807 108 156309 106 156811 104 157313 102 157815 100 158317 98 158819 96 159320 95 159822 93 160324 91 160826 89 161327 87 161829 85 162331 83 162833 81 163335 78 163837 76 164339 74 164841 71 165343 69 165845 66 166348 63 166850 60 167354 55 167860 47 168371 34 168883 17
Maine_Coon_239,113 106 338 1 340 104 575 93 799 94 1011 108 1234 110 1460 109 1686 107 1911 106 2136 105 2360 105 2584 105 2808 105 3031 106 3245 2 3254 107 3468 5 3477 108 3692 5 3700 109 3917 4 3924 109 4141 4 4147 110 4364 117 4586 119 4805 124 5028 125 5251 126 5474 127 5698 127 5922 127 6146 127 6370 127 6595 126 6819 126 7043 126 7266 127 7490 127 7713 128 7936 129 8159 130 8381 132 8603 134 8825 136 9046 139 9267 142 9487 146 9709 148 9931 150 10153 152 10376 153 10598 155 10821 156 11044 157 11266 159 11489 160 11712 161 11935 162 12158 163 12380 165 12601 168 12822 171 13045 172 13268 173 13491 174 13714 175 13936 177 14158 179 14378 183 14599 186 14820 189 15011 8 15042 191 15234 13 15262 10275 25538 223 25762 223 25987 222 26211 222 26435 222 26659 222 26883 222 27107 222 27332 221 27556 221 27780 221 28004 221 28228 221 28453 220 28677 220 28901 220 29125 220 29349 220 29574 219 29798 219 30022 219 30246 219 30471 218 30695 218 30919 218 31143 218 31368 217 31592 217 31816 217 32041 216 32265 216 32489 216 32714 215 32938 215 33162 215 33386 215 33611 214 33835 214 34059 214 34283 214 34508 213 34732 213 34956 213 35180 213 35404 213 35628 213 35852 213 36077 212 36301 212 36525 212 36749 212 36973 212 37197 212 37422 211 37646 211 37870 211 38094 211 38318 211 38542 211 38766 211 38990 211 39214 211 39438 211 39662 211 39886 211 40110 211 40334 211 40558 211 40782 211 41006 211 41230 211 41454 211 41678 211 41902 211 42125 212 42349 212 42573 212 42797 212 43021 212 43245 212 43469 212 43693 212 43917 212 44141 212 44365 212 44589 212 44813 212 45036 213 45260 213 45484 213 45707 214 45931 214 46154 215 46378 215 46602 215 46826 215 47049 216 47273 216 47497 216 47720 217 47944 217 48168 217 48392 217 48615 218 48839 218 49063 216 49286 216 49510 172 49696 29 49734 169 49925 15 49958 167 50151 11 50181 167 50378 6 50405 54 50460 110 50628 49 50689 104 50851 47 50916 100 51075 44 51142 96 51297 42 51368 92 51521 39 51594 89 51745 37 51821 84 51969 35 52047 81 52193 34 52273 77 52417 32 52500 73 52641 31 52728 68 52865 29 52962 56 53089 28 53206 34 53313 27 53435 25 53537 25 53663 11 53761 24 53985 23 54209 22 54433 21 54657 19 54881 18 55105 17 55329 16 55553 15 55777 14 56001 13 56225 11 56449 10 56673 8 56897 7
shiba_inu_100,55790 10 56164 13 56538 16 56912 18 57286 20 57660 22 58034 24 58408 27 58781 29 59155 31 59529 33 59903 34 60277 36 60651 38 61025 39 61399 41 61772 43 62146 45 62519 47 62892 49 63265 52 63605 87 63974 94 64345 98 64717 101 65086 108 65459 110 65830 114 66198 122 66568 127 66931 139 67302 143 67676 144 68050 146 68425 146 68800 146 69175 146 69550 147 69925 147 70301 146 70676 147 71052 146 71427 146 71802 147 72178 146 72553 147 72928 147 73304 147 73679 147 74054 148 74429 148 74804 149 75179 150 75555 150 75930 151 76305 152 76680 153 77055 154 77430 156 77805 158 78180 160 78555 162 78930 164 79304 167 79679 170 80054 172 80429 177 80804 181 81179 185 81554 189 81929 192 82304 197 82679 197 83054 197 83429 197 83804 197 84178 198 84553 198 84928 198 85303 198 85678 198 86054 197 86429 197 86804 197 87179 197 87554 197 87929 197 88304 197 88679 197 89054 197 89429 197 89804 197 90179 197 90554 197 90929 197 91304 197 91679 197 92054 197 92429 197 92804 197 93179 197 93554 197 93929 197 94304 197 94679 197 95054 197 95429 197 95804 197 96179 197 96554 197 96929 197 97304 197 97679 197 98053 198 98428 198 98803 198 99178 198 99553 198 99928 198 100303 198 100678 198 101052 199 101427 199 101802 199 102176 200 102551 200 102926 200 103300 201 103675 201 104049 202 104424 202 104799 202 105173 203 105548 203 105922 204 106296 205 106671 205 107045 206 107419 207 107794 207 108168 208 108542 209 108916 210 109290 211 109664 212 110038 213 110413 213 110787 214 111161 215 111536 215 111910 216 112285 216 112660 216 113035 216 113410 216 113786 215 114161 215 114537 214 114913 213 115289 212 115665 211 116043 208 116420 206 116798 203 117178 198 117558 193 117939 187 118317 184 118695 181 119074 15 119100 151 119452 8 119478 148 119855 146 120232 144 120609 142 120985 141 121362 139 121739 137 122115 136 122491 135 122868 133 123244 132 123621 130 123997 129 124373 128 124749 127 125125 126 125501 125 125877 124 126253 123 126629 122 127005 121 127381 120 127757 119 128133 118 128509 117 128884 117 129260 116 129636 115 130012 114 130388 113 130763 113 131139 112 131515 111 131890 111 132266 110 132642 109 133017 109 133392 109 133768 108 134143 108 134518 108 134893 108 135268 108 135643 108 136018 108 136393 108 136768 108 137143 108 137517 109 137892 109 138266 110 138640 111 139014 112 139389 112 139763 113 140137 114 140511 115 140885 116 141259 117 141633 118 142008 118 142382 119 142756 120 143130 121 143504 122 143879 122 144253 123 144627 124 145001 125 145376 125 145750 126 146124 127 146498 128 146873 128 147247 129 147621 130 147996 130 148370 131 148744 132 149119 132 149493 133 149867 134 150242 134 150616 135 150991 135 151365 136 151740 136 152114 137 152489 137 152863 138 153238 138 153612 139 153987 139 154361 140 154736 140 155110 141 155485 141 155860 141 156234 142 156609 142 156983 143 157358 143 157732 144 158107 144 158482 144 158856 145 159231 145 159605 146 159980 146 160355 146 160729 147 161104 147 161478 148 161853 148 162227 149 162601 150 162976 150 163350 151 163724 152 164099 152 164473 153 164847 154 165222 154 165596 155 165969 157 166342 159 166715 161 167087 164 167459 167 167831 170 168203 173 168568 183 168937 189 169309 191 169683 191 170057 191 170431 191 170806 189 171180 189 171554 188 171929 186 172303 172 172678 169 173052 167 173426 166 173801 163 174175 162 174549 162 174924 160 175298 160 175671 160 176046 158 176420 158 176794 157 177169 156 177543 156 177918 154 178110 3 178292 154 178485 4 178667 154 178859 5 179042 154 179234 6 179417 156 179609 6 179792 169 179984 6 180167 171 180359 5 180543 171 180735 3 180918 171 181110 3 181293 173 181669 173 182044 175 182420 175 182795 177 183171 177 183547 91 183643 80 183923 89 184021 77 184299 87 184398 75 184675 84 184775 72 185052 80 185152 66 185428 78 185529 61 185808 72 185906 44 186186 68 186282 39 186564 64 186658 36 186944 58 187035 26 187320 56 187411 23
samoyed_113,64374 3 64747 6 65121 7 65495 8 65869 9 66243 11 66617 12 66991 13 67366 13 67740 14 68115 14 68489 15 68864 15 69239 15 69614 14 69988 15 70363 15 70738 15 71113 15 71166 3 71487 15 71540 5 71862 15 71914 6 72237 15 72289 7 72612 15 72663 8 72987 15 73037 9 73362 15 73412 9 73737 15 73786 10 74111 15 74161 10 74486 15 74535 11 74861 15 74910 11 75236 15 75284 12 75611 15 75659 11 75986 15 76033 12 76361 15 76408 12 76735 16 76782 13 77110 16 77157 13 77485 16 77531 14 77860 16 77906 13 78234 18 78281 13 78609 18 78655 14 78984 18 79030 14 79273 23 79358 19 79404 15 79642 33 79733 20 79779 14 80014 39 80108 20 80154 14 80385 45 80482 21 80528 15 80759 49 80856 22 80903 15 81132 54 81231 23 81277 15 81505 60 81605 24 81652 15 81879 64 81979 25 82027 15 82252 75 82352 27 82401 16 82626 82 82726 28 82776 16 82999 89 83099 30 83150 16 83373 131 83525 16 83746 134 83900 16 84120 135 84274 17 84493 137 84649 17 84867 138 85023 17 85241 139 85398 17 85614 141 85772 18 85988 142 86146 19 86361 144 86521 19 86734 146 86895 19 87106 149 87269 20 87478 153 87644 20 87851 155 88018 21 88224 157 88392 22 88596 161 88766 23 88969 163 89140 23 89343 165 89514 24 89716 168 89888 25 90090 198 90465 197 90839 198 91214 198 91589 198 91964 198 92339 197 92714 197 93088 198 93463 198 93838 198 94213 197 94588 197 94963 197 95338 197 95713 197 96088 197 96463 196 96838 196 97213 196 97589 195 97964 195 98339 194 98714 194 99089 194 99464 194 99839 194 100214 193 100589 193 100964 193 101339 193 101714 193 102090 192 102465 192 102840 191 103215 191 103590 191 103965 191 104340 191 104715 191 105090 191 105465 190 105840 190 106215 190 106590 190 106966 188 107341 188 107716 188 108091 187 108467 185 108842 185 109217 184 109593 183 109968 182 110343 181 110719 179 111095 178 111470 177 111846 176 112222 174 112598 172 112974 170 113349 170 113725 168 114101 167 114477 165 114853 163 115229 162 115605 160 115980 160 116356 158 116732 156 117108 155 117484 153 117860 152 118235 151 118611 150 118987 149 119362 148 119738 147 120114 145 120489 145 120865 144 121240 143 121616 142 121991 142 122366 141 122742 140 123117 140 123492 140 123868 138 124243 138 124618 138 124993 137 125369 136 125744 136 126119 135 126494 135 126869 134 127245 133 127620 133 127995 132 128370 131 128745 131 129120 130 129495 130 129870 129 130245 128 130620 128 130995 127 131370 126 131745 126 132119 126 132494 125 132869 125 133244 124 133619 123 133994 123 134368 123 134743 123 135118 122 135493 122 135868 121 136242 122 136617 121 136992 121 137367 120 137742 120 138116 120 138491 120 138866 119 139241 119 139616 118 139991 118 140365 118 140740 118 141115 118 141490 117 141865 117 142240 117 142615 116 142990 116 143365 116 143740 115 144115 115 144490 115 144865 114 145240 114 145615 114 145990 113 146365 113 146740 113 147115 113 147491 111 147866 111 148241 111 148616 110 148991 110 149367 109 149742 109 150118 107 150493 107 150869 106 151244 106 151620 104 151996 103 152371 103 152747 101 153123 100 153498 100 153874 98 154250 97 154626 96 155001 95 155377 94 155753 92 156129 91 156505 89 156880 89 157256 87 157632 85 158008 84 158384 82 158760 80 159136 78 159513 76 159889 74 160266 71 160642 69 161019 67 161396 63 161773 60 162151 56 162529 50 162908 28 163288 18
Abyssinian_148,5904 24 6275 32 6647 36 7020 39 7392 42 7764 46 8137 48 8510 50 8883 53 9256 55 9629 57 10003 58 10376 60 10749 62 11123 63 11496 65 11869 68 12242 70 12615 72 12988 74 13361 76 13734 78 14107 80 14480 82 14853 84 15227 85 15600 88 15975 88 16349 89 16723 90 17097 91 17471 92 17845 93 18220 93 18594 94 18968 95 19342 96 19716 97 20091 97 20465 98 20840 98 21214 100 21589 100 21963 101 22337 102 22712 102 23086 103 23461 104 23835 105 24210 105 24584 106 24959 107 25333 108 25708 108 26082 109 26456 111 26831 111 27205 112 27580 112 27954 113 28328 115 28703 115 29077 116 29452 116 29826 117 30201 117 30575 118 30949 120 31324 120 31698 121 32073 121 32447 122 32822 122 33196 124 33570 125 33945 125 34319 126 34694 126 35068 127 35443 127 35817 129 36192 129 36566 130 36941 130 37315 132 37690 132 38064 133 38439 133 38813 135 39188 135 39562 136 39937 137 40311 138 40686 138 41061 139 41435 140 41810 141 42184 142 42559 142 42934 143 43308 144 43683 144 44057 146 44432 146 44807 146 45181 147 45556 148 45931 148 46305 149 46680 149 47055 149 47430 149 47804 150 48179 150 48554 150 48929 150 49303 151 49678 151 50053 151 50428 151 50802 152 51177 151 51552 151 51926 152 52301 152 52676 152 53051 151 53425 152 53800 152 54175 152 54550 152 54924 152 55299 152 55674 152 56049 151 56423 152 56798 152 57173 152 57548 152 57922 152 58297 152 58672 152 59047 152 59421 153 59796 153 60171 153 60546 152 60920 153 61295 153 61670 153 62045 153 62420 153 62794 154 63169 154 63544 154 63919 154 64294 154 64668 155 65043 154 65418 154 65793 154 66168 154 66543 154 66918 154 67293 153 67668 153 68043 153 68418 153 68793 153 69168 152 69544 151 69919 151 70294 151 70669 151 71044 150 71419 150 71794 150 72170 148 72545 148 72920 147 73295 147 73670 147 74046 145 74421 145 74796 144 75171 144 75546 143 75922 142 76297 141 76672 141 77047 140 77422 140 77797 139 78173 138 78548 138 78923 137 79298 137 79673 137 80048 136 80423 136 80799 135 81174 135 81549 134 81924 134 82299 134 82674 134 83049 134 83424 134 83800 132 84175 132 84550 132 84925 132 85300 132 85676 130 86051 130 86426 130 86801 130 87176 130 87551 130 87926 130 88301 130 88677 129 89052 129 89427 129 89802 128 90177 128 90552 128 90927 128 91302 128 91677 128 92052 128 92427 128 92802 128 93177 128 93552 128 93927 128 94302 128 94677 128 95052 128 95427 128 95802 127 96177 127 96552 127 96926 128 97301 128 97676 127 98051 127 98426 127 98800 128 99175 128 99550 127 99925 127 100300 127 100675 127 101049 128 101424 127 101799 127 102174 127 102549 127 102924 126 103298 127 103673 126 104048 126 104423 126 104798 125 105173 125 105548 125 105923 125 106298 125 106672 126 107047 125 107422 125 107797 125 108172 125 108547 124 108922 124 109296 125 109671 125 110046 125 110421 124 110795 125 111170 125 111545 124 111919 125 112294 125 112669 125 113043 126 113418 125 113792 126 114167 126 114541 127 114916 127 115290 128 115665 128 116039 128 116413 129 116723 18 116788 129 117096 25 117162 130 117470 30 117536 131 117844 36 117910 132 118219 40 118284 133 118594 44 118657 134 118969 49 119029 137 119345 196 119721 195 120096 195 120472 193 120848 192 121224 191 121600 189 121976 188 122352 187 122728 186 123104 184 123480 183 123856 182 124233 179 124609 178 124985 177 125361 176 125738 174 126114 173 126490 171 126866 170 127243 168 127619 167 127995 166 128370 166 128746 164 129122 163 129497 163 129873 162 130248 162 130624 160 130999 160 131375 159 131750 158 132125 158 132501 156 132876 156 133251 155 133626 155 134001 154 134376 154 134752 153 135127 152 135502 152 135877 151 136252 151 136627 151 137002 150 137377 150 137753 149 138128 148 138503 148 138878 148 139254 146 139629 146 140004 145 140379 145 140754 144 141130 143 141505 143 141880 143 142255 142 142631 75 142715 57 143006 73 143092 55 143381 71 143470 52 143756 69 143847 49 144131 68 144227 44 144506 67 144608 38 144882 65 144986 35 145257 64 145362 34 145632 63 145739 31 146008 61 146114 31 146383 61 146490 30 146758 60 146866 28 147133 60 147242 27 147509 58 147617 27 147884 57 147993 25 148259 57 148368 25 148635 55 148743 25 149010 54 149117 25 149385 53 149492 24 149760 53 149867 24 150136 51 150242 23 150511 50 150616 23 150886 49 150991 22 151261 48 151365 22 151636 47 151739 22 152011 45 152114 22 152386 44 152488 21 152761 43 152862 22 153136 42 153237 21 153511 41 153611 21 153886 40 153985 21 154261 39 154359 21 154636 38 154732 22 155011 37 155105 23 155386 36 155479 24 155760 36 155853 24 156135 35 156227 24 156510 35 156601 24 156884 35 156975 24 157259 34 157349 22 157633 34 157723 23 158008 33 158097 24 158382 33 158471 25 158757 32 158845 25 159132 31 159219 26 159506 30 159593 27 159880 29 159967 28 160255 27 160342 28 160629 26 160716 30 161004 25 161090 31 161378 24 161465 31 161753 22 161839 32 162127 22 162213 33 162502 21 162587 34 162876 20 162962 34 163251 19 163336 35 163626 18 163711 34 164000 18 164086 34 164375 16 164461 34 164750 15 164835 35 165125 13 165210 35 165500 12 165585 34 165875 10 165960 34 166250 9 166335 34 166626 6 166710 33 167001 4 167085 33 167460 33 167835 32 168210 32 168586 30 168961 30 169336 29 169712 28 170087 27 170463 26 170839 24 171215 23 171590 22 171966 20 172341 19 172717 17 173093 15 173469 11 173845 8 174222 1
wheaten_terrier_37,101 40 168 322 597 400 1097 402 1595 406 2094 407 2593 408 3093 408 3592 409 4091 410 4591 410 5090 411 5589 412 6088 413 6587 414 7086 415 7585 416 8084 417 8584 417 9083 418 9582 419 10081 420 10581 420 11080 421 11579 422 12079 422 12578 423 13077 424 13576 425 14076 425 14575 426 15074 427 15574 427 16073 428 16573 428 17072 429 17571 430 18071 430 18570 431 19070 431 19569 432 20069 432 20568 433 21068 433 21568 433 22067 434 22567 434 23066 435 23566 435 24066 435 24565 436 25064 437 25564 437 26063 438 26563 438 27062 439 27561 440 28061 440 28561 440 29060 441 29560 441 30059 442 30559 442 31059 442 31558 443 32058 443 32558 443 33057 444 33557 444 34057 444 34556 445 35056 445 35556 445 36055 446 36555 446 37055 446 37555 446 38055 446 38555 446 39054 447 39554 447 40054 447 40554 447 41053 448 41553 448 42052 449 42552 449 43052 449 43551 450 44051 450 44550 451 45050 451 45549 452 46049 452 46548 453 47047 454 47546 455 48045 456 48544 457 49042 459 49542 459 50040 461 50539 462 51039 462 51538 463 52037 464 52535 466 53034 467 53528 473 54023 478 54520 481 55018 483 55518 483 56017 484 56516 485 57015 486 57515 486 58015 486 58514 487 59014 487 59513 488 60013 488 60512 489 61011 490 61511 490 62010 491 62509 492 63008 493 63508 493 64007 494 64507 494 65006 495 65506 495 66006 495 66506 495 67005 496 67505 496 68005 496 68504 497 69004 497 69504 497 70004 497 70504 497 71004 497 71503 498 72004 497 72503 498 73004 497 73504 497 74004 497 74504 497 75004 497 75504 497 76004 497 76504 497 77004 497 77505 496 78005 496 78505 496 79006 495 79507 494 80008 493 80509 492 81011 490 81512 489 82014 487 82515 486 83016 485 83518 483 84020 481 84521 480 85023 478 85524 477 86026 475 86527 474 87028 473 87529 472 88030 471 88531 470 89032 469 89533 468 90034 467 90534 467 91035 466 91535 466 92036 465 92536 465 93036 465 93536 465 94036 465 94536 465 95036 465 95536 465 96036 465 96535 466 97035 466 97535 466 98035 466 98535 466 99035 466 99535 466 100035 466 100535 466 101035 466 101535 466 102035 466 102535 466 103036 465 103536 465 104037 464 104537 464 105038 463 105539 462 106040 461 106541 460 107042 459 107542 459 108043 458 108544 457 109045 456 109546 455 110047 454 110548 453 111048 453 111549 452 112049 452 112550 451 113050 451 113551 450 114051 450 114551 450 115052 449 115552 449 116052 449 116553 448 117053 448 117553 448 118053 448 118553 448 119053 448 119554 447 120054 447 120554 447 121054 447 121555 446 122055 446 122555 446 123055 446 123556 445 124056 445 124556 445 125057 444 125557 444 126057 444 126558 443 127058 443 127559 442 128059 442 128559 442 129060 441 129560 441 130061 440 130561 440 131062 439 131562 439 132062 439 132562 439 133063 438 133563 438 134063 438 134564 437 135064 437 135565 436 136065 436 136566 435 137067 434 137568 433 138068 433 138569 432 139070 431 139571 430 140072 429 140573 428 141074 427 141574 427 142075 426 142575 426 143076 425 143576 425 144077 424 144578 423 145079 422 145580 421 146080 421 146581 420 147082 419 147582 419 148083 418 148584 417 149084 417 149585 416 150085 222 150322 179 150586 213 150826 175 151087 192 151330 171 151588 158 151834 167 152089 150 152339 162 152590 146 152842 159 153092 141 153344 157 153594 138 153845 156 154096 133 154347 154 154599 127 154849 152 155102 121 155350 151 155606 114 155852 149 156111 18 156170 45 156353 148 156617 6 156856 145 157358 143 157859 142 158361 140 158864 137 159366 135 159869 132 160372 129 160878 123 161395 106 161903 98 162409 92 162915 86 163420 81 163924 77 164426 75 164929 66 165433 57 165937 52 166439 49 166939 48
shiba_inu_127,40733 9 41226 15 41669 8 41720 20 42169 11 42215 24 42668 15 42708 29 43168 18 43204 31 43668 22 43699 33 44168 62 44669 59 45169 58 45670 55 46171 52 46672 49 47173 46 47674 43 48175 40 48676 38 49177 36 49678 34 50179 33 50679 32 51179 32 51680 32 52180 32 52680 33 53180 34 53680 35 54179 38 54679 39 55179 41 55679 42 56179 44 56679 46 57178 50 57678 55 58178 62 58678 63 59178 63 59678 62 60178 60 60678 59 61178 57 61677 56 62177 53 62677 51 63177 49 63677 47 64177 45 64677 43 65177 42 65677 41 66177 41 66676 41 67176 40 67676 39 68176 39 68676 39 69176 39 69675 40 70174 41 70674 41 71174 41 71673 42 72173 42 72672 43 73172 43 73671 44 74170 46 74670 46 75170 47 75669 48 76169 49 76668 51 77168 53 77668 56 78168 60 78667 67 79167 80 79666 87 80166 90 80666 93 81165 95 81665 97 82165 98 82664 99 83164 99 83664 98 84163 88 84663 83 85162 81 85652 88 86148 89 86646 87 87143 88 87640 89 88138 89 88635 90 89132 91 89629 92 90126 94 90622 96 91121 95 91619 94 92118 93 92618 91 93118 88 93619 85 94121 80 94622 76 95122 73 95623 67 96123 61 96624 51 97124 48 97624 46 98124 44 98625 42 99125 40 99625 39 100125 38 100624 38 101124 36 101624 33 102123 31 102623 27 103122 24 103622 21 104121 18 104624 7
Sphynx_186,43475 10 43845 17 44216 24 44589 29 44962 33 45336 35 45710 36 46084 37 46458 39 46832 40 47206 41 47580 43 47955 44 48329 47 48703 48 49077 49 49450 51 49824 52 50197 54 50571 55 50946 55 51320 56 51652 11 51695 56 52023 16 52069 57 52394 19 52444 57 52763 25 52819 57 53135 28 53194 57 53507 30 53569 57 53880 31 53944 57 54253 33 54320 56 54626 34 54695 56 54999 35 55071 55 55373 36 55446 55 55746 37 55822 54 56119 38 56198 53 56493 39 56573 53 56866 40 56949 52 57240 40 57325 51 57613 41 57700 51 57987 41 58075 51 58361 41 58451 50 58735 41 58826 50 59109 41 59201 50 59483 41 59576 50 59857 41 59951 50 60231 41 60327 49 60605 41 60702 49 60979 41 61053 2 61077 49 61353 42 61427 3 61452 49 61727 42 61801 4 61826 50 62101 42 62176 4 62201 50 62475 42 62551 3 62576 50 62849 42 62950 51 63223 42 63324 52 63597 42 63699 52 63972 41 64073 53 64346 41 64448 53 64720 41 64822 54 65094 40 65196 55 65468 40 65570 56 65843 37 65944 57 66217 30 66319 57 66592 25 66693 58 66966 22 67067 59 67340 21 67441 60 67715 20 67814 62 68089 19 68187 64 68464 17 68561 65 68838 16 68934 67 69213 14 69308 68 69587 14 69682 69 69962 11 70057 69 70337 9 70432 69 70712 7 70807 69 71181 70 71556 70 71931 70 72306 70 72680 71 73054 72 73428 73 73801 75 74173 78 74540 86 74907 94 75269 107 75636 115 76008 118 76381 120 76754 122 77127 124 77499 127 77872 129 78243 133 78614 137 78986 140 79358 143 79729 147 80100 151 80471 155 80844 157 81216 160 81588 163 81961 165 82334 167 82707 169 83081 170 83455 171 83830 171 84205 171 84580 171 84955 171 85330 171 85706 170 86081 170 86457 169 86832 169 87208 168 87583 168 87959 167 88335 166 88710 166 89086 165 89461 165 89747 4 89837 164 90115 13 90212 164 90481 24 90587 164 90852 31 90963 163 91225 36 91338 163 91598 40 91714 162 91971 44 92055 6 92089 162 92344 47 92428 9 92465 161 92717 51 92802 11 92840 161 93090 54 93175 14 93216 160 93455 65 93549 15 93591 160 93790 25 93818 79 93922 18 93966 160 94164 109 94296 19 94342 159 94539 111 94669 22 94717 159 94914 113 95042 25 95093 158 95290 115 95415 27 95468 158 95667 150 95843 158 96045 148 96219 157 96421 147 96594 157 96798 145 96969 157 97175 144 97345 156 97552 142 97720 156 97930 140 98095 156 98308 137 98470 156 98685 135 98846 155 99063 133 99221 155 99439 132 99596 155 99816 130 99971 155 100193 129 100347 154 100569 128 100722 154 100945 127 101097 149 101322 126 101472 146 101697 126 101847 144 102074 124 102222 141 102449 124 102597 138 102825 123 102973 134 103201 123 103348 129 103577 122 103723 126 103952 122 104098 121 104328 121 104473 116 104703 121 104848 112 105079 121 105223 109 105454 121 105598 105 105830 120 105973 104 106205 120 106348 102 106580 120 106723 100 106955 120 107099 98 107331 119 107474 96 107706 119 107849 95 108081 119 108224 94 108456 119 108599 92 108832 118 108974 91 109207 118 109349 89 109582 118 109724 88 109957 118 110099 86 110332 118 110474 84 110707 118 110848 83 111082 117 111223 81 111457 117 111598 79 111832 117 111973 77 112207 117 112348 76 112582 117 112723 73 112957 116 113097 73 113332 116 113472 71 113707 115 113847 69 114082 115 114222 68 114457 114 114596 66 114832 114 114971 64 115207 113 115346 62 115581 113 115721 59 115956 111 116096 57 116331 110 116471 53 116705 106 116846 46 117080 63 117221 36 117454 60 117596 28 117829 57 117972 19 118203 56 118349 12 118578 53 118952 53 119326 53 119701 51 120075 51 120449 51 120824 50 121198 50 121572 50 121946 50 122321 49 122695 49 123069 49 123443 49 123818 48 124192 48 124566 48 124940 47 125314 47 125688 46 126062 46 126437 45 126811 44 127185 44 127560 42 127934 42 128309 40 128683 40 129058 38 129433 36 129808 34 130183 32 130559 28 130934 26 131311 19 131687 14 132067 3
keeshond_123,90 243 423 244 755 245 1088 245 1421 245 1754 245 2087 245 2420 245 2753 245 3085 246 3418 246 3751 246 4084 246 4417 246 4749 247 5082 247 5415 247 5747 248 6080 248 6412 249 6745 249 7078 249 7410 250 7743 250 8076 250 8408 251 8741 251 9074 251 9407 251 9739 252 10072 252 10405 252 10737 253 11070 253 11403 253 11736 253 12068 254 12401 254 12734 254 13066 255 13399 255 13732 255 14065 255 14398 255 14731 255 15063 256 15396 256 15729 256 16062 256 16395 256 16727 257 17060 257 17393 257 17726 257 18059 257 18392 257 18724 258 19057 258 19390 258 19723 258 20056 258 20389 258 20721 259 21054 259 21387 259 21720 259 22053 259 22385 260 22718 260 23051 260 23383 261 23716 261 24049 261 24381 262 24714 262 25047 262 25379 263 25712 263 26044 264 26376 265 26709 265 27041 266 27373 267 27705 268 28036 270 28368 271 28700 272 29031 274 29363 275 29695 276 30026 278 30358 279 30690 280 31021 282 31354 282 31686 283 32019 283 32351 284 32684 284 33017 284 33350 284 33683 284 34016 284 34349 284 34682 284 35016 283 35349 283 35682 283 36015 283 36349 282 36682 282 37015 282 37349 281 37682 281 38016 280 38349 280 38682 280 39016 279 39349 279 39682 279 40016 278 40349 278 40682 278 41015 278 41349 277 41682 277 42015 277 42348 277 42681 277 43015 276 43348 276 43681 276 44014 276 44347 276 44680 276 45013 276 45346 276 45679 276 46012 276 46345 276 46677 277 47010 277 47343 277 47676 277 48009 277 48341 278 48674 278 49007 278 49340 278 49672 279 50005 279 50338 279 50671 279 51004 279 51337 279 51669 280 52002 280 52335 280 52668 280 53001 280 53334 280 53667 280 54000 280 54333 280 54666 280 54999 280 55332 280 55666 279 55999 279 56332 279 56665 279 56998 279 57331 279 57664 279 57997 279 58330 279 58663 279 58996 279 59330 278 59663 278 59996 278 60329 278 60662 278 60995 278 61328 278 61661 278 61994 278 62327 278 62660 278 62993 278 63326 278 63659 278 63992 278 64325 278 64658 278 64991 278 65324 278 65657 278 65990 278 66323 278 66656 278 66989 278 67322 278 67655 278 67988 278 68321 278 68654 278 68987 278 69320 278 69653 278 69986 278 70319 278 70652 278 70985 278 71317 279 71650 279 71983 279 72316 279 72649 279 72982 279 73315 279 73648 279 73981 279 74314 279 74647 279 74980 279 75313 279 75646 279 75979 279 76312 279 76645 279 76978 279 77311 279 77644 279 77977 279 78310 279 78643 279 78975 280 79308 280 79641 280 79974 280 80307 280 80640 280 80972 281 81305 281 81638 281 81970 282 82303 282 82636 282 82968 283 83301 283 83633 284 83964 286 84296 287 84628 288 84960 289 85292 290 85624 291 85956 292 86287 294 86620 294 86952 295 87284 296 87617 296 87949 297 88282 297 88615 297 88948 297 89281 297 89613 298 89946 298 90279 298 90612 298 90945 298 91278 298 91611 298 91944 298 92277 298 92610 298 92943 298 93276 298 93610 297 93943 297 94276 297 94610 296 94943 296 95277 295 95611 294 95946 292 96280 291 96615 289 96950 287 97285 285 97620 283 97955 281 98290 279 98624 278 98959 276 99293 275 99628 273 99963 271 100297 270 100631 269 100966 267 101300 266 101634 265 101969 263 102303 262 102637 261 102971 260 103305 259 103639 258 103973 257 104307 256 104642 254 104976 253 105310 252 105644 251 105978 248 106227 1 106312 246 106646 244 106980 242 107314 240 107648 239 107982 237 108316 236 108650 234 108984 233 109318 231 109652 230 109986 228 110320 227 110654 225 110988 224 111321 224 111655 222 111989 221 112323 219 112657 218 112992 216 113326 214 113661 212 113996 209 114332 21 114361 177 114668 12 114698 173 115034 169 115368 81 115454 82 115703 78 115788 81 116037 77 116122 80 116372 75 116456 78 116706 73 116791 76 117040 72 117126 74 117374 71 117461 72 117708 69 117795 70 118042 68 118129 69 118376 67 118463 68 118710 65 118796 68 119044 64 119130 67 119378 63 119464 66 119712 62 119797 66 120046 61 120130 65 120380 59 120464 64 120714 58 120797 64 121048 57 121130 64 121382 55 121463 64 121716 54 121797 63 122050 52 122130 63 122384 51 122463 63 122718 49 122796 63 123052 47 123129 63 123386 46 123463 61 123719 45 123796 61 124053 43 124129 61 124387 41 124462 61 124721 39 124795 61 125056 36 125128 61 125389 36 125461 61 125724 33 125795 60 126058 31 126128 60 126392 29 126461 60 126726 28 126794 60 127060 26 127127 60 127394 24 127460 60 127728 22 127793 60 128062 20 128127 59 128396 18 128460 59 128730 17 128793 59 129064 15 129126 59 129398 13 129459 59 129732 11 129792 59 130067 7 130125 59 130402 4 130459 58 130792 58 131125 58 131458 58 131791 58 132124 58 132457 58 132791 57 133124 57 133457 57 133790 57 134123 57 134456 57 134790 56 135123 56 135456 56 135789 56 136122 55 136456 54 136789 54 137122 54 137456 53 137789 52 138122 52 138456 51 138789 51 139123 50 139456 49 139790 48 140124 46 140458 45 140792 44 141126 5 141137 31 141472 29 141806 28 142140 26 142475 24 142809 23 143142 22 143476 21 143810 19 144144 18 144477 17 144811 16 145145 14 145479 12 145813 11 146147 9 146482 6 146817 3
english_cocker_spaniel_170,20320 3 20647 15 20976 22 21304 29 21633 35 21964 39 22296 42 22627 45 22958 49 23289 52 23619 56 23951 59 24282 62 24614 65 24945 68 25276 71 25607 75 25937 79 26268 83 26599 86 26930 90 27261 93 27593 96 27925 98 28257 101 28589 103 28921 106 29253 108 29585 110 29916 114 30248 116 30580 118 30912 120 31244 123 31575 126 31907 128 32240 129 32572 132 32905 133 33237 135 33569 137 33902 139 34235 140 34566 143 34899 145 35231 147 35564 148 35897 150 36229 152 36562 153 36894 155 37227 156 37560 157 37893 158 38225 160 38558 161 38891 162 39224 163 39557 164 39890 165 40223 167 40556 168 40889 169 41221 171 41554 172 41887 173 42220 174 42553 175 42886 176 43219 177 43552 178 43885 179 44218 179 44551 180 44884 181 45217 182 45550 182 45883 183 46217 182 46550 183 46883 184 47216 184 47550 184 47883 184 48216 185 48549 186 48882 186 49216 186 49549 186 49882 187 50216 186 50549 187 50882 187 51216 186 51549 186 51883 185 52216 185 52550 184 52883 183 53217 182 53550 182 53884 181 54217 181 54551 181 54884 181 55218 180 55551 181 55885 180 56218 180 56551 180 56885 180 57218 181 57552 180 57885 181 58218 182 58552 182 58885 183 59219 183 59552 184 59886 184 60219 185 60552 186 60886 186 61219 187 61552 188 61885 188 62219 188 62552 190 62885 191 63218 192 63552 193 63885 194 64218 196 64551 197 64884 199 65217 201 65550 202 65883 204 66216 206 66549 208 66882 210 67215 212 67547 216 67880 218 68213 221 68546 224 68878 229 69211 233 69543 237 69875 242 70208 246 70540 249 70873 251 71206 252 71538 255 71871 256 72204 257 72536 260 72869 261 73200 265 73533 266 73866 268 74200 198 74407 62 74533 196 74749 54 74866 195 75085 52 75200 194 75423 47 75533 194 75760 43 75866 194 76100 36 76199 194 76443 24 76532 194 76780 19 76865 194 77119 10 77198 195 77530 196 77863 196 78195 198 78528 198 78861 199 79194 199 79527 200 79860 201 80193 201 80526 202 80859 203 81193 203 81526 203 81859 204 82193 204 82526 205 82859 206 83193 206 83526 207 83860 207 84193 208 84526 210 84860 210 85193 211 85527 211 85861 212 86195 212 86529 212 86863 212 87197 213 87531 213 87865 214 88199 215 88533 215 88867 216 89201 172 89378 40 89536 168 89717 36 89870 165 90057 32 90204 162 90395 30 90538 160 90731 30 90873 157 91069 31 91207 155 91406 30 91542 152 91742 31 91876 149 92079 30 92210 146 92414 31 92545 141 92750 30 92879 127 93086 29 93213 126 93422 28 93548 124 93758 27 93882 123 94095 26 94217 122 94430 26 94551 121 94767 25 94886 120 95104 23 95221 118 95439 23 95555 118 95777 20 95890 117 96114 17 96225 116 96451 15 96560 114 96788 12 96895 113 97126 7 97230 112 97565 111 97900 110 98236 108 98571 107 98906 106 99241 105 99576 104 99912 102 100247 101 100582 100 100917 99 101252 98 101586 98 101922 97 102257 97 102593 96 102928 97 103264 96 103606 89 103943 87 104283 82 104624 75 104966 67 105306 60 105647 52 105992 38 106332 29 106673 16
Russian_Blue_103,29777 9 30147 15 30518 20 30891 23 31263 26 31636 29 32010 30 32383 32 32756 35 33129 37 33501 40 33874 43 34247 45 34619 48 34993 50 35364 54 35736 57 36108 61 36480 64 36853 66 37225 70 37596 74 37967 79 38335 86 38705 92 39078 95 39451 97 39825 100 40199 103 40573 106 40948 108 41323 109 41699 108 42074 108 42450 107 42826 106 43203 103 43579 101 43956 98 44332 96 44708 94 45084 92 45460 90 45835 90 46211 88 46586 87 46962 85 47337 84 47712 83 48087 82 48462 80 48837 79 49212 77 49587 75 49962 74 50337 72 50712 70 51087 70 51462 70 51836 70 52211 70 52586 70 52961 70 53335 71 53710 71 54084 72 54459 73 54834 73 55208 75 55583 75 55957 77 56332 77 56707 77 57081 78 57456 79 57830 80 58205 80 58579 81 58954 81 59328 81 59703 81 60077 82 60451 83 60826 83 61201 82 61575 83 61950 83 62325 82 62699 83 63074 82 63448 82 63823 9 63844 60 64200 3 64221 57 64599 53 64976 50 65353 47 65731 44 66108 40 66484 37 66863 32 67240 28
chihuahua_131,17892 1 18064 3 18236 4 18409 4 18581 5 18754 5 18927 5 19099 6 19272 6 19445 6 19617 7 19790 7 19963 7 20135 8 20308 8 20355 7 20438 6 20481 8 20521 16 20608 15 20653 9 20692 19 20778 22 20826 9 20862 22 20946 31 20998 10 21034 23 21116 38 21170 12 21205 25 21289 41 21341 15 21376 27 21462 71 21547 29 21635 76 21717 32 21808 114 21982 114 22155 116 22329 117 22503 117 22677 117 22851 118 23025 120 23200 123 23375 126 23549 129 23724 129 23900 127 24076 127 24252 126 24426 127 24600 82 24684 44 24774 78 24861 9 24879 24 24947 77 25035 7 25055 25 25121 74 25209 6 25232 24 25294 73 25383 4 25409 21 25468 72 25557 3 25585 20 25641 71 25730 3 25762 16 25814 71 25904 1 25939 12 25988 70 26077 1 26116 8 26161 71 26334 71 26507 72 26680 73 26853 73 27026 74 27199 74 27372 75 27545 76 27718 77 27890 79 28063 81 28236 86 28408 88 28581 89 28753 92 28925 98 29025 5 29096 112 29268 50 29319 73 29440 44 29496 73 29612 43 29672 72 29783 40 29849 69 29955 39 30024 68 30128 38 30201 64 30300 38 30385 32 30427 12 30472 38 30566 13 30603 9 30644 38 30778 7 30816 38 30953 5 30989 37 31127 3 31161 37 31334 36 31507 35 31680 34 31853 31 32025 30 32198 28 32371 26 32545 23 32718 20 32892 17
havanese_157,62776 10 63148 16 63520 20 63670 8 63892 25 64038 17 64265 28 64392 39 64637 32 64760 47 65011 34 65131 52 65384 37 65503 55 65756 41 65875 59 66129 44 66247 62 66502 47 66617 67 66873 53 66986 73 67246 57 67357 77 67618 62 67727 82 67989 70 68097 87 68361 78 68468 91 68732 91 68837 97 69104 205 69476 207 69848 210 70221 211 70594 213 70966 215 71340 215 71714 215 72086 217 72460 217 72834 217 73207 218 73581 218 73955 218 74329 218 74702 219 75076 219 75451 217 75825 217 76199 217 76573 217 76947 217 77322 216 77696 216 78071 215 78445 215 78819 215 79194 214 79568 213 79942 213 80317 212 80691 211 81065 211 81440 210 81814 209 82188 209 82562 209 82937 208 83312 207 83686 206 84061 205 84435 204 84810 203 85185 200 85559 193 85934 189 86309 185 86684 180 87059 178 87433 174 87808 171 88183 168 88558 165 88932 164 89307 161 89682 159 90056 158 90431 156 90805 155 91180 153 91555 150 91929 149 92304 147 92679 146 93053 146 93427 146 93802 145 94176 146 94550 147 94925 147 95299 148 95674 148 96048 149 96422 150 96797 150 97171 151 97546 152 97920 153 98294 155 98669 156 99043 158 99418 159 99792 161 100167 162 100541 165 100915 167 101290 168 101664 170 102038 172 102413 173 102787 175 103161 177 103409 2 103536 179 103774 16 103910 181 104140 26 104285 184 104509 33 104659 188 104868 49 105034 197 105233 59 105409 258 105783 259 106158 259 106533 259 106907 259 107282 259 107657 259 108031 259 108406 259 108781 259 109156 258 109530 259 109905 258 110280 258 110655 257 111030 257 111404 258 111779 257 112154 257 112529 256 112904 255 113278 256 113653 255 114028 254 114403 254 114778 253 115152 253 115527 253 115902 252 116277 251 116652 251 117027 250 117402 249 117776 249 118151 249 118526 248 118901 247 119276 247 119651 246 120026 245 120401 244 120776 243 121152 241 121527 241 121902 240 122277 238 122652 237 123027 236 123402 235 123778 233 124153 231 124528 230 124903 228 125278 227 125654 225 126029 224 126404 223 126779 222 127154 221 127529 219 127904 217 128280 215 128655 213 129030 211 129405 209 129780 207 130155 204 130530 203 130905 201 131281 197 131656 174 131842 8 132031 171 132406 169 132781 167 133156 165 133531 163 133906 162 134281 161 134657 159 135032 158 135407 157 135782 156 136157 155 136532 154 136907 153 137282 152 137657 151 138032 149 138407 148 138782 147 139157 147 139532 146 139907 145 140282 144 140657 143 141032 142 141407 142 141782 141 142157 140 142532 140 142907 139 143282 138 143657 138 144032 138 144407 137 144782 137 145157 136 145532 136 145907 135 146281 136 146656 136 147031 136 147406 135 147781 135 148156 135 148530 137 148905 137 149280 137 149654 138 150029 138 150403 140 150778 140 151153 141 151527 142 151902 142 152276 144 152651 144 153025 146 153400 147 153774 148 154149 149 154524 150 154898 151 155273 152 155648 153 156023 153 156397 154 156772 155 157147 155 157522 81 157611 66 157897 78 157989 63 158272 77 158367 59 158647 76 158744 57 159023 73 159121 54 159398 72 159498 52 159773 71 159875 49 160148 71 160251 47 160523 70 160628 44 160899 68 161004 42 161274 67 161381 39 161649 66 161757 37 162025 64 162134 34 162400 63 162510 32 162776 61 162886 30 163151 60 163263 27 163527 58 163639 25 163902 57 164015 23 164278 54 164391 21 164654 51 164767 19 165030 48 165143 16 165405 46 165520 13 165781 42 165897 8 166157 39 166533 35 166909 30 167286 24 167662 20 168039 15 168416 10
pomeranian_5,44958 11 45292 16 45346 6 45625 28 45676 27 45959 43 46003 38 46294 84 46628 87 46963 89 47298 92 47632 95 47967 99 48302 103 48637 128 48892 6 48972 130 49223 13 49307 133 49555 16 49642 135 49889 17 49977 137 50222 18 50312 142 50554 19 50647 145 50887 19 50983 149 51220 19 51318 153 51551 22 51653 157 51884 22 51988 161 52215 25 52323 165 52547 26 52659 167 52879 28 52994 170 53210 31 53329 172 53542 33 53664 174 53875 34 54000 175 54207 36 54335 177 54539 38 54671 179 54871 40 55006 181 55204 41 55342 182 55536 43 55677 187 55868 44 56013 232 56349 230 56684 228 57020 225 57356 222 57692 218 58027 216 58363 212 58699 209 59034 207 59370 204 59706 202 60041 201 60376 200 60712 197 61047 197 61383 195 61718 194 62053 194 62388 193 62723 193 63059 191 63394 191 63729 191 63975 6 64064 190 64308 10 64399 190 64641 12 64734 190 64975 14 65069 189 65308 17 65403 190 65641 19 65738 190 65974 21 66073 190 66307 22 66408 190 66640 24 66743 190 66974 24 67078 190 67306 27 67413 190 67639 29 67747 190 67971 31 68082 190 68303 33 68417 190 68637 34 68752 190 68970 35 69086 191 69303 36 69421 191 69637 36 69756 191 69970 36 70091 191 70304 35 70426 191 70637 35 70761 191 70971 34 71095 193 71305 33 71430 193 71639 33 71765 193 71973 32 72100 193 72307 32 72435 194 72641 31 72770 194 72975 30 73105 195 73308 31 73439 197 73642 30 73774 198 73975 31 74109 231 74444 230 74779 229 75113 229 75448 228 75783 228 76118 227 76452 227 76787 227 77122 226 77456 227 77791 226 78125 226 78460 226 78794 226 79129 225 79463 225 79797 225 80131 226 80465 226 80799 226 81133 226 81467 227 81801 227 82135 227 82468 228 82802 229 83136 229 83470 230 83805 229 84139 229 84473 230 84807 230 85142 230 85476 230 85811 230 86145 230 86479 231 86814 230 87148 231 87483 230 87817 231 88152 230 88486 231 88821 231 89156 230 89490 231 89825 231 90160 230 90494 231 90829 231 91164 230 91499 230 91835 228 92170 228 92505 228 92841 226 93177 225 93513 224 93850 221 94187 219 94526 215 94868 208 95208 202 95545 200 95881 199 96218 197 96555 194 96891 193 97227 192 97563 191 97899 189 98234 189 98570 188 98906 187 99241 187 99577 185 99912 185 100248 184 100583 184 100918 184 101254 183 101589 182 101924 182 102259 182 102595 181 102930 181 103265 181 103600 181 103935 181 104270 180 104605 180 104941 179 105276 179 105611 179 105946 179 106281 179 106616 179 106951 179 107286 178 107621 178 107956 178 108291 178 108626 178 108962 177 109297 177 109632 177 109967 177 110302 177 110637 177 110972 177 111307 177 111642 177 111870 3 111977 177 112204 5 112312 177 112538 7 112647 177 112872 8 112982 177 113206 9 113317 177 113540 10 113653 176 113874 11 113988 176 114209 11 114323 177 114543 12 114658 177 114878 11 114993 177 115212 12 115328 177 115546 13 115663 177 115880 13 115998 177 116215 13 116334 177 116549 13 116669 177 116883 14 117004 177 117217 14 117339 178 117551 15 117674 178 117886 14 118009 178 118220 15 118344 179 118555 14 118679 179 118889 14 119014 180 119224 13 119349 180 119558 14 119684 180 119893 13 120019 181 120227 13 120355 180 120562 12 120690 181 120896 13 121025 181 121231 12 121360 182 121565 12 121695 182 121900 11 122030 183 122234 12 122365 183 122569 11 122700 183 122903 12 123035 183 123238 12 123371 183 123573 11 123706 183 123907 12 124041 183 124242 12 124376 182 124577 11 124711 182 124911 12 125046 182 125246 12 125381 182 125580 12 125716 182 125915 12 126052 181 126250 12 126387 181 126585 11 126722 181 126919 12 127057 181 127254 12 127392 181 127588 13 127727 181 127923 12 128062 181 128257 13 128397 181 128592 13 128733 181 128926 13 129068 181 129261 13 129403 181 129596 12 129738 181 129930 13 130073 181 130264 14 130408 181 130598 14 130743 181 130932 15 131079 180 131267 14 131414 181 131601 15 131749 182 131934 16 132084 201 132419 200 132754 200 133089 200 133424 199 133759 199 134095 197 134430 197 134765 196 135100 196 135435 195 135770 195 136105 195 136439 195 136774 195 137109 194 137444 194 137779 193 138114 192 138449 192 138784 191 139120 190 139455 189 139790 188 140125 187 140460 186 140796 185 141131 184 141466 184 141801 183 142136 183 142472 182 142807 181 143142 180 143477 180 143812 179 144147 178 144483 176 144818 176 145153 175 145488 174 145823 174 146158 172 146493 172 146829 170 147164 170 147499 169 147834 169 148169 168 148505 167 148840 166 149175 166 149511 164 149846 164 150181 163 150517 162 150852 161 151187 160 151523 159 151858 158 152194 157 152530 155 152865 155 153201 154 153537 153 153872 153 154208 151 154544 150 154880 150 155215 150 155551 149 155887 148 156222 148 156558 148 156894 147 157229 148 157565 147 157900 148 158236 147 158571 148 158906 148 159242 147 159577 148 159912 148 160247 147 160583 146 160918 146 161253 146 161588 146 161924 144 162259 144 162594 144 162929 143 163265 142 163600 142 163935 141 164270 141 164605 141 164940 140 165276 138 165612 137 165947 136 166283 135 166618 135 166954 134 167290 133
miniature_pinscher_3,34512 26 34884 37 35258 45 35633 50 36009 52 36386 53 36763 55 37140 56 37518 57 37895 57 38272 57 38649 58 39025 59 39401 61 39778 64 40154 69 40531 74 40907 75 41283 76 41659 77 42035 77 42411 78 42788 77 43164 77 43540 77 43916 78 44292 78 44668 78 45044 78 45420 78 45796 79 46172 79 46548 80 46925 80 47301 81 47677 83 47779 19 48053 125 48429 125 48806 125 49183 125 49559 126 49936 126 50313 125 50689 126 51066 126 51442 129 51818 152 52194 168 52570 171 52946 174 53322 176 53698 177 54073 180 54449 180 54824 182 55200 183 55575 184 55951 184 56326 186 56701 187 57076 188 57452 188 57827 189 58202 190 58577 191 58952 192 59327 193 59702 194 60077 195 60452 196 60827 196 61201 198 61576 199 61951 199 62326 200 62701 201 63076 201 63451 202 63826 202 64201 203 64576 203 64951 204 65326 204 65701 204 66076 205 66451 205 66826 205 67201 205 67576 206 67951 206 68326 206 68701 206 69076 206 69451 206 69826 206 70201 206 70576 206 70951 206 71326 206 71701 206 72076 206 72451 206 72827 205 73202 205 73577 206 73952 206 74327 206 74702 206 75077 206 75452 206 75827 206 76202 206 76577 206 76952 206 77327 206 77702 206 78077 206 78452 206 78827 206 79202 205 79577 205 79951 206 80326 205 80701 205 81076 204 81451 204 81826 203 82201 202 82576 202 82951 201 83326 200 83701 200 84076 199 84451 197 84825 197 85200 196 85575 195 85950 194 86325 192 86700 191 87075 189 87450 188 87825 187 88200 186 88575 185 88950 185 89325 184 89700 184 90075 183 90450 183 90825 183 91200 182 91575 182 91950 182 92325 182 92700 182 93074 183 93449 183 93824 184 94198 185 94573 185 94947 186 95322 187 95697 187 96071 189 96446 189 96820 191 97194 193 97569 193 97943 195 98318 196 98692 197 99066 199 99440 201 99814 202 100188 204 100562 205 100936 207 101310 78 101413 106 101684 73 101795 99 102058 67 102175 95 102432 59 102552 93 102806 35 102928 93 103179 32 103304 92 103553 30 103680 92 103927 26 104056 91 104301 22 104432 91 104675 20 104808 90 105049 18 105183 91 105423 15 105559 90 105797 14 105935 90 106171 12 106310 90 106545 11 106686 90 106919 10 107061 90 107292 10 107437 90 107667 8 107812 90 108040 8 108188 90 108414 7 108563 90 108788 7 108939 90 109162 6 109314 90 109537 4 109689 91 109911 3 110064 91 110440 91 110815 91 111190 92 111565 92 111941 92 112316 92 112691 93 113066 93 113441 94 113817 94 114192 94 114567 95 114942 95 115317 96 115693 96 116068 96 116443 97 116818 98 117194 98 117569 98 117944 99 118319 100 118694 101 119070 102 119445 103 119820 105 120196 106 120571 110 120946 122 121321 123 121696 124 122072 125 122447 126 122822 127 123198 127 123573 128 123948 129 124323 130 124699 131 125074 132 125449 133 125824 134 126200 134 126575 136 126950 137 127326 136 127701 138 128076 139 128451 141 128827 141 129202 142 129577 142 129953 142 130328 143 130703 143 131078 144 131454 143 131829 145 132204 147 132579 149 132954 150 133330 151 133705 154 134080 155 134455 157 134830 158 135205 159 135580 160 135956 160 136331 161 136706 162 137081 163 137456 163 137831 164 138206 165 138582 166 138957 168 139332 169 139707 169 140082 169 140458 168 140833 168 141208 168 141583 168 141958 168 142333 44 142391 110 142709 39 142770 106 143084 38 143148 103 143459 37 143526 100 143834 35 143905 96 144209 34 144284 92 144584 34 144662 89 144960 32 145040 86 145335 32 145417 84 145710 33 145794 81 146085 33 146171 77 146460 34 146548 69 146835 35 146925 56 147210 36 147301 51 147586 36 147678 46 147961 37 148054 41 148336 38 148431 35 148711 39 148807 32 149086 40 149183 28 149461 42 149560 23 149836 43 149935 20 150211 45 150312 15 150586 46 150688 12 150961 47 151065 7 151336 48 151711 48 152086 49 152461 50 152836 52 153211 53 153586 54 153961 55 154335 57 154710 58 155085 59 155460 60 155835 61 156209 62 156584 63 156959 64 157334 65 157709 66 158084 66 158460 66 158835 67 159211 67 159586 68 159962 68 160338 68 160714 68 161090 68 161466 68 161841 69 162217 69 162593 69 162968 70 163344 71 163719 72 164095 72 164470 73 164846 73 165221 74 165596 75 165972 75 166347 76 166723 76 167099 76 167474 77 167850 77 168225 78 168601 78 168976 79 169351 80 169727 80 170102 81 170477 82 170852 83 171228 83 171603 84 171978 85 172353 87 172729 87 173104 90 173479 93 173855 95 174230 95 174605 96 174981 96 175356 97 175732 97 176107 97 176445 5 176483 97 176819 8 176859 97 177193 10 177234 98 177567 12 177610 98 177942 13 177985 98 178317 14 178361 98 178692 14 178736 98 179066 16 179112 98 179441 17 179488 98 179816 17 179863 99 180192 17 180239 98 180567 18 180615 98 180942 19 180990 99 181317 21 181366 99 181693 18 181741 100 182068 15 182117 100 182444 12 182464 1 182493 101 182820 10 182869 101 183197 6 183245 101 183620 101 183996 101 184372 100 184748 99 185123 99 185499 97 185875 96 186250 95 186626 94 187001 94 187376 94
pug_16,38774 26 39144 37 39514 47 39884 56 40257 61 40629 67 41002 72 41375 76 41748 80 42121 83 42494 87 42866 91 43239 94 43612 98 43984 102 44358 105 44731 108 45104 112 45478 114 45851 119 46224 123 46598 127 46971 133 47345 137 47719 143 48092 151 48466 155 48840 158 49214 162 49588 165 49962 169 50336 172 50710 175 51084 179 51459 181 51833 184 52207 187 52538 4 52543 6 52581 189 52907 20 52955 193 53279 25 53330 195 53652 29 53704 198 54025 32 54078 201 54398 35 54452 204 54771 37 54826 206 55144 39 55201 209 55518 40 55575 211 55892 41 55949 213 56266 42 56323 216 56640 42 56697 218 57015 42 57072 220 57389 42 57446 222 57764 41 57821 223 58139 40 58195 225 58514 40 58569 228 58889 39 58944 229 59264 38 59318 231 59639 37 59693 232 60015 35 60067 234 60391 33 60442 236 60767 31 60817 237 61144 29 61191 182 61377 53 61521 26 61566 180 61754 52 61898 23 61940 181 62131 51 62275 20 62315 180 62508 51 62652 17 62689 181 62884 51 63028 15 63064 181 63260 51 63405 12 63438 182 63637 51 63783 8 63813 182 64013 52 64161 3 64188 183 64389 53 64562 184 64765 54 64937 184 65141 54 65312 185 65517 55 65687 185 65893 55 66061 187 66269 55 66436 187 66645 55 66811 188 67021 55 67186 188 67397 55 67561 189 67773 55 67936 190 68149 55 68311 190 68525 54 68686 191 68900 55 69061 192 69276 55 69436 192 69652 54 69811 193 70028 54 70186 193 70404 54 70561 194 70779 54 70936 194 71155 54 71311 195 71531 53 71686 195 71907 53 72062 195 72283 53 72437 195 72659 52 72812 196 73035 52 73187 196 73410 53 73562 196 73786 52 73937 197 74162 52 74312 197 74538 52 74687 198 74913 53 75062 198 75289 54 75436 199 75665 54 75811 200 76041 54 76185 201 76417 55 76560 202 76792 57 76867 6 76934 203 77168 60 77237 14 77309 204 77544 82 77684 204 77920 81 78059 205 78295 81 78434 205 78671 80 78808 207 79047 79 79178 2 79183 207 79423 78 79553 2 79557 209 79799 77 79927 214 80174 77 80301 216 80550 20 80572 54 80675 217 80926 12 80955 46 81049 218 81302 8 81333 43 81424 218 81711 40 81799 219 82089 35 82174 219 82467 30 82549 219 82845 25 82924 219 83222 20 83299 219 83599 16 83674 218 83977 11 84049 218 84354 7 84424 218 84731 4 84799 218 85108 1 85175 217 85550 217 85925 217 86235 3 86300 217 86611 3 86675 217 86986 4 87051 216 87361 4 87426 216 87735 6 87801 216 88110 7 88176 217 88485 8 88552 216 88860 9 88927 216 89235 9 89302 216 89610 10 89677 217 89985 10 90053 216 90360 11 90428 217 90735 11 90803 217 91110 11 91178 217 91485 12 91553 218 91861 11 91928 218 92235 12 92303 219 92610 12 92678 219 92985 13 93053 219 93360 13 93428 220 93735 13 93803 220 94110 13 94178 220 94485 13 94553 221 94860 13 94927 222 95236 12 95302 222 95611 12 95677 222 95986 12 96052 223 96361 11 96427 223 96736 11 96802 224 97112 10 97177 224 97488 8 97552 224 97864 5 97926 225 98242 1 98301 225 98676 225 99051 225 99426 225 99801 226 100176 226 100551 226 100926 226 101301 226 101676 226 102051 227 102426 227 102801 227 103176 227 103551 227 103926 227 104301 228 104676 228 105051 227 105426 227 105801 227 106176 227 106551 226 106926 226 107301 226 107676 225 108050 226 108425 226 108800 226 109175 225 109550 225 109925 225 110227 6 110299 226 110601 10 110613 4 110674 226 110975 19 111049 225 111349 22 111424 225 111724 23 111799 225 112098 25 112173 226 112470 28 112548 226 112841 33 112923 226 113214 37 113298 225 113588 38 113673 225 113962 39 114047 226 114336 40 114422 226 114711 40 114797 226 115086 40 115172 225 115460 41 115547 225 115835 41 115922 225 116210 41 116296 225 116586 40 116671 225 116962 39 117046 224 117337 39 117421 224 117713 38 117796 223 118088 38 118171 223 118464 37 118546 223 118839 37 118920 224 119215 36 119295 224 119591 35 119670 223 119967 34 120045 223 120343 33 120420 223 120720 31 120794 224 121097 29 121169 223 121474 27 121544 223 121850 26 121919 222 122227 24 122294 222 122603 23 122669 221 122979 22 123044 221 123355 21 123419 221 123731 20 123794 220 124107 19 124169 220 124483 18 124544 219 124859 17 124919 219 125235 16 125294 219 125611 15 125669 219 125987 14 126045 217 126362 14 126420 216 126737 14 126795 216 127113 13 127170 215 127488 13 127546 214 127864 12 127921 213 128239 12 128296 213 128614 12 128671 212 128989 12 129047 210 129364 12 129422 209 129739 12 129798 208 130114 12 130173 207 130490 11 130549 205 130865 11 130924 204 131240 11 131300 200 131615 11 131676 198 131990 11 132052 195 132365 11 132428 194 132740 11 132804 192 133115 11 133181 189 133490 11 133558 186 133864 12 133934 184 134239 12 134311 181 134613 13 134688 178 134988 13 135064 177 135362 14 135441 174 135710 41 135818 172 136030 5 136082 44 136194 170 136403 9 136455 46 136570 169 136777 11 136829 47 136946 167 137150 14 137204 47 137322 166 137524 15 137578 48 137698 21 137724 138 137898 17 137952 49 138073 19 138101 136 138271 20 138326 50 138449 17 138479 133 138645 22 138701 50 138825 15 138855 131 139019 24 139075 51 139200 15 139232 129 139393 26 139450 51 139576 13 139608 128 139768 27 139824 52 139951 13 139984 127 140143 28 140199 52 140327 11 140361 125 140517 30 140574 52 140703 10 140738 123 140893 30 140948 53 141078 10 141115 122 141268 31 141322 54 141454 8 141491 121 141643 32 141697 54 141829 8 141868 119 142018 33 142071 55 142205 7 142244 118 142394 33 142446 55 142581 6 142620 117 142769 34 142821 55 142957 5 142996 116 143144 36 143195 56 143333 3 143372 115 143520 36 143570 56 143748 113 143895 36 143944 57 144125 110 144271 36 144319 57 144501 109 144647 36 144694 57 144878 105 145022 37 145069 57 145255 101 145398 36 145444 57 145632 98 145773 37 145819 57 146008 95 146149 36 146194 57 146385 91 146525 36 146568 58 146762 46 146815 34 146900 36 146943 58 147139 39 147197 24 147276 36 147318 58 147516 32 147576 17 147652 35 147693 58 147896 11 148027 35 148068 58 148403 34 148443 58 148779 32 148818 58 149155 31 149193 58 149531 30 149569 57 149907 28 149944 57 150283 27 150320 56 150659 25 150696 55 151035 24 151071 55 151412 21 151447 54 151788 20 151823 53 152164 18 152199 52 152541 14 152575 51 152918 11 152951 50 153327 49 153703 48 154078 48 154454 47 154829 47 155205 46 155580 46 155955 46 156330 46 156706 45 157081 45 157456 45 157831 45 158206 45 158582 44 158957 44 159332 44 159707 44 160082 44 160457 44 160832 44 161207 44 161583 43 161958 43 162333 43 162708 43 163083 43 163458 43 163833 43 164208 43 164583 43 164958 43 165333 43 165708 43 166083 43 166458 43 166834 42 167209 42 167584 42 167959 42 168334 42 168710 41 169085 41 169461 40 169837 39 170213 38 170589 37 170965 14 170980 3 170989 12 171342 5 171367 8 171743 7 172120 5 172495 5 172871 3
Ragdoll_13,27625 2 28117 18 28613 27 29111 33 29387 15 29609 40 29879 32 30107 47 30375 45 30605 55 30870 55 31103 65 31361 67 31601 84 31856 76 32098 97 32216 19 32354 83 32596 106 32709 45 32851 93 33059 8 33092 171 33349 111 33557 20 33587 185 33846 115 34056 224 34342 120 34556 232 34838 125 35056 239 35332 131 35556 407 36057 407 36557 407 37057 407 37558 406 38059 406 38559 406 39060 405 39561 404 40062 403 40562 403 41063 402 41564 401 42065 400 42565 400 43066 399 43567 398 44067 398 44567 397 45068 396 45568 396 46068 396 46568 395 47068 395 47568 395 48068 395 48568 395 49068 395 49568 396 50068 396 50568 396 51068 397 51568 397 52068 397 52568 398 53068 398 53568 398 54068 399 54568 399 55068 399 55568 399 56068 399 56567 400 57067 400 57567 400 58067 400 58567 400 59067 400 59567 400 60067 400 60567 400 61067 400 61567 400 62066 401 62566 401 63066 401 63566 401 64065 402 64565 402 65065 402 65565 402 66065 402 66565 402 67065 402 67565 402 68065 402 68565 402 69065 402 69565 402 70065 402 70564 403 71064 403 71563 404 72063 403 72562 404 73061 405 73560 406 74059 406 74558 407 75057 408 75557 408 76056 409 76555 410 77054 411 77553 412 78052 413 78552 413 79051 414 79551 414 80051 414 80551 413 81051 413 81552 16 81583 381 82088 377 82590 375 83092 373 83594 371 84096 369 84597 368 85099 366 85600 364 86102 362 86603 361 87105 359 87606 357 88108 355 88609 354 89111 352 89613 350 90115 348 90617 346 91120 342 91624 338 92131 331 92640 321 93158 303 93669 8 93701 260 94206 254 94708 252 95211 249 95712 248 96214 246 96715 245 97216 244 97717 243 98218 241 98719 240 99220 239 99720 239 100221 238 100721 238 101222 238 101722 238 102223 237 102723 237 103223 237 103724 236 104225 235 104725 235 105226 234 105727 233 106228 232 106729 231 107229 231 107730 230 108231 229 108732 228 109232 228 109733 227 110234 226 110735 225 111236 224 111738 222 112239 221 112740 220 113242 218 113743 217 114245 215 114747 213 115249 211 115751 209 116253 207 116755 205 117258 202 117762 198 118267 193 118775 185 119284 176 119791 169 120300 159 120805 154 121309 150 121812 147 122315 144 122817 142 123319 140 123821 138 124323 136 124824 135 125326 132 125828 130 126331 28 126368 90 126836 17 126882 76 127387 71 127892 66 128395 63 128897 61 129400 58 129902 55 130404 53 130904 53 131407 49 131906 49 132407 47 132908 46 133410 44 133911 43 134412 42 134914 40 135414 40 135916 38 136415 39 136914 41 137412 43 137910 45 138409 46 138908 47 139409 46 139909 46 140410 45 140912 43 141416 38 141918 8 141933 21 142435 19 142936 18 143438 15 143941 9
havanese_97,38519 10 38848 17 39177 23 39507 28 39829 40 40139 65 40468 70 40796 76 41126 80 41456 83 41613 6 41786 87 41943 10 42117 90 42272 14 42448 93 42600 19 42778 97 42924 28 43109 99 43254 31 43439 103 43584 33 43769 107 43915 35 44101 109 44245 38 44432 112 44576 39 44763 115 44907 41 45094 118 45238 42 45425 121 45569 43 45756 123 45900 45 46088 125 46231 46 46419 128 46563 47 46750 131 46895 47 47082 133 47226 49 47413 137 47555 52 47745 140 47886 53 48076 196 48408 196 48740 197 49072 197 49404 198 49736 198 50068 199 50400 199 50732 200 51064 200 51396 201 51728 201 52061 201 52393 201 52725 202 53057 202 53389 202 53721 203 54053 203 54385 204 54716 205 55048 206 55379 208 55711 208 56042 210 56374 210 56706 211 57037 212 57368 214 57700 215 58032 215 58363 217 58695 217 59027 218 59358 220 59690 220 60022 221 60353 222 60685 223 61016 225 61348 225 61680 226 62012 227 62344 228 62676 228 63009 228 63341 229 63673 230 64005 230 64337 231 64669 232 65001 233 65333 233 65665 234 65998 234 66330 235 66662 235 66994 236 67326 237 67659 237 67991 237 68262 2 68323 238 68593 6 68655 239 68926 6 68988 239 69258 7 69320 239 69591 7 69652 240 69924 7 69985 240 70256 8 70317 240 70589 8 70650 240 70922 8 70982 241 71255 8 71314 241 71588 8 71647 241 71921 8 71979 242 72254 8 72312 242 72587 8 72644 242 72920 8 72976 243 73252 9 73309 243 73585 9 73641 244 73918 9 73973 245 74251 9 74306 244 74584 9 74638 245 74917 9 74970 246 75250 9 75303 246 75583 9 75635 246 75915 10 75967 247 76248 10 76300 247 76581 10 76632 247 76914 10 76965 247 77246 11 77297 248 77579 11 77630 248 77912 11 77962 248 78245 11 78295 248 78577 12 78628 248 78910 12 78960 249 79243 12 79293 249 79576 12 79626 249 79909 12 79958 250 80242 12 80291 249 80576 11 80623 250 80909 11 80956 251 81242 11 81289 251 81575 11 81621 252 81908 11 81954 252 82241 11 82287 252 82574 11 82619 253 82907 11 82952 253 83240 11 83285 253 83573 11 83618 253 83906 11 83951 253 84239 11 84284 252 84571 12 84617 252 84904 12 84950 252 85237 12 85283 251 85570 12 85616 251 85902 13 85949 250 86235 13 86282 250 86568 13 86615 250 86901 13 86949 249 87233 14 87282 248 87566 14 87615 248 87899 14 87948 247 88231 15 88282 245 88564 15 88615 244 88897 15 88948 244 89229 16 89281 243 89562 16 89614 242 89895 16 89947 242 90227 17 90281 240 90560 17 90614 240 90892 18 90947 240 91225 18 91280 239 91557 19 91614 238 91890 19 91947 238 92222 20 92280 238 92555 20 92614 237 92887 21 92947 237 93220 21 93280 237 93552 22 93614 236 93885 22 93947 236 94217 23 94281 235 94550 23 94614 235 94883 23 94947 235 95215 24 95281 234 95548 24 95614 235 95880 25 95947 235 96212 26 96281 234 96545 26 96614 234 96877 27 96947 235 97209 28 97281 234 97541 29 97614 234 97873 30 97948 234 98205 31 98281 234 98537 32 98615 234 98868 34 98948 235 99199 36 99282 235 99530 38 99615 237 99861 40 99949 285 100282 285 100616 284 100950 283 101283 283 101617 282 101951 281 102284 281 102618 280 102952 279 103286 278 103620 277 103954 276 104288 275 104622 274 104955 274 105289 273 105623 272 105957 271 106291 270 106625 269 106959 268 107293 267 107627 266 107960 266 108294 265 108628 264 108962 263 109296 262 109630 261 109965 259 110299 258 110634 256 110968 255 111303 253 111637 252 111971 251 112305 250 112639 249 112973 248 113307 247 113640 247 113974 175 114152 68 114308 171 114488 65 114642 168 114824 62 114975 166 115160 59 115309 164 115495 57 115643 163 115830 55 115976 162 116165 53 116310 160 116499 52 116644 158 116834 50 116978 157 117169 48 117312 155 117503 47 117646 154 117838 45 117980 152 118173 43 118313 152 118508 41 118647 151 118843 39 118981 149 119178 37 119315 148 119512 36 119649 147 119847 34 119983 146 120182 32 120316 145 120517 30 120650 144 120851 29 120984 143 121185 28 121318 141 121520 26 121651 141 121855 24 121985 140 122190 22 122319 139 122525 20 122653 137 122859 19 122987 136 123195 16 123321 134 123530 14 123655 133 123864 13 123989 131 124200 10 124324 129 124534 9 124658 127 124870 6 124992 125 125207 2 125326 124 125661 121 125996 118 126330 116 126665 113 127000 110 127335 108 127671 104 128008 99 128344 95 128680 91 129017 86 129352 82 129692 74 130032 66 130376 53 130714 46 131050 42 131386 37 131723 31 132070 15 132407 9
Bengal_114,12479 5 12853 8 13227 11 13602 13 13977 14 14352 16 14727 17 15102 18 15477 19 15852 20 16227 21 16602 22 16977 23 17352 24 17727 25 18102 25 18477 26 18852 27 19227 28 19602 28 19977 30 20353 29 20728 30 21103 31 21478 32 21853 34 22228 35 22603 36 22978 37 23353 39 23728 40 24103 42 24478 43 24853 45 25228 48 25603 51 25978 54 26353 57 26728 59 27103 62 27477 65 27852 68 28227 74 28602 77 28976 82 29351 85 29726 88 30028 26 30100 93 30402 44 30475 98 30776 49 30850 106 31150 53 31224 109 31525 56 31598 112 31899 59 31973 113 32124 5 32274 66 32347 115 32499 7 32649 189 32874 9 33024 189 33249 10 33399 190 33624 11 33774 190 33999 12 34149 190 34374 13 34524 191 34750 12 34899 191 35125 12 35275 190 35501 12 35650 190 35876 12 36025 190 36252 11 36400 190 36628 10 36775 191 37004 9 37151 190 37380 8 37526 190 37756 7 37901 190 38132 5 38277 189 38652 190 39027 190 39402 190 39777 191 40152 192 40527 193 40902 193 41277 194 41652 194 42027 195 42244 3 42402 195 42619 5 42778 194 42994 6 43153 195 43369 7 43528 195 43744 8 43903 195 44119 9 44278 196 44494 10 44653 196 44869 10 45028 196 45245 10 45403 196 45620 11 45778 196 45995 11 46153 196 46371 10 46528 197 46746 10 46903 197 47122 7 47279 196 47498 5 47654 196 48029 195 48405 194 48780 194 49156 193 49531 192 49907 191 50282 191 50657 191 51033 189 51408 189 51783 189 52158 189 52533 188 52909 187 53284 187 53659 187 53895 2 54034 187 54268 5 54410 186 54642 7 54785 186 55016 8 55160 186 55391 9 55535 186 55765 11 55910 186 56139 12 56286 185 56513 14 56661 185 56887 16 57036 185 57261 17 57411 185 57634 20 57787 184 58006 23 58162 183 58378 26 58537 182 58750 30 58912 181 59123 32 59287 180 59496 34 59663 179 59870 35 60038 179 60244 37 60413 179 60617 39 60788 179 60991 40 61164 178 61364 43 61539 178 61738 44 61914 178 62111 46 62289 179 62484 49 62665 46 62712 131 62857 51 63040 45 63089 130 63230 54 63415 44 63465 130 63604 55 63790 43 63841 130 63977 58 64165 43 64218 129 64350 60 64541 41 64593 193 64916 17 64939 18 64969 192 65291 16 65316 15 65345 192 65666 16 65694 11 65721 192 66042 15 66072 6 66097 191 66417 15 66473 191 66793 14 66849 190 67168 14 67225 190 67544 13 67602 188 67919 13 67979 187 68295 12 68355 186 68671 11 68732 185 69047 10 69109 183 69423 9 69485 183 69799 7 69862 181 70177 3 70238 181 70615 179 70991 179 71368 177 71745 175 72121 175 72497 174 72872 174 73247 175 73623 174 73998 174 74373 174 74748 174 75123 174 75498 175 75873 175 76248 175 76623 175 76998 175 77372 176 77747 176 78122 176 78497 175 78871 176 79246 176 79621 176 79996 176 80370 177 80745 177 81120 177 81495 177 81870 177 82244 178 82619 178 82994 178 83368 179 83743 179 84117 180 84492 180 84866 181 85241 181 85615 182 85990 182 86364 183 86738 184 87113 184 87487 185 87862 185 88236 186 88611 186 88985 187 89359 188 89734 188 90108 188 90483 188 90857 189 91232 189 91606 189 91980 190 92355 189 92729 190 93104 190 93478 190 93853 190 94227 191 94602 190 94976 191 95351 191 95725 191 96100 191 96474 192 96849 191 97223 192 97598 192 97973 192 98348 192 98722 193 99097 192 99472 192 99847 192 100222 192 100597 192 100971 193 101346 193 101721 193 102096 193 102471 193 102846 193 103220 194 103595 194 103970 194 104345 194 104720 194 105095 194 105470 194 105845 194 106219 196 106594 196 106969 196 107344 197 107719 197 108094 198 108469 199 108844 202 109220 205 109595 210 109970 211 110345 213 110720 214 111095 215 111470 216 111845 217 112220 219 112595 220 112971 220 113346 221 113721 222 114096 222 114471 223 114847 222 115222 222 115597 222 115972 222 116347 222 116722 223 117098 222 117473 222 117848 222 118223 222 118598 222 118973 222 119348 222 119723 222 120099 221 120474 221 120849 221 121224 221 121599 221 121974 221 122349 221 122724 221 123099 221 123474 221 123849 221 124224 221 124599 221 124974 221 125349 221 125724 220 126099 220 126474 220 126850 219 127225 219 127600 219 127975 219 128350 219 128726 219 129101 219 129476 220 129851 221 130226 221 130601 221 130976 221 131351 221 131727 220 132102 220 132477 220 132852 220 133227 220 133602 219 133977 218 134352 217 134727 216 135102 214 135477 212 135852 208 136228 190 136603 189 136978 187 137353 185 137728 184 138103 182 138479 180 138854 178 139229 177 139604 176 139979 175 140355 173 140730 173 141105 172 141480 171 141855 171 142231 170 142606 169 142981 169 143356 168 143731 168 144106 168 144481 168 144857 166 145232 166 145607 166 145982 165 146357 165 146732 165 147108 163 147483 163 147858 163 148233 163 148608 163 148984 162 149359 162 149734 162 150109 162 150485 161 150860 161 151235 160 151611 159 151986 159 152361 159 152737 158 153112 158 153487 158 153863 156 154238 156 154613 156 154989 155 155364 154 155739 154 156115 153 156490 152 156866 151 157241 150 157617 149 157992 148 158367 148 158743 146 159118 146 159494 144 159869 144 160244 143 160619 143 160994 142 161370 141 161745 141 162120 140 162495 140 162870 140 163246 139 163621 138 163996 138 164371 138 164746 138 165122 137 165497 137 165872 137 166247 137 166623 75 166701 58 166998 70 167077 56 167373 67 167453 55 167748 65 167829 54 168124 63 168204 54 168499 62 168580 53 168875 59 168956 52 169251 56 169331 52 169626 54 169707 51 170002 51 170082 51 170378 47 170458 50 170755 43 170833 50 171131 41 171210 47 171508 38 171586 46 171884 37 171963 44 172261 35 172339 43 172638 32 172714 43 173016 29 173090 42 173394 26 173465 41 173771 24 173841 39 174148 22 174216 35 174525 20 174591 32 174902 19 174966 26 175278 18 175343 19 175654 17 175719 15 176029 18 176095 12 176405 17 176471 7 176781 16 176820 4 176847 4 177156 16 177189 12 177223 1 177532 15 177562 15 177908 14 177936 16 178284 13 178309 18 178660 12 178683 19 179036 10 179057 19 179412 9 179431 19 179788 7 179802 2 179805 20 180164 4 180177 22 180552 21 180927 21 181302 21 181677 20 182052 20 182427 19 182802 18 183177 18 183553 16 183928 16 184303 15 184679 14 185055 12 185431 9 185808 4
keeshond_37,18564 7 18932 12 19302 15 19673 16 20042 20 20412 22 20782 24 21153 26 21523 28 21894 29 22265 30 22636 31 23007 32 23378 33 23749 34 24120 36 24248 16 24490 38 24616 37 24861 39 24984 45 25230 42 25350 53 25599 45 25710 69 25969 47 26079 77 26338 50 26449 86 26707 53 26820 90 27078 54 27191 93 27448 56 27562 95 27819 57 27933 98 28189 59 28305 99 28560 60 28676 102 28931 61 29048 103 29302 62 29420 105 29578 3 29672 64 29792 109 29948 5 30043 65 30164 114 30318 8 30412 68 30536 117 30689 9 30782 70 30907 120 31060 10 31152 72 31279 122 31430 12 31522 74 31651 124 31801 13 31893 75 32024 125 32171 15 32263 77 32396 128 32542 17 32633 79 32768 133 32911 20 33004 80 33140 163 33375 81 33512 163 33746 82 33884 163 34108 5 34115 85 34256 163 34477 95 34628 164 34848 96 35000 164 35219 97 35372 165 35589 99 35744 165 35959 101 36116 166 36320 112 36488 167 36688 116 36860 167 37055 121 37232 169 37422 126 37604 170 37787 133 37976 172 38158 134 38348 174 38527 137 38720 316 39092 316 39464 316 39836 316 40208 316 40580 316 40952 316 41324 316 41696 316 42068 316 42440 316 42812 316 43184 316 43556 316 43928 316 44300 316 44672 316 45044 316 45416 316 45788 316 46160 316 46532 316 46904 316 47276 316 47648 316 48020 316 48392 316 48765 315 49137 315 49509 315 49881 315 50253 315 50625 315 50997 315 51369 315 51741 315 52112 316 52484 316 52856 316 53228 316 53600 316 53972 316 54344 316 54716 316 55088 316 55460 316 55832 316 56205 315 56577 314 56949 314 57321 314 57693 314 58064 315 58436 315 58808 315 59180 315 59552 315 59924 315 60296 315 60668 315 61040 315 61412 315 61784 315 62156 315 62528 315 62900 315 63272 315 63644 315 64016 315 64388 315 64760 315 65132 315 65504 315 65876 315 66248 315 66620 315 66992 315 67364 315 67736 315 68108 315 68480 315 68852 315 69224 315 69596 315 69968 315 70340 315 70712 315 71084 315 71457 314 71829 314 72201 314 72573 314 72945 314 73317 314 73688 315 74060 314 74432 314 74804 314 75176 314 75548 314 75920 314 76292 314 76664 314 77036 314 77408 314 77780 314 78152 314 78524 315 78896 315 79268 315 79641 314 80013 314 80385 314 80757 314 81129 314 81501 314 81872 315 82244 315 82616 315 82988 315 83360 315 83732 315 84104 315 84476 315 84848 315 85220 315 85592 315 85964 315 86336 315 86708 315 87080 315 87452 315 87824 315 88196 315 88568 315 88940 315 89312 315 89684 315 90056 315 90428 315 90800 315 91172 315 91544 315 91916 315 92288 315 92660 315 93032 315 93404 315 93776 315 94148 315 94520 315 94892 315 95264 315 95636 315 96008 315 96380 315 96752 315 97124 315 97496 315 97868 315 98240 315 98612 315 98984 315 99356 315 99728 315 100099 316 100471 316 100843 316 101215 316 101587 316 101959 316 102331 316 102703 316 103075 316 103447 316 103819 316 104191 316 104563 316 104935 316 105307 316 105679 316 106051 316 106422 317 106794 317 107166 317 107538 317 107910 317 108282 317 108654 317 109026 317 109398 317 109770 317 110142 317 110514 317 110886 317 111258 317 111630 317 112002 317 112374 317 112746 317 113118 316 113490 317 113862 317 114234 317 114606 317 114978 317 115350 317 115722 317 116094 317 116466 317 116838 317 117210 317 117582 317 117954 317 118326 317 118698 317 119070 317 119442 317 119814 317 120186 317 120558 317 120930 317 121302 317 121674 317 122047 316 122419 316 122791 316 123163 316 123535 316 123907 316 124279 316 124651 316 125023 316 125396 315 125768 314 126140 314 126512 314 126884 314 127256 314 127628 314 128000 314 128372 314 128744 314 129116 314 129488 314 129860 314 130232 314 130604 314 130976 313 131348 313 131720 313 132092 313 132464 313 132836 313 133208 313 133580 313 133952 313 134324 313 134695 314 135067 314 135439 314 135811 315 136183 315 136556 314 136928 314 137300 314 137672 314 138044 314 138416 314 138788 314 139160 314 139532 314 139904 314 140276 314 140648 314 141020 314 141392 314 141764 314 142136 314 142508 314 142880 314 143252 315 143624 315 143996 315 144368 315 144740 315 145112 51 145167 260 145484 49 145541 258 145856 46 145914 257 146228 45 146287 256 146601 42 146660 255 146973 40 147033 254 147345 39 147406 254 147717 38 147778 254 148089 37 148151 253 148461 36 148524 252 148833 35 148897 251 149205 34 149269 252 149577 34 149642 251 149949 33 150015 250 150321 32 150387 250 150693 31 150759 251 151065 30 151132 250 151437 29 151505 250 151809 28 151878 249 152181 28 152250 249 152553 27 152623 249 152926 25 152995 249 153298 24 153368 249 153670 24 153741 248 154042 23 154113 248 154414 22 154486 248 154786 22 154858 248 155158 21 155231 247 155530 20 155603 247 155902 19 155976 247 156274 19 156348 247 156646 18 156720 247 157018 17 157092 247 157390 16 157464 247 157763 15 157837 246 158135 14 158209 246 158507 13 158582 245 158879 12 158954 245 159251 12 159327 244 159623 11 159700 243 159996 9 160073 242 160368 9 160446 241 160740 8 160819 240 161112 7 161192 238 161484 7 161565 237 161857 5 161939 235 162229 4 162312 234 162602 2 162686 231 163061 228 163436 225 163818 214 164207 197 164591 184 164970 177 165347 171 165722 167 166098 161 166473 157 166849 150 167225 142 167608 124 167992 96 168377 75 168760 59 169149 33 169533 1 169535 5
german_shorthaired_44,43753 12 44248 21 44744 28 45241 34 45738 39 46235 45 46732 50 47230 54 47727 59 48226 61 48724 68 49223 73 49306 13 49722 99 50220 102 50719 104 51218 106 51716 109 52215 110 52714 112 53213 113 53712 115 54210 117 54709 119 55208 120 55707 122 56205 124 56704 126 57203 127 57701 130 58200 132 58699 134 59197 137 59696 139 60194 142 60693 144 61192 146 61690 149 62189 151 62688 153 63187 155 63686 157 64185 159 64683 162 65180 166 65678 169 66176 171 66675 173 67174 174 67673 176 68173 177 68398 8 68672 179 68898 12 69172 179 69398 16 69671 180 69898 20 70171 181 70399 22 70671 181 70899 25 71170 183 71400 27 71670 183 71900 30 72170 184 72400 33 72669 186 72901 35 73169 186 73401 38 73669 187 73901 41 74169 188 74401 44 74669 188 74902 46 75169 188 75402 50 75669 189 75902 53 75976 13 76169 189 76402 57 76471 23 76669 188 76903 93 77169 188 77403 93 77668 189 77904 92 78168 188 78404 92 78668 187 78904 92 79168 187 79404 92 79668 186 79904 92 80168 186 80404 92 80668 186 80904 92 81169 185 81404 92 81669 185 81904 92 82169 185 82403 93 82669 185 82903 93 83169 185 83403 93 83669 185 83903 93 84169 185 84403 93 84669 185 84903 94 85169 185 85403 94 85670 184 85903 95 86170 184 86403 96 86670 184 86903 96 87171 183 87403 97 87671 183 87903 98 88172 181 88403 98 88672 181 88903 98 89173 179 89403 98 89673 179 89903 98 90174 178 90403 98 90674 177 90903 98 91175 176 91403 98 91675 175 91903 98 92175 174 92402 99 92676 173 92903 98 93176 172 93403 98 93676 171 93903 98 94176 171 94402 99 94677 169 94902 99 95177 168 95401 100 95677 167 95900 101 96177 166 96399 102 96678 164 96897 104 97178 163 97395 106 97679 161 97886 115 98179 160 98382 119 98679 160 98880 121 99179 159 99379 122 99679 158 99877 124 100179 158 100376 125 100680 156 100875 126 101180 156 101375 126 101680 156 101874 127 102181 155 102373 128 102681 155 102872 129 103181 155 103371 130 103682 154 103870 131 104182 155 104370 131 104682 155 104869 132 105183 154 105369 132 105683 154 105868 133 106184 154 106367 134 106684 154 106866 135 107185 153 107365 136 107685 154 107865 136 108186 153 108367 134 108686 154 108871 130 109187 153 109379 122 109688 153 109882 119 110188 154 110383 118 110689 154 110884 117 111189 155 111386 115 111690 155 111887 114 112191 154 112388 113 112692 154 112889 112 113193 153 113390 111 113694 152 113891 110 114195 152 114391 110 114696 151 114891 110 115197 151 115391 110 115698 150 115891 110 116200 149 116391 110 116701 148 116890 111 117202 148 117362 7 117389 112 117703 151 117857 14 117889 112 118204 168 118388 113 118706 167 118886 115 119207 167 119384 117 119708 167 119882 119 120210 166 120380 121 120711 290 121213 288 121714 287 122216 285 122718 283 123220 281 123721 280 124223 278 124725 276 125226 275 125728 273 126230 271 126731 270 127233 268 127734 267 128236 265 128738 263 129239 262 129741 260 130243 258 130745 256 131248 253 131751 250 132254 247 132757 244 133260 241 133762 239 134265 236 134768 233 135270 231 135773 228 136275 226 136778 222 137280 219 137782 217 138285 214 138789 210 139293 206 139800 199 140308 191 140833 166 141350 149 141858 141 142360 140 142861 139 143362 138 143864 136 144365 135 144866 134 145368 133 145869 132 146370 131 146871 130 147372 129 147873 128 148374 127 148875 126 149376 125 149877 124 150379 122 150879 122 151381 120 151882 119 152383 118 152885 116 153386 115 153887 114 154388 113 154889 112 155390 111 155891 110 156392 109 156893 108 157394 107 157895 106 158396 104 158897 103 159398 102 159899 100 160400 99 160900 98 161401 96 161902 94 162403 93 162904 91 163405 88 163907 84 164409 80 164913 71 165418 60 165927 42
Russian_Blue_205,41266 5 41762 11 42258 16 42755 19 43252 22 43750 24 44248 26 44747 27 45245 28 45744 29 45789 25 46244 29 46286 36 46743 30 46783 48 47242 98 47352 2 47742 118 48242 122 48743 125 49243 129 49743 132 50243 135 50743 137 51172 4 51242 141 51670 8 51742 143 52168 10 52241 145 52667 12 52741 146 53166 13 53241 148 53665 15 53740 150 54164 16 54239 152 54663 18 54739 153 55162 19 55238 155 55661 20 55737 157 56161 20 56236 159 56660 21 56734 163 57159 23 57233 165 57659 23 57732 168 58158 24 58231 171 58657 25 58729 175 59157 26 59227 179 59656 27 59726 182 60155 28 60224 186 60654 29 60723 189 61153 31 61221 194 61652 32 61720 198 62151 33 62218 203 62651 34 62716 211 63150 36 63214 220 63649 37 63711 227 64148 39 64209 232 64647 41 64706 237 65146 44 65203 243 65646 47 65700 249 66145 306 66644 310 67143 313 67642 318 68141 323 68640 328 69139 332 69638 336 70137 338 70636 341 71135 343 71634 345 72134 346 72633 349 73132 352 73631 355 74131 366 74630 368 75129 370 75628 371 76127 372 76626 374 77125 376 77624 377 78124 377 78623 378 79122 379 79621 380 80120 381 80620 381 81119 382 81618 383 82117 384 82617 384 83116 385 83615 386 84114 387 84613 388 85112 389 85612 389 86111 390 86610 391 87109 392 87608 393 88108 393 88607 394 89106 395 89605 396 90104 397 90603 398 91103 398 91602 399 92101 400 92600 401 93099 402 93598 403 94097 419 94596 425 95095 431 95594 437 96093 443 96591 449 97089 457 97587 463 98082 472 98570 3431 102006 495 102509 492 103011 490 103513 488 104015 486 104516 484 105018 483 105519 482 106020 481 106522 479 107023 478 107525 476 108026 475 108528 473 109029 472 109531 470 110032 469 110533 426 110965 36 111034 424 111467 34 111535 423 111969 32 112036 422 112470 31 112537 210 112775 183 112971 30 113038 193 113292 166 113473 28 113538 186 113807 150 113973 28 114039 181 114313 144 114474 27 114539 177 114818 140 114976 25 115039 172 115324 134 115477 24 115539 168 115833 127 115978 23 116040 163 116339 123 116478 23 116539 161 116845 119 116979 22 117039 158 117349 116 117479 22 117539 155 117853 114 117978 23 118039 151 118358 110 118474 27 118538 150 118867 103 118971 30 119038 147 119372 129 119538 144 119876 125 120038 142 120379 122 120538 138 120881 120 121037 137 121383 118 121537 134 121888 113 122037 130 122393 108 122537 126 122897 104 123037 118 123401 100 123536 113 123907 94 124036 109 124418 83 124536 107 124921 79 125035 106 125435 18 125460 39 125535 105 125942 4 125962 37 126034 104 126465 34 126534 103 126969 29 127033 104 127482 15 127533 103 127985 11 128032 103 128488 7 128532 102 129031 103 129531 102 130031 102 130531 101 131030 102 131530 101 132030 101 132530 100 133030 100 133530 99 134030 98 134530 97 135030 96 135530 95 136030 93 136445 2 136530 92 136943 6 137030 90 137442 10 137531 88 137942 13 138031 87 138441 19 138531 85 138940 25 139032 83 139440 30 139532 82 139939 39 140033 80 140439 41 140533 78 140939 44 141034 76 141438 49 141534 75 141938 51 142035 73 142437 56 142535 72 142937 57 143036 70 143348 1 143437 59 143537 68 143937 59 144037 67 144436 61 144538 65 144936 61 145039 63 145436 62 145539 62 145936 62 146040 60 146436 62 146540 59 146936 62 147041 57 147436 62 147541 56 147936 62 148041 54 148436 62 148541 53 148849 2 148852 16 148936 62 149041 52 149345 27 149436 62 149541 50 149845 28 149937 61 150042 48 150343 32 150438 60 150541 47 150843 33 150938 60 151041 45 151342 36 151438 60 151541 43 151842 37 151938 60 152041 41 152342 38 152438 60 152541 40 152841 41 152938 60 153041 38 153341 42 153438 60 153541 36 153840 45 153938 60 154041 34 154340 46 154438 60 154541 31 154839 48 154938 60 155041 29 155338 50 155438 60 155540 29 155837 51 155938 60 156040 27 156336 53 156439 59 156540 26 156836 53 156939 23 156966 32 157040 24 157335 54 157440 20 157472 25 157539 24 157834 55 157941 19 157973 24 158038 23 158334 55 158441 20 158472 25 158538 21 158834 55 158941 20 158972 25 159037 20 159334 54 159441 19 159472 26 159536 17 159834 54 159939 22 159972 26 160035 15 160334 55 160439 23 160472 26 160534 14 160834 54 160938 24 160971 27 161034 12 161334 54 161439 5 161447 15 161471 27 161533 10 161833 56 161950 11 161975 23 162033 6 162332 57 162452 7 162477 21 162832 58 162954 5 162978 20 163331 60 163455 3 163480 18 163831 60 163982 15 164329 63 164484 13 164827 66 164956 3 164984 13 165325 69 165454 6 165485 12 165823 72 165952 9 165967 12 165985 12 166322 72 166450 31 166484 13 166820 75 166947 50 167320 76 167446 51 167818 78 167918 4 167937 60 168317 78 168417 9 168436 61 168812 83 168916 13 168935 61 169310 84 169415 81 169810 84 169914 78 169995 1 170309 86 170413 75 170809 85 170914 72 171308 86 171413 71 171808 86 171913 71 172311 82 172413 70 172816 76 172913 61 173318 73 173414 59 173819 71 173915 57 174320 69 174417 57 174820 68 174917 69 175321 67 175420 67 175822 65 175922 9 175932 55 176323 64 176432 56 176824 63 176932 57 176992 2 177325 62 177426 70 177826 61 177928 1 177930 59 177990 5 178326 60 178429 60 178491 3 178827 59 178930 57 179328 58 179430 56 179829 56 179930 55 180331 52 180432 50 180833 39 180934 44 181334 35 181435 42 181836 29 181937 37 182339 24 182439 30 182841 18 182941 24 183345 8 183444 11
Ragdoll_91,24906 6 25238 10 25571 12 25904 14 26237 16 26571 17 26904 19 27237 21 27571 22 27904 24 28238 24 28572 25 28905 26 29239 27 29572 28 29906 29 30240 29 30573 31 30907 31 31241 31 31574 33 31908 33 32242 33 32576 34 32909 35 33243 35 33577 35 33911 36 34244 37 34578 37 34912 37 35246 38 35580 38 35913 39 36247 40 36581 40 36915 40 37248 42 37582 42 37916 43 38249 44 38583 45 38916 46 39249 48 39582 49 39916 50 40248 52 40576 59 40898 72 41228 76 41560 79 41891 83 42223 86 42555 89 42887 92 43220 94 43552 96 43884 99 44217 100 44549 103 44882 104 45215 105 45547 108 45880 109 46213 110 46545 113 46878 114 47211 115 47543 117 47875 119 48208 121 48540 123 48873 124 49205 126 49536 129 49868 131 50165 5 50200 134 50496 17 50532 136 50828 27 50864 138 51162 174 51496 174 51830 174 52165 173 52499 173 52834 173 53169 172 53504 171 53839 170 54173 170 54508 169 54843 168 55178 168 55513 167 55848 166 56183 165 56518 164 56853 163 57188 162 57523 161 57858 161 58193 160 58528 159 58863 158 59197 158 59532 157 59867 156 60201 156 60536 155 60871 154 61206 153 61541 152 61876 151 62210 151 62544 151 62878 151 63210 153 63542 155 63865 7 63873 158 64196 169 64528 170 64860 172 65193 173 65525 175 65858 176 66191 177 66524 178 66857 179 67190 179 67523 180 67857 180 68190 181 68523 182 68857 181 69190 182 69524 182 69857 182 70191 182 70525 182 70859 181 71192 182 71526 182 71859 183 72193 182 72526 183 72860 183 73193 184 73527 184 73860 185 74194 185 74527 186 74860 187 75193 188 75526 189 75859 191 76191 193 76524 194 76857 195 77189 197 77522 198 77855 200 78189 200 78521 202 78855 202 79188 203 79521 204 79851 208 80185 208 80518 210 80853 209 81187 209 81521 209 81855 209 82189 209 82523 209 82857 209 83191 209 83525 209 83859 209 84193 209 84527 208 84861 208 85195 208 85529 208 85863 208 86196 209 86530 208 86863 209 87197 209 87530 210 87857 1 87864 210 88191 3 88197 210 88524 3 88531 210 88858 2 88865 210 89199 210 89533 209 89868 208 90201 209 90535 209 90870 207 91203 208 91537 208 91871 208 92205 207 92539 207 92873 207 93206 207 93540 207 93874 207 94208 207 94542 206 94875 207 95209 207 95543 207 95877 206 96211 206 96545 206 96879 206 97212 207 97546 207 97880 206 98214 206 98547 207 98881 207 99215 207 99549 207 99883 207 100216 208 100550 208 100884 208 101218 208 101552 208 101886 208 102220 208 102554 208 102888 208 103222 208 103556 209 103890 209 104224 209 104558 209 104892 209 105226 209 105560 209 105894 209 106228 209 106562 209 106896 209 107230 209 107564 209 107898 209 108232 209 108566 209 108900 209 109235 208 109569 208 109903 208 110237 208 110571 208 110906 207 111240 207 111574 207 111908 207 112242 207 112577 206 112911 206 113245 206 113579 206 113914 205 114248 205 114582 205 114916 205 115250 205 115585 204 115919 204 116253 204 116587 203 116921 203 117255 203 117590 202 117924 202 118258 202 118592 202 118926 202 119260 202 119594 202 119928 202 120262 202 120596 202 120930 202 121264 202 121598 202 121933 201 122267 201 122601 201 122935 201 123269 201 123603 201 123937 201 124271 201 124605 201 124939 201 125272 202 125606 202 125940 202 126274 202 126608 202 126942 202 127276 202 127610 203 127944 203 128278 203 128612 203 128946 203 129280 203 129614 203 129948 203 130282 203 130616 203 130950 203 131284 203 131618 203 131952 203 132286 203 132620 203 132954 203 133288 202 133622 202 133956 202 134290 202 134624 201 134958 201 135292 201 135626 200 135960 200 136294 199 136628 199 136963 197 137297 196 137631 196 137965 195 138299 195 138633 194 138967 194 139302 192 139636 191 139970 191 140305 189 140639 189 140973 188 141308 187 141642 186 141976 186 142311 184 142645 184 142979 184 143314 182 143648 182 143983 180 144317 180 144652 179 144986 178 145321 177 145655 177 145990 175 146325 174 146659 173 146994 172 147328 172 147663 171 147998 169 148332 169 148667 168 149002 167 149337 165 149671 165 150006 164 150341 162 150676 161 151011 160 151347 158 151682 156 152017 155 152352 154 152687 153 153022 151 153357 150 153692 149 154027 147 154361 147 154696 146 155030 145 155365 144 155699 144 156033 143 156368 142 156702 142 157036 141 157370 141 157704 141 158038 140 158372 140 158706 139 159040 139 159374 139 159708 138 160041 139 160375 138 160709 138 161043 138 161377 137 161711 137 162045 136 162379 136 162713 135 163047 135 163381 134 163715 134 164049 134 164383 133 164718 102 164828 22 165052 97 165164 19 165387 92 165499 18 165722 88 165835 15 166058 83 166169 15 166395 77 166504 14 166732 71 166839 12
Bombay_7,22263 10 22595 13 22927 15 23259 16 23591 18 23923 19 24255 21 24587 22 24919 23 25210 11 25251 24 25540 18 25583 26 25871 23 25913 29 26199 76 26528 80 26856 85 27181 93 27510 97 27836 104 28165 108 28495 112 28825 115 29155 118 29485 121 29815 124 30146 126 30477 128 30808 130 31139 132 31469 135 31800 137 32132 138 32463 141 32794 143 33126 144 33457 146 33789 147 34120 149 34452 150 34784 151 35115 153 35447 154 35779 155 36110 157 36442 158 36774 159 37106 160 37438 161 37770 162 38102 163 38434 164 38766 165 39098 166 39430 166 39762 167 40094 168 40426 169 40758 170 41091 170 41423 171 41755 172 42088 172 42420 173 42753 173 43085 174 43418 174 43750 174 44083 174 44415 175 44748 175 45080 176 45413 176 45746 175 46078 176 46411 176 46744 176 47076 176 47409 176 47742 175 48075 175 48407 175 48740 175 49073 174 49406 174 49739 173 50071 173 50404 173 50737 172 51070 171 51403 170 51735 171 52068 170 52401 169 52734 169 53067 168 53399 169 53732 168 54065 168 54398 167 54730 168 55063 168 55396 168 55729 167 56062 167 56395 167 56727 167 57060 167 57393 167 57726 167 58058 167 58391 167 58724 167 59056 168 59389 168 59721 169 60054 168 60386 169 60662 4 60719 169 60994 9 61051 170 61327 12 61383 171 61660 14 61715 172 61993 18 62046 174 62326 20 62377 175 62660 22 62708 177 62993 25 63037 181 63327 27 63367 184 63660 223 63994 208 64209 7 64327 207 64543 5 64661 204 64994 204 65327 203 65661 195 65857 7 65994 194 66328 192 66661 191 66995 190 67328 190 67661 190 67995 190 68328 190 68523 1 68525 1 68527 1 68662 190 68856 1 68858 3 68995 191 69188 6 69328 199 69662 199 69995 199 70328 200 70661 201 70995 201 71328 201 71661 202 71994 202 72327 203 72660 203 72993 204 73326 204 73659 204 73992 204 74325 205 74658 205 74991 205 75324 205 75657 205 75990 205 76323 205 76656 205 76989 206 77321 207 77654 207 77987 123 78120 74 78320 121 78461 66 78652 120 78797 63 78985 119 79133 60 79318 118 79469 57 79650 117 79804 56 79983 116 80140 53 80316 115 80476 50 80648 115 80812 47 80981 114 81148 44 81313 113 81483 43 81646 112 81819 40 81978 112 82156 36 82310 111 82505 20 82643 110 82841 17 82975 110 83176 15 83307 109 83511 14 83639 109 83845 13 83971 109 84180 11 84304 107 84514 10 84636 106 84848 9 84968 78 85059 12 85182 8 85300 75 85515 8 85632 75 85849 7 85964 74 86183 6 86296 73 86516 6 86628 73 86849 6 86961 71 87183 5 87293 70 87516 5 87626 68 87850 4 87959 66 88183 3 88293 64 88516 3 88627 60 88849 3 88962 56 89183 2 89297 52 89516 1 89634 45 89995 15 90333 9 90668 5
Bengal_139,9476 4 9700 7 9924 10 10149 12 10374 13 10599 15 10824 17 11050 18 11275 20 11500 22 11726 23 11951 25 12177 26 12402 28 12628 29 12854 30 13079 32 13193 7 13305 33 13416 12 13530 34 13640 15 13756 35 13864 18 13982 36 14089 19 14207 37 14313 23 14433 38 14538 27 14659 40 14762 43 14884 43 14987 49 15110 45 15212 52 15336 46 15436 55 15562 47 15661 57 15787 49 15886 58 16013 51 16110 61 16239 59 16335 62 16464 64 16560 63 16690 71 16784 65 16916 74 17009 66 17141 77 17233 67 17367 80 17457 69 17592 82 17682 70 17818 159 18044 159 18269 160 18495 160 18720 160 18946 160 19171 160 19396 161 19622 160 19847 161 20073 160 20298 160 20523 161 20748 161 20973 162 21198 162 21423 163 21648 163 21873 163 22098 164 22323 164 22548 165 22773 165 22997 167 23222 167 23447 168 23672 168 23897 169 24122 169 24347 170 24572 170 24797 171 25022 172 25247 172 25472 173 25697 174 25921 177 26146 178 26371 179 26596 180 26821 180 27046 180 27270 181 27495 181 27720 181 27945 181 28170 181 28394 182 28619 182 28844 182 29069 182 29293 183 29518 183 29743 183 29968 183 30192 184 30417 184 30642 184 30867 184 31092 184 31316 185 31541 185 31766 185 31990 186 32215 186 32440 186 32665 186 32890 186 33114 187 33339 187 33564 187 33789 187 34013 188 34238 188 34463 188 34687 189 34912 189 35136 190 35360 191 35584 192 35809 192 36033 193 36257 194 36480 196 36704 197 36928 198 37152 199 37375 201 37599 202 37822 204 38046 205 38269 207 38492 209 38714 212 38937 214 39158 218 39380 3707 43098 211 43325 159 43496 34 43550 142 43723 27 43776 137 43951 19 44002 130 44178 13 44227 120 44453 98 44554 7 44679 97 44905 96 45131 95 45358 93 45585 91 45812 88 46039 82 46266 78 46493 74 46720 70 46946 67 47173 63 47400 59 47626 48 47852 43 48078 40 48306 35 48539 23 48771 14 48999 10
Bengal_153,27176 2 27390 23 27609 33 27830 41 28051 48 28271 55 28492 60 28713 65 28934 69 29156 73 29378 76 29601 79 29824 81 30047 84 30270 87 30494 89 30717 92 30941 94 31165 96 31389 98 31613 99 31837 101 32061 102 32284 105 32508 106 32731 108 32954 111 33176 114 33398 117 33587 12 33604 5 33619 121 33810 155 34034 156 34260 156 34486 155 34712 154 34939 152 35165 150 35392 148 35619 146 35845 145 36071 144 36296 144 36521 144 36747 143 36972 143 37197 144 37422 144 37647 144 37872 144 38097 144 38322 144 38547 144 38771 145 38996 145 39220 134 39358 7 39381 12 39444 133 39605 24 39668 132 39830 26 39891 133 40056 25 40114 134 40285 20 40337 136 40514 5 40562 135 40786 134 41010 134 41234 134 41458 43 41541 50 41682 40 41775 40 41906 37 42003 35 42129 33 42231 29 42351 30 42460 21 42574 24 42796 22 43021 18 43248 13 43480 3
chihuahua_15,34959 1 35456 7 35954 10 36453 11 36952 13 37451 14 37950 15 38449 16 38948 17 39447 18 39946 19 40445 20 40944 21 41442 23 41941 24 42440 24 42938 26 43436 28 43934 30 44432 32 44930 34 45429 34 45926 37 46423 40 46920 43 47415 47 47910 52 48404 58 48899 62 49392 69 49887 73 50380 79 50875 84 51369 89 51865 92 52362 95 52858 98 53355 100 53851 102 54346 106 54842 109 55337 113 55833 115 56327 119 56819 126 57310 133 57793 148 58287 153 58784 155 59281 157 59779 157 60277 158 60776 158 61274 159 61773 160 62140 6 62271 161 62638 10 62770 161 63136 14 63269 161 63636 16 63767 163 64135 18 64266 163 64634 20 64764 164 65134 22 65262 165 65633 24 65759 167 66133 25 66257 168 66632 27 66755 169 67132 28 67252 171 67631 30 67749 173 68131 32 68246 176 68631 33 68744 177 69130 35 69241 179 69630 36 69738 181 70130 37 70236 182 70629 39 70733 184 71129 40 71231 186 71629 41 71728 188 72128 43 72225 190 72628 45 72722 193 73128 46 73218 196 73627 49 73714 200 74127 50 74211 202 74626 53 74707 206 75126 56 75200 212 75626 286 76125 286 76624 287 77124 287 77623 287 78123 287 78622 288 79122 287 79621 288 80121 288 80621 288 81120 288 81620 288 82120 288 82620 288 83120 288 83620 288 84120 288 84620 288 85120 288 85620 288 86120 288 86620 288 87120 287 87620 287 88120 287 88620 287 89120 288 89620 288 90120 288 90620 289 91120 289 91620 290 92120 290 92620 291 93120 292 93621 293 94121 294 94436 4 94621 296 94934 6 95121 298 95430 11 95621 319 96121 319 96621 319 97121 318 97621 318 98121 318 98621 317 99121 317 99621 316 100121 316 100621 315 101120 316 101620 315 102120 315 102620 314 103120 314 103620 313 104120 312 104620 312 104951 11 105119 313 105447 17 105619 314 105943 22 106119 347 106619 347 107119 348 107619 348 108119 348 108619 349 109119 349 109619 349 110119 349 110620 348 111120 348 111620 348 112120 348 112620 348 113120 348 113620 348 114120 348 114620 348 115121 347 115621 347 116121 346 116621 346 117121 346 117621 345 118121 345 118621 344 119121 344 119622 342 120122 341 120622 340 121122 339 121623 337 122123 335 122623 333 123123 331 123623 328 124123 325 124623 321 125123 317 125624 313 126124 311 126624 309 127125 306 127625 304 128125 302 128626 299 129126 298 129626 297 130126 295 130627 293 131127 293 131628 291 132128 291 132629 290 133129 289 133629 289 134130 289 134630 289 135130 290 135631 293 136131 296 136631 297 137131 298 137632 298 138132 299 138632 300 139132 300 139632 301 140133 300 140633 301 141133 301 141633 301 142133 301 142634 300 143134 94 143247 187 143634 86 143765 169 144134 81 144273 161 144634 78 144779 154 145135 74 145288 145 145635 72 145806 126 146135 69 146313 118 146635 67 146821 108 147136 64 147329 95 147636 62 147836 80 148136 61 148340 71 148636 60 148844 63 149137 58 149348 57 149637 57 149853 49 150137 56 150379 21 150638 54 150887 10 151138 53 151639 51 152139 51 152640 49 153141 47 153641 47 154142 45 154643 43 155143 42 155644 40 156144 40 156645 38 157146 37 157646 36 158147 35 158648 33 159148 33 159649 32 160150 30 160650 30 161151 29 161652 28 162153 27 162654 26 163155 25 163655 25 164156 24 164657 24 165158 23 165658 23 166159 23 166659 23 167160 22 167660 21 168161 20 168662 18 169162 18 169663 16 170163 15 170663 13 171164 11 171664 9 172165 6 172665 5 173165 5 173665 4 174165 3
keeshond_132,8 102 140 181 381 106 515 182 755 109 890 182 1129 111 1265 183 1503 114 1640 183 1877 116 2014 185 2251 117 2390 184 2626 117 2765 185 3001 118 3140 186 3376 118 3515 187 3751 119 3890 188 4126 119 4266 188 4501 120 4641 189 4876 120 5017 189 5251 121 5392 190 5626 121 5768 190 6001 122 6143 191 6376 122 6519 191 6751 123 6895 190 7126 123 7270 191 7501 124 7646 191 7876 124 8021 192 8251 124 8397 192 8626 125 8773 191 9001 125 9148 192 9376 126 9524 192 9751 126 9900 192 10126 127 10275 193 10501 127 10650 193 10876 127 11025 194 11251 127 11401 194 11626 127 11776 195 12001 128 12151 196 12376 128 12526 197 12751 127 12902 197 13126 127 13277 197 13501 127 13652 198 13876 127 14027 199 14251 127 14402 200 14626 127 14777 201 15001 127 15152 202 15376 127 15528 202 15751 128 15903 203 16126 128 16278 205 16501 128 16653 206 16876 128 17027 208 17251 129 17402 208 17626 129 17776 210 18001 129 18151 211 18378 127 18525 213 18754 127 18900 215 19129 127 19274 217 19505 127 19649 218 19880 128 20024 219 20256 128 20398 223 20632 127 20772 226 21008 127 21146 227 21384 126 21519 230 21759 127 21887 3 21892 233 22135 126 22262 3 22267 234 22511 365 22886 365 23262 364 23638 363 24014 362 24389 362 24765 361 25140 361 25516 360 25892 359 26267 359 26643 358 27019 357 27394 357 27770 356 28146 355 28521 355 28897 354 29273 353 29649 352 30024 352 30400 351 30776 350 31152 349 31528 348 31903 348 32279 347 32655 346 33030 346 33406 345 33782 344 34157 344 34533 343 34909 342 35285 341 35660 341 36036 340 36412 339 36787 339 37163 338 37539 337 37915 336 38292 334 38668 333 39044 332 39420 331 39797 329 40173 328 40550 326 40926 325 41303 323 41679 322 42055 321 42431 320 42807 319 43183 318 43559 317 43935 316 44310 316 44686 315 45062 314 45438 313 45814 312 46190 311 46565 311 46941 310 47316 310 47692 309 48067 309 48443 308 48818 308 49193 308 49569 307 49944 307 50319 307 50695 306 51069 307 51444 307 51819 307 52193 308 52567 309 52941 310 53316 310 53689 312 54063 313 54437 314 54811 315 55184 317 55557 319 55930 321 56302 324 56675 326 57049 327 57422 329 57796 330 58170 331 58545 331 58919 332 59294 332 59669 332 60044 332 60419 332 60794 332 61169 332 61545 331 61920 331 62296 330 62672 329 63047 329 63423 178 63603 148 63798 176 63982 144 64174 174 64358 143 64549 173 64733 143 64925 173 65109 142 65301 172 65486 140 65676 172 65862 139 66052 172 66237 139 66427 173 66613 138 66802 173 66988 138 67178 173 67363 138 67553 174 67738 138 67929 173 68112 139 68304 174 68486 140 68680 175 68859 142 69055 321 69431 320 69806 320 70182 319 70557 319 70933 318 71309 317 71685 316 72061 315 72436 315 72812 314 73188 313 73563 313 73939 312 74314 312 74690 311 75066 310 75441 310 75817 309 76193 308 76568 308 76944 307 77319 307 77695 306 78070 306 78446 305 78821 305 79197 304 79572 304 79947 304 80323 303 80698 303 81073 303 81449 302 81824 302 82199 302 82574 302 82949 302 83325 301 83700 301 84075 301 84450 301 84825 301 85200 301 85575 301 85950 301 86325 301 86700 301 87075 301 87450 301 87825 301 88200 301 88575 301 88950 301 89325 301 89700 301 90075 301 90449 302 90824 302 91199 302 91574 302 91949 302 92324 302 92698 303 93073 303 93448 303 93823 303 94197 304 94572 304 94947 304 95321 305 95696 305 96071 305 96446 305 96820 306 97195 306 97570 306 97944 307 98319 307 98694 307 99068 308 99443 308 99818 308 100193 308 100567 309 100942 309 101316 310 101691 310 102066 157 102226 150 102440 155 102603 148 102815 154 102978 148 103189 154 103354 147 103564 153 103729 147 103939 153 104104 147 104314 153 104479 147 104688 153 104854 147 105063 153 105229 147 105438 153 105603 148 105812 154 105977 149 106187 156 106351 150 106562 159 106723 153 106936 315 107311 315 107686 315 108060 316 108435 316 108809 314 109184 312 109558 310 109932 310 110307 308 110681 308 111056 307 111430 307 111805 306 112179 306 112554 305 112929 304 113304 303 113679 302 114054 301 114430 298 114805 297 115181 294 115557 291 115934 287 116311 283 116688 279 117066 273 117443 269 117820 265 118198 260 118576 256 118953 252 119331 247 119708 243 120087 238 120466 232 120845 226 121225 220 121604 214 121984 206 122362 202 122744 193 123125 184 123503 179 123881 173 124259 167 124635 164 125013 159 125390 154 125766 151 126144 145 126521 140 126899 133 127278 125 127657 118 128041 107 128421 99 128799 93 129178 82 129555 78 129933 72 130312 65 130690 59 131068 53 131455 32 131835 13
Bombay_210,145 21 353 24 561 26 768 29 976 31 1184 33 1391 35 1597 39 1803 42 2008 47 2212 52 2418 55 2623 59 2829 62 3037 63 3244 65 3452 66 3659 68 3867 69 4075 70 4283 71 4490 73 4698 74 4907 74 5115 75 5323 77 5531 78 5739 80 5947 81 6156 82 6364 84 6572 86 6781 87 6989 89 7197 91 7405 93 7614 94 7822 96 8030 98 8239 98 8447 100 8656 100 8864 101 9073 101 9281 103 9490 103 9698 104 9907 104 10116 104 10324 105 10533 106 10742 106 10950 107 11159 107 11368 107 11576 108 11785 108 11994 108 12203 108 12411 109 12620 110 12829 110 13038 110 13246 111 13455 111 13664 111 13873 111 14081 113 14290 113 14499 113 14708 113 14917 113 15126 113 15334 114 15543 114 15752 115 15961 115 16170 115 16379 115 16588 115 16797 115 17006 115 17215 115 17424 115 17633 115 17842 115 18051 116 18260 116 18469 116 18678 116 18887 116 19096 116 19305 116 19514 116 19723 116 19932 116 20141 116 20350 116 20559 115 20768 115 20977 115 21186 115 21395 115 21604 114 21813 114 22022 114 22231 113 22440 113 22649 113 22858 112 23067 112 23276 112 23486 111 23695 111 23904 111 24113 110 24323 109 24532 109 24741 109 24951 108 25160 108 25369 108 25579 107 25788 107 25997 107 26207 106 26416 106 26626 104 26835 104 27044 104 27254 103 27463 103 27673 102 27882 102 28092 101 28301 101 28511 100 28720 100 28929 99 29139 98 29348 98 29557 98 29767 96 29976 96 30185 96 30394 95 30603 95 30812 95 31021 94 31230 94 31439 93 31647 94 31856 94 32064 94 32273 94 32481 95 32688 96 32896 97 33104 98 33311 99 33519 100 33726 102 33934 103 34141 105 34326 12 34347 107 34534 129 34743 129 34952 129 35161 129 35371 128 35581 127 35791 126 36001 125 36212 123 36422 122 36632 121 36842 120 37052 119 37262 118 37471 118 37681 117 37890 117 38099 117 38309 116 38518 116 38727 116 38936 116 39145 116 39354 117 39564 116 39773 116 39982 116 40191 116 40400 116 40609 116 40818 116 41027 116 41236 116 41445 117 41654 117 41863 117 42072 117 42281 117 42490 117 42698 118 42907 118 43116 119 43325 119 43534 119 43743 119 43952 119 44161 119 44370 119 44578 120 44787 120 44996 120 45205 121 45413 122 45622 122 45830 123 46039 123 46247 124 46456 124 46664 125 46872 126 47080 127 47288 128 47496 129 47703 131 47911 22 47938 105 48120 11 48151 65 48226 26 48328 9 48363 58 48437 24 48537 7 48575 50 48648 22 48746 4 48786 23 48822 5 48858 22 48998 16 49069 20 49212 4 49279 19 49489 18 49699 17 49908 17 50118 16 50328 15 50538 15 50747 15 50957 14 51166 14 51376 13 51585 13 51795 12 52004 13 52214 12 52423 12 52633 12 52843 11 53055 8 53265 7 53475 6 53685 6 53894 6 54104 5 54313 5 54522 5 54732 5 54941 5 55150 5 55359 5 55568 5 55777 5 55986 5 56195 6 56404 6 56613 6 56822 6 57031 6 57241 5 57450 5 57659 5 57868 5 58077 5 58286 5 58495 5 58704 5 58913 5 59122 5 59331 5 59540 5 59750 4 59959 4 60168 4 60378 2
havanese_16,28103 5 28433 10 28764 13 29095 17 29426 20 29757 22 30089 24 30420 26 30752 28 31084 30 31415 32 31747 34 32079 35 32411 37 32743 38 33075 39 33407 41 33740 41 34072 42 34404 43 34736 45 35067 47 35399 48 35731 50 36063 51 36394 53 36726 54 37058 55 37390 56 37721 58 38053 59 38385 60 38717 61 39049 61 39381 62 39712 64 40044 65 40376 65 40708 66 41040 67 41372 68 41703 70 42035 71 42366 73 42697 76 43029 77 43361 79 43693 80 44025 82 44357 83 44689 85 45022 87 45354 89 45686 93 46019 94 46351 97 46684 99 47016 103 47349 106 47681 109 48014 114 48346 119 48678 123 49010 127 49343 129 49675 132 50006 136 50338 139 50670 142 51003 145 51335 149 51667 154 51999 163 52331 185 52664 193 52996 198 53329 201 53661 206 53994 209 54327 212 54660 216 54993 218 55325 221 55658 225 55991 227 56230 7 56324 246 56657 247 56990 247 57323 247 57656 247 57989 247 58322 248 58655 248 58987 249 59320 249 59653 248 59986 248 60320 247 60653 247 60986 247 61319 247 61652 247 61985 247 62318 247 62651 162 62816 82 62984 162 63149 82 63317 162 63483 81 63651 162 63816 81 63984 162 64148 82 64317 163 64482 81 64650 163 64815 81 64983 246 65316 246 65650 245 65983 245 66316 245 66649 245 66982 245 67316 244 67649 244 67982 244 68315 244 68648 243 68981 243 69314 243 69647 243 69980 242 70313 242 70646 241 70979 241 71312 240 71645 240 71978 239 72311 238 72644 237 72977 236 73310 235 73644 232 73977 231 74310 231 74643 230 74976 228 75309 228 75642 227 75975 225 76308 225 76641 224 76974 223 77307 222 77640 222 77973 221 78306 221 78639 220 78972 220 79305 219 79638 219 79971 219 80304 218 80636 219 80969 219 81302 218 81635 218 81968 218 82301 218 82633 218 82966 218 83299 218 83632 218 83965 218 84298 218 84631 218 84963 219 85296 219 85629 142 85784 64 85962 140 86122 20 86143 38 86295 139 86478 36 86628 139 86811 36 86961 138 87144 36 87294 137 87477 36 87627 137 87809 37 87960 137 88141 37 88293 137 88472 39 88626 137 88803 41 88959 137 89134 42 89292 137 89465 44 89625 137 89797 44 89958 137 90129 45 90291 137 90461 46 90624 138 90793 46 90957 138 91125 47 91291 138 91457 47 91624 139 91788 49 91957 140 92120 50 92290 141 92451 51 92623 144 92781 54 92956 148 93109 58 93290 210 93623 209 93956 209 94289 208 94622 208 94955 208 95288 207 95622 205 95955 205 96288 205 96621 204 96954 204 97287 203 97620 203 97953 202 98286 201 98620 199 98953 199 99286 198 99619 197 99952 196 100286 194 100619 193 100953 191 101286 190 101620 187 101953 186 102287 184 102620 183 102954 181 103288 179 103622 178 103956 176 104289 174 104623 173 104957 172 105290 171 105624 170 105958 168 106292 167 106625 166 106959 165 107292 165 107626 163 107960 162 108293 162 108627 161 108961 160 109295 159 109628 158 109962 157 110296 156 110630 155 110964 154 111298 153 111632 152 111967 150 112301 149 112635 149 112970 147 113304 145 113638 116 113759 23 113972 112 114096 18 114306 108 114436 10 114640 104 114774 3 114975 99 115309 96 115644 93 115978 90 116312 88 116647 85 116981 83 117316 56 117378 18 117650 53 117713 16 117985 50 118047 14 118319 47 118381 13 118654 42 118715 11 118989 38 119048 11 119323 33 119382 9 119657 29 119715 9 119991 26 120049 7 120325 23 120383 5 120659 21 120993 19 121328 16 121662 14 121997 11 122331 9 122666 6
yorkshire_terrier_25,60982 3 61355 7 61728 10 62102 12 62476 14 62849 17 63222 19 63595 22 63968 25 64341 28 64712 33 65085 36 65458 39 65830 43 66202 47 66575 50 66948 53 67321 56 67694 59 68067 61 68440 64 68814 65 69188 67 69561 69 69935 70 70308 73 70682 74 71055 76 71428 79 71802 80 72175 82 72548 85 72921 87 73295 89 73669 90 74042 93 74416 94 74790 95 75164 97 75538 98 75912 100 76286 101 76659 104 77033 105 77406 108 77780 109 78153 112 78527 113 78901 115 79275 116 79649 117 80024 118 80398 119 80773 119 81147 120 81522 121 81896 122 82271 123 82405 5 82646 123 82777 10 83020 125 83150 13 83395 126 83524 15 83769 127 83899 16 84144 147 84519 148 84893 150 85268 151 85642 153 86017 154 86392 156 86766 137 86904 23 87141 135 87282 21 87464 10 87515 135 87660 21 87832 19 87890 134 88038 19 88205 23 88264 135 88414 19 88578 26 88639 135 88791 18 88951 29 89013 135 89168 16 89324 32 89387 136 89544 15 89697 35 89762 136 89921 13 90047 9 90070 39 90136 137 90298 11 90420 66 90510 138 90675 8 90794 70 90884 138 91168 74 91258 139 91543 79 91630 141 91918 228 92293 227 92669 225 93044 224 93419 223 93795 220 94171 218 94546 216 94922 213 95297 210 95673 208 96048 206 96424 204 96800 202 97175 201 97551 199 97927 197 98303 196 98678 196 99054 194 99429 194 99805 193 100180 193 100556 192 100931 192 101306 192 101681 192 102056 192 102432 191 102807 191 103182 192 103557 192 103932 192 104306 194 104681 194 105056 194 105430 196 105805 196 106179 198 106554 198 106928 200 107302 201 107676 202 108048 206 108419 210 108792 213 109166 214 109539 217 109912 220 110286 221 110660 223 111034 224 111408 226 111783 226 112157 228 112532 228 112907 228 113283 227 113658 228 114034 110 114147 2 114161 100 114410 101 114542 94 114788 95 114925 19 114953 58 115167 89 115331 55 115545 84 115710 51 115923 80 116087 49 116300 76 116464 47 116677 73 116841 45 117053 70 117218 43 117429 68 117594 42 117806 64 117970 41 118182 61 118346 39 118558 58 118722 38 118934 53 119098 36 119310 49 119474 33 119686 41 119849 29 120062 36 120225 17 120438 33 120601 14 120813 31 120976 11 121188 30 121352 8 121563 29 121729 4 121938 28 122313 27 122689 25 123011 5 123065 22 123384 10 123441 20 123759 10 123819 16 124134 8 124195 14 124572 11 124948 9 125325 5
saint_bernard_16,21693 2 22067 3 22441 4 22815 4 23190 4 23564 4 23938 5 24313 5 24687 5 25062 5 25436 5 25811 5 26185 6 26560 5 26934 6 27309 5 27683 6 28058 6 28432 6 28807 6 29181 6 29556 6 29930 7 30305 6 30679 7 31054 7 31428 7 31803 7 32178 7 32552 7 32927 7 33301 8 33676 7 34050 8 34425 8 34799 8 35174 8 35548 9 35922 9 36297 9 36671 10 37045 10 37419 11 37793 11 38167 12 38541 12 38914 14 39288 14 39661 16 40032 20 40403 23 40764 37 41131 45 41504 46 41877 48 42250 50 42623 51 42995 54 43367 57 43735 64 44105 68 44478 70 44851 72 45224 74 45598 75 45972 76 46346 77 46720 78 47094 79 47468 80 47843 80 48217 81 48591 82 48966 82 49340 83 49715 83 50089 84 50463 86 50838 86 51212 87 51587 87 51961 88 52336 88 52711 88 53085 89 53460 89 53835 89 54210 89 54584 90 54959 90 55334 90 55709 90 56084 90 56459 90 56834 90 57209 89 57584 89 57959 89 58334 89 58709 89 59084 89 59460 88 59835 88 60210 88 60586 87 60961 87 61337 86 61712 87 62088 86 62463 86 62839 85 63214 85 63590 84 63966 83 64342 82 64718 81 65095 80 65472 78 65848 77 66224 76 66600 75 66977 74 67353 73 67728 73 68104 72 68479 72 68855 72 69230 72 69605 72 69981 72 70356 72 70731 72 71106 73 71481 73 71856 74 72232 74 72607 75 72982 76 73078 29 73357 78 73448 35 73732 79 73820 39 74107 128 74482 128 74857 128 75232 129 75607 128 75982 128 76357 127 76732 127 77107 95 77214 19 77482 90 77597 10 77857 88 77976 4 78232 86 78607 83 78982 81 79357 78 79732 75 80107 71 80482 68 80857 66 81232 65 81607 64 81982 63 82357 63 82732 62 83107 61 83482 61 83857 60 84232 60 84607 60 84982 59 85357 59 85732 59 86106 60 86481 60 86856 60 87231 60 87606 59 87981 59 88356 59 88731 59 89106 59 89481 59 89856 59 90231 59 90606 59 90981 59 91356 59 91731 59 92107 58 92482 58 92857 59 93232 59 93607 59 93982 60 94357 60 94732 60 95107 61 95482 61 95857 62 96232 63 96322 2 96607 64 96695 5 96982 65 97068 7 97357 66 97441 9 97732 68 97814 10 98107 69 98186 13 98482 92 98857 91 99232 91 99607 90 99982 90 100357 90 100732 90 101107 89 101482 89 101857 89 102232 88 102607 88 102983 86 103358 86 103733 85 104108 84 104484 82 104859 63 104928 12 105234 61 105306 8 105610 59 105685 1 105985 58 106361 56 106736 55 107112 53 107487 52 107863 51 108239 49 108614 49 108990 47 109366 46 109741 46 110117 44 110493 43 110868 43 111244 42 111620 41 111995 41 112371 40 112747 39 113123 38 113500 36 113876 35 114252 35 114628 34 115005 33 115381 33 115757 33 116133 32 116509 32 116887 30 117263 30 117640 28 118017 27 118394 26 118771 24 119149 22 119526 21 119904 18 120280 18 120657 16 121033 16 121409 15 121785 15 122161 14 122537 13 122913 12 123289 12 123665 11 124041 10 124416 10 124792 9 125168 8 125544 7 125919 7 126295 6 126671 5 127046 5 127422 4 127798 3 128174 1
newfoundland_48,65722 15 66217 23 66713 28 67206 37 67275 7 67699 46 67768 19 68194 54 68262 28 68691 101 69188 106 69685 111 70183 115 70682 119 71180 123 71678 127 72176 132 72674 136 73173 140 73672 143 74171 147 74670 151 75169 155 75668 159 76167 163 76666 166 77165 169 77665 171 78164 173 78663 176 79162 178 79661 181 80161 182 80660 184 81159 187 81659 188 82158 191 82657 194 83157 195 83656 198 84156 200 84655 203 85155 206 85654 210 86154 213 86654 216 87153 220 87653 222 88153 224 88652 228 89152 231 89652 234 90151 239 90651 242 91151 244 91651 245 92150 246 92650 247 93150 247 93650 247 94149 248 94649 248 95149 247 95649 247 96149 246 96649 246 97148 246 97648 246 98149 244 98649 243 99149 241 99649 239 100149 233 100649 223 101149 219 101649 217 102148 216 102648 215 103148 214 103648 213 104148 212 104648 212 105148 211 105648 211 106148 211 106648 211 107148 210 107649 209 108149 209 108649 210 109149 210 109650 209 110150 209 110650 209 111150 209 111651 208 112151 209 112651 209 113151 209 113652 208 114152 208 114652 208 115152 208 115653 208 116153 208 116653 209 117153 209 117654 209 118154 210 118654 210 119154 211 119655 212 120155 213 120656 214 121156 215 121656 216 122157 216 122657 218 123158 217 123659 217 124159 218 124660 217 125160 218 125661 217 126162 216 126662 216 127163 215 127664 214 128165 213 128665 212 129166 210 129667 208 130168 204 130668 200 131169 193 131670 187 132171 182 132672 176 133174 171 133676 165 134178 161 134680 157 135182 153 135684 149 136186 145 136688 140 137190 136 137692 132 138194 53 138262 58 138697 46 138769 45 139200 40 139275 25 139703 35 140206 30 140709 24 141212 18 141717 9
British_Shorthair_141,4734 12 5231 19 5728 25 6223 37 6717 53 7213 82 7709 89 8202 98 8683 119 9177 127 9673 133 10170 137 10667 141 11165 144 11663 147 12160 151 12658 154 13156 157 13653 161 14151 165 14649 168 15147 171 15645 174 16142 177 16641 179 17139 182 17637 185 18134 189 18632 192 19130 195 19629 197 20127 200 20626 202 21122 207 21620 210 22117 214 22615 217 23113 219 23610 223 24107 227 24605 230 25103 233 25602 235 26100 238 26597 241 27095 244 27593 247 28091 250 28588 253 29085 257 29580 262 30070 273 30563 280 31057 287 31551 293 32045 299 32541 304 33038 308 33535 311 34033 314 34531 317 35030 318 35528 321 36027 323 36526 325 37026 325 37526 326 38025 328 38525 329 39025 329 39526 329 40026 329 40526 330 41027 330 41527 330 42028 330 42528 331 43029 330 43530 330 44031 330 44532 330 45033 330 45534 330 46035 329 46536 329 47038 328 47539 328 48040 327 48542 326 49044 325 49545 324 50047 323 50549 322 51050 321 51552 320 52053 319 52554 319 53056 318 53556 318 54057 318 54558 318 55059 317 55559 318 56060 317 56560 318 57061 317 57561 318 58062 317 58563 317 59063 317 59564 317 60065 316 60566 316 61067 316 61567 317 62068 316 62568 317 63069 316 63569 317 64070 316 64570 317 65071 317 65571 317 66071 318 66572 317 67072 318 67572 319 68073 318 68573 319 69074 318 69575 318 70075 319 70576 318 71076 319 71577 319 72077 320 72578 320 73078 321 73579 321 74079 321 74580 321 75080 322 75581 322 76081 324 76581 325 77082 325 77582 326 78082 327 78582 328 79083 328 79583 330 80084 330 80584 332 81084 334 81584 336 82084 338 82584 341 83085 343 83585 346 84085 349 84585 352 85085 355 85586 357 86086 359 86586 361 87086 363 87586 365 88086 367 88587 368 89087 369 89587 371 90087 373 90587 375 91087 376 91587 377 92087 379 92588 379 93088 380 93588 381 94089 381 94589 382 95089 383 95589 384 96089 384 96590 384 97090 385 97590 385 98090 386 98590 386 99090 386 99590 387 100090 387 100590 388 101090 388 101590 388 102090 389 102590 389 103090 389 103591 388 104091 389 104591 389 105091 389 105591 390 106091 390 106591 390 107091 390 107590 391 108090 391 108590 391 109090 391 109590 391 110090 391 110590 391 111090 391 111590 391 112090 391 112590 391 113089 392 113589 392 114090 391 114590 390 115090 390 115590 390 116090 390 116590 390 117090 390 117590 390 118090 390 118590 390 119090 390 119590 390 120090 390 120590 390 121090 390 121590 391 122090 391 122590 391 123090 391 123590 391 124090 391 124590 391 125090 391 125590 391 126090 391 126590 391 127090 391 127590 391 128090 391 128590 391 129090 391 129590 391 130090 391 130590 391 131090 391 131590 392 132090 392 132590 392 133090 393 133590 393 134090 393 134590 393 135090 394 135590 394 136090 394 136590 394 137090 394 137590 394 138090 394 138590 394 139090 394 139590 394 140090 394 140590 394 141090 394 141590 394 142090 51 142163 321 142590 43 142666 318 143089 38 143169 315 143589 36 143671 314 144089 35 144172 313 144589 33 144674 311 145089 31 145175 311 145589 29 145676 310 146089 26 146177 310 146589 24 146678 309 147089 22 147179 308 147589 21 147680 308 148089 19 148180 309 148589 18 148681 308 149089 17 149181 309 149589 15 149681 309 150089 14 150181 310 150589 13 150681 310 151089 12 151181 311 151590 10 151681 312 152090 9 152181 312 152590 7 152680 314 153090 6 153180 315 153591 3 153680 315 154180 316 154679 317 155179 317 155679 317 156178 319 156678 319 157178 319 157677 320 158177 321 158677 321 159176 322 159676 323 160176 323 160676 324 161176 325 161675 326 162175 326 162675 326 163175 326 163675 326 164175 326 164675 326 165174 327 165674 327 166174 327 166674 327 167174 327 167674 327 168174 327 168675 326 169174 327 169674 327 170174 327 170674 327 171174 327 171674 327 172174 327 172674 327 173174 327 173674 327 174173 328 174673 328 175173 328 175673 328 176173 328 176673 328 177173 328 177673 328 178174 327 178674 327 179174 327 179674 327 180174 327 180674 327 181174 327 181674 327 182174 327 182674 327 183174 327 183674 327 184173 328 184673 328 185173 328 185673 328 186173 328 186673 328 187173 328 187673 328 188173 327 188673 327 189173 326 189673 326 190173 326 190673 326 191173 325 191673 325 192173 325 192673 325 193173 325 193673 325 194173 325 194673 325 195173 325 195673 325 196173 325 196673 325 197173 325 197673 325 198173 325 198672 326 199173 325 199673 325 200173 325 200673 325 201173 325 201673 326 202173 326 202673 326 203173 326 203673 326 204173 326 204673 326 205173 326 205673 326 206173 326 206673 326 207173 325 207673 325 208173 325 208673 324 209173 324 209673 323 210173 323 210673 319 211173 318 211673 317 212173 315 212673 314 213173 312 213672 311 214172 309 214672 308 215172 307 215672 306 216172 305 216672 304 217172 302 217672 275 217951 3 217961 1 217963 11 218172 261 218437 5 218463 11 218671 262 218962 12
saint_bernard_129,74113 8 74486 13 74859 16 75232 19 75606 21 75980 23 76353 25 76727 26 77101 27 77474 29 77848 30 78221 32 78594 34 78967 36 79340 38 79713 41 80087 42 80460 44 80834 45 81207 47 81581 48 81954 50 82328 51 82701 53 83075 54 83448 56 83822 57 84196 58 84571 58 84945 59 85319 61 85694 61 86068 62 86442 63 86817 64 87191 65 87565 66 87939 67 88313 69 88687 70 89061 71 89436 71 89810 72 90185 73 90559 74 90933 75 91308 76 91682 78 92056 79 92429 81 92801 85 93174 87 93548 88 93922 89 94296 91 94670 92 95044 93 95419 93 95793 94 96167 94 96542 94 96916 94 97291 54 97353 31 97665 52 97741 17 98040 48 98121 6 98414 47 98789 45 99164 43 99539 42 99914 40 100289 38 100665 35 101040 34 101416 32 101791 30 102167 28 102544 25 102920 23 103296 21 103676 12
Egyptian_Mau_43,20373 16 20744 26 21117 31 21489 36 21863 41 22235 56 22608 64 22980 72 23352 83 23712 8 23723 92 24084 110 24457 120 24831 124 25204 128 25577 133 25746 5 25950 141 26114 17 26323 145 26486 24 26697 149 26858 29 27071 193 27445 195 27818 198 28192 200 28565 204 28938 207 29312 209 29686 211 30060 213 30433 216 30807 218 31181 220 31555 222 31930 223 32304 226 32679 227 33053 229 33428 230 33802 232 34177 233 34552 235 34926 237 35301 238 35676 239 36051 240 36427 240 36802 241 37177 241 37552 242 37926 244 38301 245 38676 246 39051 246 39426 247 39800 249 40175 250 40550 251 40924 253 41299 254 41674 254 42048 256 42423 257 42797 258 43172 259 43547 259 43921 261 44296 262 44671 263 45046 263 45421 264 45797 264 46172 265 46547 266 46922 266 47298 266 47673 267 48048 268 48424 267 48799 268 49174 269 49549 270 49925 270 50300 271 50675 271 51050 272 51425 273 51800 273 52176 272 52551 273 52927 272 53302 272 53678 272 54053 272 54428 273 54804 272 55179 272 55554 272 55929 272 56304 272 56679 272 56969 6 57054 272 57342 8 57358 6 57429 272 57716 11 57729 10 57805 271 58089 26 58180 271 58464 26 58555 273 58837 28 58931 273 59210 30 59306 309 59681 309 60056 309 60431 309 60806 309 61182 308 61557 308 61933 307 62313 302 62678 5 62690 1 62695 295 63033 9 63049 10 63071 294 63407 29 63450 291 63781 335 64155 336 64530 336 64904 337 65278 338 65652 339 66026 339 66399 341 66772 343 67145 345 67518 347 67890 350 68264 351 68638 351 69012 352 69387 352 69762 352 70136 353 70511 353 70885 353 71260 353 71634 353 72009 353 72383 353 72757 354 73132 353 73505 355 73880 354 74254 354 74629 354 75004 353 75378 354 75753 354 76128 353 76503 353 76878 353 77253 353 77627 354 78002 354 78377 354 78751 355 79126 355 79501 355 79876 355 80251 355 80626 355 81001 355 81376 355 81751 355 82126 355 82501 355 82876 355 83251 355 83626 355 84001 355 84376 355 84751 355 85126 355 85501 355 85876 355 86251 355 86626 355 87001 355 87376 355 87751 355 88126 355 88501 354 88876 354 89251 353 89626 353 90001 353 90376 352 90751 352 91126 62 91193 284 91501 46 91574 278 91876 41 91952 274 92251 37 92329 272 92626 34 92705 271 93001 32 93082 269 93376 30 93458 267 93751 28 93835 265 94126 26 94210 265 94502 23 94586 264 94878 21 94961 263 95253 19 95337 262 95629 16 95713 261 96005 13 96088 261 96386 5 96464 259 96839 259 97214 259 97589 258 97964 258 98340 257 98715 256 99090 256 99465 255 99840 255 100215 254 100590 254 100965 253 101340 253 101715 253 102090 252 102465 252 102840 251 103215 250 103590 250 103965 249 104340 249 104714 249 105089 249 105464 248 105839 248 106214 247 106589 246 106964 246 107339 245 107714 245 108089 244 108464 243 108840 242 109215 241 109590 240 109965 240 110340 240 110715 239 111090 239 111466 237 111841 237 112216 237 112591 236 112966 236 113341 235 113716 235 114091 235 114466 234 114841 234 115216 234 115591 233 115967 232 116342 231 116717 231 117092 230 117467 230 117842 230 118218 228 118593 228 118968 228 119343 227 119718 227 120093 227 120468 226 120843 226 121219 225 121594 225 121969 225 122344 225 122719 225 123095 223 123470 223 123845 223 124220 223 124596 222 124971 222 125346 221 125721 221 126096 221 126471 220 126846 220 127221 220 127597 218 127972 218 128347 218 128722 217 129097 217 129472 216 129847 215 130222 215 130597 214 130972 214 131347 213 131722 212 132097 212 132472 212 132847 211 133222 210 133597 210 133972 210 134347 210 134722 209 135097 209 135472 209 135847 209 136222 209 136597 209 136972 209 137348 208 137723 208 138098 208 138473 208 138848 208 139223 208 139598 208 139973 208 140349 207 140724 207 141099 207 141474 207 141849 207 142224 207 142599 207 142974 207 143349 208 143724 208 144099 208 144474 208 144849 208 145224 208 145600 207 145975 208 146350 208 146725 208 147100 208 147476 207 147851 207 148226 207 148601 208 148976 208 149352 207 149727 207 150102 208 150478 207 150853 208 151228 208 151603 208 151978 209 152354 208 152729 208 153104 208 153479 208 153854 209 154230 208 154605 208 154980 208 155356 207 155731 208 156106 208 156481 208 156856 208 157232 207 157607 208 157982 208 158357 208 158733 207 159108 208 159483 208 159858 208 160233 208 160609 207 160984 207 161359 207 161734 207 162109 207 162484 207 162859 207 163234 207 163610 206 163985 206 164360 206 164735 206 165110 206 165485 206 165860 205 166235 205 166610 205 166986 204 167361 203 167736 203 168111 203 168486 203 168861 202 169237 201 169612 200 169987 200 170362 200 170737 200 171112 199 171487 199 171862 198 172237 198 172612 198 172987 198 173363 197 173738 197 174113 197 174488 196 174863 196 175238 195 175614 194 175989 193 176364 193 176739 194 177114 195 177489 195 177864 196 178239 196 178614 196 178989 196 179364 197 179740 196 180115 196 180490 197 180866 196 181241 197 181616 197 181992 196 182367 196 182742 197 183117 197 183492 197 183868 196 184243 196 184618 196 184993 196 185368 195 185743 195 186119 193 186494 193 186869 192 187244 166 187413 23
Russian_Blue_128,6476 11 6974 15 7471 23 7970 26 8468 29 8965 32 9463 34 9961 37 10460 38 10958 41 11456 43 11955 46 12453 48 12951 50 13449 52 13947 54 14446 55 14945 56 15444 57 15943 58 16441 60 16940 61 17439 62 17938 63 18437 64 18937 64 19436 65 19935 66 20434 67 20934 67 21433 68 21932 69 22431 70 22931 70 23430 71 23929 72 24428 73 24928 73 25427 74 25926 75 26425 76 26924 77 27424 77 27923 78 28422 79 28921 80 29421 80 29920 81 30419 82 30919 82 31418 83 31918 83 32417 84 32917 84 33416 85 33915 86 34415 86 34914 87 35414 87 35913 88 36412 89 36912 89 37412 89 37911 90 38410 91 38910 91 39409 92 39909 92 40408 93 40908 93 41408 93 41908 93 42407 94 42907 94 43407 94 43906 95 44406 95 44906 95 45406 95 45905 96 46405 96 46905 96 47405 96 47905 96 48405 96 48904 97 49404 97 49904 97 50404 97 50903 98 51403 98 51902 99 52402 99 52901 100 53401 100 53901 100 54400 101 54900 101 55401 100 55901 100 56402 99 56903 98 57404 97 57906 95 58407 94 58908 93 59224 24 59408 93 59720 32 59909 92 60217 39 60409 92 60714 44 60909 92 61040 7 61211 50 61409 92 61537 15 61709 55 61908 93 62036 20 62206 60 62407 94 62536 23 62704 64 62906 95 63036 26 63201 70 63405 96 63535 30 63699 74 63903 98 64036 32 64197 79 64402 99 64536 34 64694 85 64901 100 65036 37 65192 90 65400 101 65536 40 65690 94 65899 102 66037 43 66188 99 66398 103 66537 46 66686 104 66896 105 67038 49 67183 110 67395 106 67539 54 67680 117 67893 108 68039 60 68176 125 68391 110 68540 65 68672 134 68889 112 69041 89 69168 140 69387 114 69542 98 69662 148 69884 117 70043 269 70382 119 70544 269 70880 121 71045 269 71377 124 71545 270 71875 126 72047 269 72373 128 72548 269 72870 131 73049 269 73367 134 73550 269 73865 136 74051 269 74363 138 74553 268 74861 140 75054 268 75359 142 75555 268 75857 144 76056 269 76354 147 76557 269 76851 150 77059 269 77347 154 77560 271 77842 159 78061 440 78562 439 79063 438 79565 436 80066 435 80567 434 81068 433 81570 431 82071 430 82572 429 83074 427 83575 426 84076 425 84578 423 85080 421 85581 420 86083 418 86584 417 87086 415 87588 413 88089 412 88590 411 89092 409 89593 408 90094 407 90595 406 91096 405 91598 403 92099 402 92600 401 93101 400 93602 399 94102 399 94603 398 95104 397 95605 396 96106 395 96606 395 97107 394 97608 393 98109 392 98609 392 99110 391 99611 390 100112 389 100612 389 101113 388 101613 388 102114 387 102615 386 103115 386 103616 385 104116 385 104617 384 105117 384 105618 383 106118 383 106619 382 107119 382 107620 381 108120 381 108621 380 109121 380 109621 380 110121 380 110622 379 111122 379 111622 379 112123 378 112623 378 113123 378 113623 378 114123 378 114623 378 115124 377 115624 377 116124 377 116624 377 117124 377 117624 377 118123 378 118623 378 119123 378 119623 378 120123 378 120623 378 121123 378 121623 378 122122 379 122622 379 123122 379 123622 379 124122 379 124622 379 125122 379 125622 379 126121 380 126621 380 127121 380 127621 380 128120 381 128620 381 129120 381 129620 381 130119 382 130619 382 131119 382 131618 383 132118 383 132618 383 133117 384 133617 384 134116 385 134615 386 135114 387 135614 387 136113 388 136612 389 137111 390 137610 391 138109 392 138608 393 139107 394 139606 395 140104 397 140603 398 141102 399 141600 401 142099 402 142598 403 143096 405 143594 407 144092 409 144590 411 145088 413 145586 415 146084 417 146582 419 147079 422 147577 424 148076 425 148574 427 149071 430 149569 432 150068 433 150566 435 151064 437 151563 438 152061 440 152559 442 153058 443 153556 445 154054 447 154553 448 155051 450 155550 451 156049 452 156547 454 157046 455 157544 457 158043 458 158542 459 159041 460 159540 461 160039 462 160538 463 161037 464 161536 465 162035 466 162535 466 163034 467 163533 468 164033 468 164532 469 165032 469 165532 469 166032 469 166531 470 167031 470 167531 470 168031 470 168532 469 169032 469 169532 469 170032 469 170533 468 171034 467 171534 467 172035 466 172536 465 173037 464 173538 463 174040 461 174541 460 175043 458 175545 456 176047 454 176550 451 177053 448 177556 445 178060 441 178565 436 179069 432 179572 429 180076 425 180579 422 181082 419 181585 416 182088 413 182591 410 183095 406 183603 398 184111 390 184613 388 185114 387 185615 386 186116 385 186617 384 187118 382
Siamese_108,56007 13 56058 17 56383 20 56433 24 56760 30 56806 36 57138 85 57516 119 57895 123 58274 124 58653 126 59032 129 59411 132 59791 148 60170 151 60414 6 60549 152 60791 8 60930 152 61169 10 61309 153 61547 12 61689 153 61925 13 62069 152 62303 15 62448 153 62681 16 62827 154 63059 17 63207 153 63437 18 63586 154 63815 19 63965 155 64192 22 64344 156 64570 22 64723 157 64948 23 65102 158 65326 24 65480 160 65703 26 65859 160 66081 26 66237 161 66459 27 66616 161 66836 29 66994 162 67214 29 67372 163 67592 30 67750 164 67969 31 68129 163 68347 31 68507 164 68725 32 68885 165 69102 33 69263 165 69480 33 69641 166 69857 35 70020 166 70235 35 70398 168 70612 36 70776 169 70989 37 71154 172 71366 39 71532 176 71742 41 71910 201 72114 47 72288 251 72666 251 73044 251 73422 251 73800 252 74178 252 74556 252 74934 252 75312 252 75690 252 76068 252 76446 252 76824 252 77202 252 77580 252 77958 252 78336 252 78714 252 79092 237 79330 14 79470 233 79711 11 79848 230 80091 9 80226 229 80470 8 80604 227 80848 7 80982 225 81227 6 81359 225 81605 6 81737 224 81984 5 82115 223 82362 5 82493 222 82740 5 82871 221 83119 4 83249 220 83497 3 83627 219 83876 2 84005 219 84383 218 84760 218 85138 218 85516 217 85893 217 86271 217 86649 216 87026 216 87404 215 87781 216 88159 215 88536 215 88914 215 89291 28 89331 176 89669 22 89712 173 90046 13 90093 170 90424 10 90473 169 90803 4 90852 170 91232 174 91610 180 91989 181 92368 182 92746 183 93125 183 93503 184 93881 185 94259 187 94637 188 95015 189 95394 189 95772 190 96150 190 96528 190 96906 191 97283 192 97661 192 98039 193 98417 193 98795 193 99173 193 99551 194 99929 194 100306 195 100684 195 101062 195 101440 195 101818 195 102196 195 102574 196 102952 196 103329 197 103707 197 104085 198 104463 198 104841 199 105220 199 105598 200 105976 200 106354 201 106732 201 107110 202 107488 202 107866 202 108244 202 108623 201 109001 201 109379 201 109757 201 110135 200 110514 199 110892 199 111270 199 111648 199 112026 199 112405 197 112783 197 113161 197 113540 196 113918 195 114296 195 114675 194 115053 194 115432 192 115810 192 116189 191 116567 191 116946 189 117324 189 117703 188 118081 187 118460 186 118839 184 119218 183 119596 182 119975 181 120354 179 120733 177 121111 177 121490 175 121869 174 122248 172 122627 170 123006 168 123385 167 123764 165 124143 163 124522 162 124902 159 125281 157 125660 155 126040 152 126420 149 126799 146 127179 143 127558 141 127938 138 128318 135 128697 132 129077 129 129457 125 129836 123 130217 118 130597 115 130976 112 131357 107 131738 101 132118 97 132502 85 132883 71 133266 59 133654 41 134049 19
Sphynx_162,46750 7 47101 9 47452 10 47803 12 48154 14 48505 15 48856 17 49208 18 49559 20 49910 21 50262 21 50613 23 50965 23 51316 24 51668 23 52019 24 52371 24 52722 24 53073 25 53425 24 53776 25 54128 24 54479 25 54830 26 55182 25 55533 26 55885 25 56236 26 56587 27 56938 28 57289 29 57640 30 57991 30 58342 31 58693 32 59044 33 59394 35 59745 37 60096 38 60447 40 60797 42 61148 43 61499 45 61849 47 62200 49 62550 52 62901 53 63251 56 63602 58 63952 61 64303 63 64653 66 65003 69 65353 71 65703 74 66052 78 66401 82 66608 2 66750 85 66959 2 67097 91 67309 3 67443 98 67660 3 67791 103 68010 5 68138 110 68361 5 68486 116 68711 6 68836 119 69062 6 69186 122 69412 8 69537 123 69763 8 69889 123 70113 9 70243 122 70464 9 70597 120 70814 10 70955 113 71165 11 71312 17 71335 85 71515 12 71667 7 71689 83 71866 12 72046 78 72216 14 72402 73 72566 15 72754 73 72917 15 73106 72 73267 17 73458 72 73617 18 73809 72 73968 19 74161 71 74318 20 74513 71 74668 21 74865 70 75018 22 75216 71 75368 24 75568 70 75718 25 75919 70 76068 26 76270 71 76417 28 76622 70 76766 30 76973 71 77115 32 77324 71 77463 36 77675 72 77810 40 78027 71 78159 42 78378 72 78507 45 78729 72 78856 47 79081 72 79203 51 79432 73 79551 54 79783 74 79899 57 80134 75 80247 60 80486 75 80596 62 80837 76 80945 64 81188 79 81293 67 81540 79 81643 68 81891 83 81991 71 82242 87 82337 76 82594 170 82945 170 83297 168 83648 168 83999 168 84351 166 84702 166 85053 166 85405 165 85756 166 86107 166 86459 165 86810 165 87161 165 87512 165 87864 164 88215 164 88566 165 88917 165 89268 165 89619 165 89970 166 90321 166 90672 166 91023 166 91374 166 91725 166 92076 166 92427 166 92778 158 92938 5 93129 156 93291 2 93480 156 93831 155 94182 154 94533 152 94884 151 95235 151 95586 150 95937 150 96288 149 96639 149 96990 149 97341 148 97693 146 98044 146 98395 146 98746 145 99097 145 99448 144 99799 144 100150 144 100501 143 100852 143 101204 141 101555 141 101906 140 102257 140 102609 136 102960 134 103311 132 103663 128 104014 125 104366 118 104718 114 105069 112 105421 109 105773 107 106125 77 106215 14 106477 69 106573 3 106829 65 107181 62 107533 60 107885 58 108238 54 108590 52 108942 50 109295 46 109648 35 110001 30 110354 27 110707 23 111061 19 111416 14 111769 11 112125 3
saint_bernard_166,208 27 537 27 866 27 1195 27 1524 27 1853 27 2181 28 2510 29 2839 29 3168 29 3497 30 3826 30 4155 30 4484 30 4813 30 5141 32 5470 32 5799 32 6128 31 6457 31 6786 31 7114 32 7443 32 7772 32 8101 32 8430 32 8759 31 9088 31 9417 31 9746 31 10075 31 10403 32 10732 32 11061 32 11390 31 11719 31 12047 32 12376 32 12705 32 13034 32 13363 32 13692 32 14021 32 14350 31 14679 31 15008 31 15336 32 15665 32 15994 32 16323 32 16652 32 16981 32 17310 33 17639 33 17968 33 18297 33 18626 33 18955 33 19284 32 19613 32 19942 32 20271 32 20600 32 20929 32 21258 31 21587 31 21916 31 22245 31 22574 30 22903 30 23232 30 23561 30 23890 30 24218 31 24547 31 24876 31 25205 31 25533 32 25862 32 26191 32 26519 34 26848 34 27176 35 27504 36 27832 37 28160 38 28488 39 28817 39 29145 40 29473 41 29801 42 30129 43 30457 43 30785 44 31113 45 31441 45 31769 46 32097 46 32425 46 32753 47 33081 47 33408 48 33736 49 34065 48 34393 48 34721 49 35049 49 35377 50 35706 50 36034 52 36362 53 36691 53 37019 55 37347 56 37675 58 38003 59 38330 62 38658 63 38986 64 39313 66 39641 66 39969 67 40296 69 40624 70 40952 71 41280 72 41608 73 41937 73 42265 74 42594 74 42922 75 43250 77 43579 78 43907 79 44005 8 44236 80 44332 11 44564 82 44659 14 44893 83 44986 16 45221 87 45311 21 45549 112 45878 112 46207 112 46535 113 46864 113 47192 114 47521 114 47849 114 48178 114 48507 114 48835 115 49164 114 49492 115 49821 115 50149 115 50478 115 50807 114 51135 115 51464 113 51793 112 52121 112 52450 110 52778 110 53107 109 53435 109 53764 108 54092 108 54421 107 54750 106 55078 106 55407 105 55736 104 56064 105 56393 104 56722 103 57051 103 57380 102 57708 103 58037 102 58366 102 58695 102 59024 102 59353 102 59682 102 60011 102 60339 102 60668 102 60997 102 61326 103 61655 102 61984 102 62313 102 62642 103 62970 104 63299 104 63628 104 63957 104 64286 104 64614 105 64943 105 65272 105 65601 105 65929 106 66258 106 66587 106 66916 106 67244 107 67573 107 67902 107 68230 108 68559 108 68887 109 69216 109 69544 110 69872 110 70201 110 70529 112 70857 113 71185 114 71514 114 71842 115 72170 116 72498 117 72826 118 73155 118 73483 119 73811 120 74139 121 74468 121 74796 122 75124 123 75452 124 75781 124 76109 125 76437 126 76765 127 77094 127 77422 127 77751 127 78079 128 78408 128 78737 128 79065 129 79394 129 79722 130 80051 130 80380 131 80708 132 81037 132 81366 133 81695 133 82023 135 82352 136 82681 136 83010 137 83339 138 83668 139 83997 139 84326 140 84655 140 84984 140 85313 140 85642 139 85971 138 86300 136 86629 134 86958 133 87287 132 87616 131 87946 129 88275 129 88604 128 88933 128 89262 128 89591 128 89920 128 90250 127 90579 127 90908 127 91237 127 91566 127 91895 127 92224 127 92553 127 92882 128 93211 128 93541 127 93870 127 94199 127 94528 128 94857 128 95186 129 95515 129 95844 129 96172 131 96501 131 96831 131 97159 133 97488 133 97817 134 98146 135 98475 136 98804 136 99133 137 99462 139 99791 142 100120 175 100449 194 100778 198 101107 198 101436 199 101764 200 102093 201 102422 201 102751 201 103080 201 103409 200 103737 201 104066 200 104395 199 104724 198 105053 196 105382 195 105711 193 106040 192 106369 191 106698 189 107027 188 107357 185 107686 181 108016 173 108346 170 108675 168 109005 165 109335 162 109665 159 109995 156 110325 153 110655 149 110985 147 111315 143 111645 133 111975 130 112305 127 112635 124 112964 123 113295 119 113625 118 113955 116 114285 114 114615 113 114945 111 115276 109 115607 106 115937 105 116269 102 116599 101 116930 99 117261 96 117591 95 117922 93 118252 92 118582 91 118913 89 119244 87 119574 86 119904 85 120235 83 120565 82 120896 80 121226 79 121557 76 121890 7 121918 44 122251 40 122583 37 122914 35 123245 33 123575 32 123906 30 124237 28 124569 25 124899 24 125229 23 125559 23 125889 22 126219 21 126550 19 126880 18 127210 17 127541 15 127871 14 128201 13 128531 11 128861 10 129190 10 129520 8 129850 7 130179 6 130509 4
Bengal_102,46547 6 46609 1 47045 9 47078 41 47544 11 47577 47 48044 12 48077 49 48544 12 48576 54 49044 13 49076 57 49544 13 49576 59 50044 13 50077 60 50545 12 50577 63 51045 13 51077 66 51546 12 51577 68 52047 11 52077 70 52548 10 52577 71 53049 9 53077 71 53550 8 53576 73 54051 6 54076 73 54576 73 55076 73 55576 74 56075 75 56575 75 57075 76 57575 76 58075 76 58575 77 59075 77 59574 79 60074 79 60573 81 61073 81 61573 82 62072 84 62571 85 63071 86 63570 87 64069 89 64567 92 65066 93 65564 97 66061 101 66558 105 67053 112 67547 119 68041 127 68538 132 68691 4 68700 15 69035 139 69187 34 69534 191 70032 200 70431 2 70531 204 70930 3 71031 208 71429 4 71530 213 71928 5 72030 217 72427 7 72530 224 72926 7 73030 231 73425 8 73530 234 73924 9 74030 244 74423 10 74531 247 74921 11 75031 257 75419 13 75532 265 75917 15 76032 271 76415 16 76533 272 76911 20 77034 273 77409 22 77535 277 77836 41 77894 36 78036 149 78189 125 78332 98 78537 147 78690 125 78830 99 79039 145 79191 124 79325 104 79540 144 79691 125 79825 104 80042 141 80191 125 80325 103 80543 140 80692 124 80825 103 81045 138 81192 124 81326 101 81547 136 81692 124 81830 96 82049 134 82192 124 82332 94 82552 131 82692 124 82832 93 83054 129 83192 123 83334 90 83556 127 83691 123 83840 83 84059 124 84191 122 84342 80 84561 122 84691 122 84844 77 85063 120 85191 122 85346 74 85565 118 85690 123 85846 73 86066 118 86190 122 86347 71 86568 115 86690 122 86846 71 87070 113 87190 123 87346 70 87572 111 87690 123 87846 70 88074 109 88190 123 88345 70 88576 106 88690 123 88845 70 89078 104 89190 123 89345 69 89581 101 89689 125 89831 1 89845 69 90084 98 90189 125 90344 70 90588 94 90689 125 90844 71 91091 90 91189 126 91343 72 91594 87 91689 127 91843 72 92097 84 92188 128 92323 1 92342 74 92599 81 92688 129 92821 5 92834 5 92840 76 93101 79 93188 139 93330 86 93604 76 93687 229 94106 73 94187 230 94608 71 94686 231 95110 64 95176 3 95186 231 95612 61 95676 2 95685 232 96114 59 96184 233 96617 56 96683 235 97121 53 97182 236 97623 52 97680 238 98126 292 98629 289 99132 286 99635 283 100137 281 100640 278 101142 275 101644 273 102146 272 102648 271 103150 270 103651 270 104153 269 104654 269 105155 268 105656 268 106157 267 106658 266 107158 266 107659 265 108159 266 108660 264 109161 264 109662 263 110164 261 110666 259 111167 258 111668 257 112170 255 112671 254 113173 252 113674 252 114176 250 114678 248 115179 247 115681 245 116182 244 116684 242 117188 238 117691 235 118196 230 118700 226 119203 222 119705 220 120207 218 120709 216 121211 213 121712 212 122213 210 122714 209 123215 207 123716 205 124218 202 124719 200 125220 198 125721 196 126222 195 126723 193 127225 191 127726 189 128228 187 128730 185 129231 184 129733 182 130235 180 130738 178 131240 176 131742 174 132244 172 132746 170 133248 168 133749 167 134252 164 134754 162 135257 159 135759 157 136261 156 136764 153 137268 150 137771 147 138276 143 138781 138 139286 133 139790 130 140294 126 140798 122 141302 118 141807 113 142311 110 142815 107 143319 104 143822 102 144323 101 144825 99 145326 99 145828 97 146329 96 146830 94 147331 92 147832 90 148333 87 148834 84 149335 81 149836 78 150337 74 150838 70 151340 66 151842 62 152345 55 152853 44 153378 13
British_Shorthair_258,17907 2 18130 5 18353 8 18577 11 18592 5 18800 24 19024 25 19248 27 19472 28 19696 29 19920 30 20144 31 20368 33 20593 33 20817 34 21041 35 21265 36 21490 36 21714 37 21937 40 22161 41 22385 42 22608 44 22831 46 23053 49 23275 52 23498 55 23721 57 23944 59 24167 61 24389 64 24612 66 24835 68 25058 70 25280 73 25502 76 25724 79 25946 82 26169 84 26393 85 26616 86 26802 4 26840 87 27028 6 27063 87 27253 9 27287 87 27479 10 27511 86 27704 12 27735 86 27930 14 27958 86 28156 16 28181 85 28381 106 28607 103 28832 100 29058 97 29283 96 29509 94 29734 93 29960 92 30185 92 30410 91 30635 91 30861 90 31086 90 31311 91 31536 91 31761 91 31986 92 32212 92 32437 92 32662 94 32887 96 33112 97 33337 98 33562 99 33787 99 34012 99 34237 99 34462 99 34687 99 34911 100 35136 100 35361 99 35586 99 35811 98 36037 97 36262 96 36487 95 36712 95 36937 94 37162 94 37387 93 37612 93 37837 92 38062 92 38287 92 38512 92 38737 93 38962 93 39187 93 39412 94 39637 94 39862 95 40087 96 40312 96 40537 97 40763 97 40988 98 41213 98 41438 98 41663 99 41888 99 42114 98 42339 98 42564 99 42789 98 43015 96 43240 94 43465 92 43690 91 43916 88 44141 88 44366 87 44591 86 44816 86 45041 85 45266 84 45491 83 45716 82 45940 82 46165 82 46390 80 46614 81 46839 80 47063 80 47288 79 47512 79 47737 78 47961 77 48185 76 48409 75 48634 73 48858 71 49082 32 49121 31 49306 29 49350 23 49530 28 49577 18 49755 24 49805 12 49979 23 50032 8 50203 21 50428 19 50652 17 50877 16 51101 15 51326 13 51552 10 51777 8 52004 3
miniature_pinscher_133,104 103 327 107 551 109 775 111 999 113 1223 114 1447 115 1672 115 1896 115 2121 115 2345 116 2570 115 2794 115 3019 115 3243 116 3468 115 3692 115 3917 115 4141 115 4366 115 4590 115 4815 115 5040 114 5264 115 5489 115 5713 116 5938 115 6163 115 6388 114 6612 114 6837 114 7062 113 7287 113 7511 113 7736 113 7961 112 8185 113 8410 112 8635 111 8859 112 9084 111 9309 111 9533 111 9758 110 9983 110 10208 109 10432 110 10657 109 10882 109 11107 108 11331 109 11556 109 11781 109 12006 109 12231 108 12455 109 12680 109 12905 108 13130 108 13354 109 13579 108 13804 108 14029 107 14253 108 14478 108 14703 107 14928 107 15153 106 15280 1 15377 107 15504 2 15602 107 15730 2 15827 106 15955 2 16052 106 16180 2 16277 106 16405 2 16502 106 16630 2 16727 106 16856 1 16952 106 17081 1 17177 106 17306 1 17401 107 17531 1 17626 107 17851 107 18076 107 18301 107 18527 106 18752 106 18977 107 19202 107 19427 107 19652 107 19877 108 20102 108 20327 108 20552 109 20778 108 21003 109 21228 109 21453 110 21678 110 21904 109 22129 110 22354 110 22579 111 22804 111 23030 111 23255 111 23480 112 23705 112 23930 113 24155 114 24381 113 24606 114 24831 114 25056 115 25281 116 25506 117 25731 117 25957 118 26182 119 26407 120 26632 122 26857 123 27082 124 27307 124 27532 125 27757 125 27982 125 28207 126 28432 126 28657 126 28883 125 29108 125 29333 126 29558 126 29783 126 30008 126 30233 126 30459 125 30616 4 30684 125 30841 6 30909 125 31066 8 31134 125 31292 9 31359 125 31518 11 31584 125 31743 15 31809 125 31969 19 32034 125 32195 25 32259 125 32421 29 32484 125 32647 32 32708 127 32873 35 32933 127 33099 40 33157 128 33325 42 33380 130 33551 44 33602 133 33778 182 34004 181 34231 179 34458 177 34685 174 34912 172 35138 171 35364 170 35590 169 35816 168 36042 167 36267 167 36492 167 36718 166 36943 166 37168 166 37393 166 37618 166 37843 165 38068 165 38292 166 38517 166 38742 166 38967 166 39192 165 39417 165 39642 165 39867 165 40092 165 40317 165 40542 165 40766 165 40991 165 41216 165 41441 165 41666 165 41891 165 42116 165 42341 165 42566 165 42791 164 43016 164 43241 164 43466 164 43691 164 43916 164 44141 164 44366 112 44481 49 44591 111 44709 46 44816 110 44936 44 45041 109 45163 42 45266 109 45392 38 45491 108 45618 37 45716 108 45844 36 45941 108 46069 36 46166 107 46294 36 46391 106 46519 36 46615 106 46744 36 46840 105 46968 37 47065 103 47193 37 47289 103 47417 38 47514 102 47641 38 47738 102 47865 23 47891 13 47962 102 48086 25 48119 8 48181 2 48186 103 48307 28 48400 113 48528 31 48621 117 48749 35 48844 90 48946 16 48972 36 49067 88 49176 11 49195 38 49290 88 49404 8 49420 38 49514 86 49634 3 49644 39 49739 83 49868 40 49965 21 50004 40 50092 41 50193 5 50232 29 50316 42 50471 6 50542 42 50769 6 50779 30 51010 25 51238 22 51466 20 51692 19 51918 19 52144 19 52370 18 52595 19 52821 19 53047 18 53273 18 53500 17 53726 17 53952 16 54178 16 54404 16 54630 15 54856 15 55082 15 55308 15 55534 14 55761 13 55987 13 56213 12 56439 12 56665 12 56891 12 57117 12 57343 13 57569 13 57795 13 58021 14 58247 14 58472 16 58698 16 58924 16 59150 17 59376 17 59603 16 59830 15 60058 13 60285 11 60513 8 60740 6 60967 3
